4899 10320 28687
28687 4899 10320
10320 4899 28687
28471 8555 18018
8555 18018 28471
18018 8555 28471
12454 3047 18109
3047 12454 18109
18109 3047 12454
14314 5898 8757
5898 8757 14314
8757 5898 14314
23766 4839 14069
4839 14069 23766
14069 4839 23766
6063 6132 21790
6132 6063 21790
21790 6063 6132
28576 14700 25651
25651 14700 28576
14700 25651 28576
19975 3953 19318
19318 3953 19975
3953 19318 19975
7486 3840 13281
3840 7486 13281
13281 3840 7486
24858 22263 29823
29823 22263 24858
22263 24858 29823
6236 19008 19840
19840 6236 19008
19008 6236 19840
6027 15505 26002
15505 6027 26002
26002 6027 15505
8342 14690 26190
26190 8342 14690
14690 8342 26190
21355 6508 23420
23420 6508 21355
6508 21355 23420
28267 5531 11015
5531 11015 28267
11015 5531 28267
10047 14934 23573
14934 10047 23573
23573 10047 14934
2774 6398 26633
26633 2774 6398
6398 2774 26633
6668 19466 27853
27853 6668 19466
19466 6668 27853
9830 29020 29440
29440 9830 29020
29020 9830 29440
11478 9633 24397
9633 11478 24397
24397 9633 11478
16413 7276 8278
7276 8278 16413
8278 7276 16413
27258 1042 17580
1042 17580 27258
17580 1042 27258
1620 9577 23722
23722 1620 9577
9577 1620 23722
23545 12841 19096
19096 12841 23545
12841 19096 23545
1602 852 29299
29299 852 1602
852 1602 29299
27667 157 8988
8988 157 27667
157 8988 27667
5071 6128 15434
6128 5071 15434
15434 5071 6128
23622 17377 18069
18069 17377 23622
17377 18069 23622
20038 3104 7284
7284 3104 20038
3104 7284 20038
18685 5995 25984
25984 5995 18685
5995 18685 25984
24211 18357 24715
24715 18357 24211
18357 24211 24715
15934 7350 23816
7350 15934 23816
23816 7350 15934
18528 20717 21469
20717 18528 21469
21469 18528 20717
5223 12959 29611
29611 5223 12959
12959 5223 29611
12992 14215 24474
14215 12992 24474
24474 12992 14215
26085 13662 24300
13662 24300 26085
24300 13662 26085
8267 580 12577
12577 580 8267
580 8267 12577
29677 13237 24914
13237 24914 29677
24914 13237 29677
12912 2042 28105
28105 2042 12912
2042 12912 28105
25726 3565 13091
3565 13091 25726
13091 3565 25726
14359 6999 18509
18509 6999 14359
6999 14359 18509
8970 11047 20388
11047 8970 20388
20388 8970 11047
3536 23285 29197
23285 3536 29197
29197 3536 23285
22877 2573 10136
2573 10136 22877
10136 2573 22877
29338 12936 17714
12936 17714 29338
17714 12936 29338
6215 5581 21720
21720 5581 6215
5581 6215 21720
6417 18780 29191
18780 6417 29191
29191 6417 18780
6525 7059 28718
28718 6525 7059
7059 6525 28718
24695 25 21897
25 21897 24695
21897 25 24695
584 4893 26845
4893 584 26845
26845 584 4893
19902 4685 28302
4685 19902 28302
28302 4685 19902
24780 9174 14049
9174 14049 24780
14049 9174 24780
18587 18992 22383
22383 18587 18992
18992 18587 22383
21175 5527 23745
23745 5527 21175
5527 21175 23745
4054 5635 11397
11397 4054 5635
5635 4054 11397
10021 10468 27086
27086 10021 10468
10468 10021 27086
560 14015 23563
23563 560 14015
14015 560 23563
19708 8820 22407
8820 19708 22407
22407 8820 19708
15949 14243 17334
17334 14243 15949
14243 15949 17334
7721 4228 22990
22990 4228 7721
4228 7721 22990
3785 5413 25521
5413 3785 25521
25521 3785 5413
13307 10088 13168
13168 10088 13307
10088 13168 13307
12330 4348 19239
19239 4348 12330
4348 12330 19239
21540 13058 24678
24678 13058 21540
13058 21540 24678
14375 10768 15655
10768 14375 15655
15655 10768 14375
5925 23176 29327
23176 5925 29327
29327 5925 23176
14101 17833 24677
24677 14101 17833
17833 14101 24677
21374 12668 28744
12668 21374 28744
28744 12668 21374
26836 21537 22186
21537 22186 26836
22186 21537 26836
28086 12763 26180
12763 26180 28086
26180 12763 28086
8338 23319 28745
23319 8338 28745
28745 8338 23319
168 3486 19924
19924 168 3486
3486 168 19924
21696 5666 10251
5666 10251 21696
10251 5666 21696
25168 19039 21893
21893 19039 25168
19039 21893 25168
24151 3623 15738
15738 3623 24151
3623 15738 24151
14095 3538 4245
4245 3538 14095
3538 4245 14095
3102 23653 24875
23653 3102 24875
24875 3102 23653
8253 2253 22917
22917 2253 8253
2253 8253 22917
7985 3981 20973
20973 3981 7985
3981 7985 20973
20977 16879 20869
16879 20869 20977
20869 16879 20977
12990 4624 24560
24560 4624 12990
4624 12990 24560
24289 8640 25448
8640 24289 25448
25448 8640 24289
19171 6959 27309
27309 6959 19171
6959 19171 27309
21557 9784 21443
21443 9784 21557
9784 21443 21557
25125 4058 27107
4058 25125 27107
27107 4058 25125
19266 25016 28525
28525 19266 25016
25016 19266 28525
20653 8329 18564
8329 18564 20653
18564 8329 20653
4201 7530 26521
7530 4201 26521
26521 4201 7530
18169 15783 21835
15783 18169 21835
21835 15783 18169
1394 8020 25931
25931 1394 8020
8020 1394 25931
862 19066 29854
29854 862 19066
19066 862 29854
15393 12500 23711
23711 12500 15393
12500 15393 23711
28977 4742 17218
17218 4742 28977
4742 17218 28977
547 583 5073
583 547 5073
5073 547 583
7539 7452 11317
11317 7452 7539
7452 7539 11317
19903 4304 29526
29526 4304 19903
4304 19903 29526
12466 11897 29876
29876 11897 12466
11897 12466 29876
10867 2288 25871
25871 2288 10867
2288 10867 25871
22083 5786 24121
24121 5786 22083
5786 22083 24121
15008 4911 11640
11640 4911 15008
4911 11640 15008
13655 9436 22459
22459 9436 13655
9436 13655 22459
25822 3516 14658
14658 3516 25822
3516 14658 25822
8659 5515 7413
5515 7413 8659
7413 5515 8659
9829 7728 15485
15485 7728 9829
7728 9829 15485
17901 26019 26326
26019 17901 26326
26326 17901 26019
8162 11034 16092
11034 8162 16092
16092 8162 11034
4387 21221 28832
21221 4387 28832
28832 4387 21221
2803 9169 27800
9169 2803 27800
27800 2803 9169
3415 593 4730
593 3415 4730
4730 593 3415
15026 3383 5886
5886 3383 15026
3383 5886 15026
19370 21718 27138
27138 19370 21718
21718 19370 27138
18921 7992 23327
23327 7992 18921
7992 18921 23327
16517 9673 26315
9673 16517 26315
26315 9673 16517
19195 894 15222
894 15222 19195
15222 894 19195
22009 2988 10199
2988 10199 22009
10199 2988 22009
8534 4595 14569
4595 8534 14569
14569 4595 8534
1500 12971 22202
22202 1500 12971
12971 1500 22202
14456 2056 3768
2056 3768 14456
3768 2056 14456
17373 18054 27268
18054 17373 27268
27268 17373 18054
29645 9407 12305
9407 12305 29645
12305 9407 29645
17560 1881 19553
1881 17560 19553
19553 1881 17560
29943 22374 23250
23250 22374 29943
22374 23250 29943
13491 755 7161
755 7161 13491
7161 755 13491
21229 9510 26861
9510 21229 26861
26861 9510 21229
11884 7627 27920
27920 7627 11884
7627 11884 27920
7748 1354 13189
1354 7748 13189
13189 1354 7748
28237 4601 11163
4601 11163 28237
11163 4601 28237
6313 11167 27765
11167 6313 27765
27765 6313 11167
28585 16826 27724
27724 16826 28585
16826 27724 28585
17757 8456 13696
13696 8456 17757
8456 13696 17757
17168 6501 21732
6501 17168 21732
21732 6501 17168
27938 2215 8166
2215 8166 27938
8166 2215 27938
17059 13074 24906
13074 17059 24906
24906 13074 17059
10732 1260 21362
21362 1260 10732
1260 10732 21362
26856 9356 11826
11826 9356 26856
9356 11826 26856
8262 12937 26736
26736 8262 12937
12937 8262 26736
19173 7029 12140
7029 12140 19173
12140 7029 19173
7800 21367 24405
21367 7800 24405
24405 7800 21367
18610 10268 15469
15469 10268 18610
10268 15469 18610
13371 3057 8582
3057 8582 13371
8582 3057 13371
14816 13883 23181
13883 14816 23181
23181 13883 14816
3323 8283 8557
8283 3323 8557
8557 3323 8283
29026 4977 20763
20763 4977 29026
4977 20763 29026
12985 9481 10079
9481 10079 12985
10079 9481 12985
14123 12544 15933
15933 12544 14123
12544 14123 15933
23609 20149 26585
26585 20149 23609
20149 23609 26585
17216 4312 19168
4312 17216 19168
19168 4312 17216
3673 25315 27000
27000 3673 25315
25315 3673 27000
26191 7971 14981
14981 7971 26191
7971 14981 26191
903 3629 23728
3629 903 23728
23728 903 3629
4253 3118 28045
3118 4253 28045
28045 3118 4253
27582 10163 23759
23759 10163 27582
10163 23759 27582
12652 2850 15874
15874 2850 12652
2850 12652 15874
19872 3857 21560
21560 3857 19872
3857 19872 21560
6755 6896 17378
6896 6755 17378
17378 6755 6896
14497 1696 10447
1696 10447 14497
10447 1696 14497
28815 23457 24848
24848 23457 28815
23457 24848 28815
16003 9112 29185
29185 9112 16003
9112 16003 29185
20963 6673 10426
6673 10426 20963
10426 6673 20963
8216 18218 18794
18794 8216 18218
18218 8216 18794
18639 2948 4489
2948 4489 18639
4489 2948 18639
2061 2918 17038
17038 2061 2918
2918 2061 17038
26051 19428 26734
26734 19428 26051
19428 26051 26734
3169 5917 28673
28673 3169 5917
5917 3169 28673
19357 15945 17615
15945 17615 19357
17615 15945 19357
9613 2474 10543
2474 9613 10543
10543 2474 9613
15480 16796 26456
26456 15480 16796
16796 15480 26456
21997 12620 24362
24362 12620 21997
12620 21997 24362
28510 9904 12002
12002 9904 28510
9904 12002 28510
998 21492 24112
24112 998 21492
21492 998 24112
23141 4654 11436
4654 11436 23141
11436 4654 23141
20520 5962 28113
28113 5962 20520
5962 20520 28113
8755 16440 17752
17752 8755 16440
16440 8755 17752
25992 5753 17141
17141 5753 25992
5753 17141 25992
18734 8942 23835
8942 18734 23835
23835 8942 18734
4908 25813 29707
29707 4908 25813
25813 4908 29707
65 9220 10051
10051 65 9220
9220 65 10051
25550 10811 25338
10811 25338 25550
25338 10811 25550
9609 10219 17605
17605 9609 10219
10219 9609 17605
2048 20915 21228
20915 2048 21228
21228 2048 20915
10954 4738 12501
12501 4738 10954
4738 10954 12501
9003 22705 29723
29723 9003 22705
22705 9003 29723
13704 372 12619
372 12619 13704
12619 372 13704
5338 4283 29969
29969 4283 5338
4283 5338 29969
17315 23124 29034
29034 17315 23124
23124 17315 29034
25647 16197 17190
17190 16197 25647
16197 17190 25647
9053 14769 23836
23836 9053 14769
14769 9053 23836
22534 5758 29169
5758 22534 29169
29169 5758 22534
21784 4689 15338
15338 4689 21784
4689 15338 21784
1011 12793 14172
14172 1011 12793
12793 1011 14172
26152 2493 9700
9700 2493 26152
2493 9700 26152
4636 7416 14474
14474 4636 7416
7416 4636 14474
23220 9214 19036
9214 19036 23220
19036 9214 23220
6513 9963 22038
9963 6513 22038
22038 6513 9963
26284 2096 4413
4413 2096 26284
2096 4413 26284
13259 3889 18324
18324 3889 13259
3889 13259 18324
10356 603 11498
11498 603 10356
603 10356 11498
14659 7821 25052
25052 7821 14659
7821 14659 25052
7987 1895 9824
1895 7987 9824
9824 1895 7987
20756 906 22698
906 20756 22698
22698 906 20756
27540 15859 22469
15859 22469 27540
22469 15859 27540
764 22892 26608
22892 764 26608
26608 764 22892
2563 1367 5202
1367 2563 5202
5202 1367 2563
24327 12762 23651
12762 23651 24327
23651 12762 24327
18417 13399 26448
13399 18417 26448
26448 13399 18417
9882 17289 27986
27986 9882 17289
17289 9882 27986
22157 7083 23866
23866 7083 22157
7083 22157 23866
22930 11697 22199
22199 11697 22930
11697 22199 22930
3416 6268 19496
6268 3416 19496
19496 3416 6268
104 18759 24411
24411 104 18759
18759 104 24411
6044 4702 6284
6284 4702 6044
4702 6044 6284
2597 11904 12741
11904 2597 12741
12741 2597 11904
23281 1259 21325
21325 1259 23281
1259 21325 23281
22550 13343 23006
23006 13343 22550
13343 22550 23006
1797 11203 23222
11203 1797 23222
23222 1797 11203
12361 22405 25934
22405 12361 25934
25934 12361 22405
1537 186 21359
21359 186 1537
186 1537 21359
15074 9626 18643
9626 15074 18643
18643 9626 15074
3694 16036 18081
18081 3694 16036
16036 3694 18081
15107 2059 12980
2059 12980 15107
12980 2059 15107
22147 12938 25619
12938 22147 25619
25619 12938 22147
15443 5711 18234
18234 5711 15443
5711 15443 18234
8495 12177 21437
21437 8495 12177
12177 8495 21437
14789 18680 25898
25898 14789 18680
18680 14789 25898
10059 3114 11663
3114 10059 11663
11663 3114 10059
12534 3238 20067
3238 12534 20067
20067 3238 12534
759 6199 7196
6199 759 7196
7196 759 6199
12199 4084 22537
4084 12199 22537
22537 4084 12199
25184 17064 20939
17064 20939 25184
20939 17064 25184
15001 1524 14799
14799 1524 15001
1524 14799 15001
11143 20286 29142
20286 11143 29142
29142 11143 20286
22246 1115 22045
22045 1115 22246
1115 22045 22246
22389 14666 23465
23465 14666 22389
14666 22389 23465
16344 23508 23914
23508 16344 23914
23914 16344 23508
15646 25587 29465
25587 15646 29465
29465 15646 25587
27045 2404 6754
6754 2404 27045
2404 6754 27045
17318 119 24466
24466 119 17318
119 17318 24466
12894 1266 24233
24233 1266 12894
1266 12894 24233
13394 6926 25660
6926 13394 25660
25660 6926 13394
10058 12344 24384
24384 10058 12344
12344 10058 24384
23910 16736 18376
18376 16736 23910
16736 18376 23910
19675 19153 22480
19153 19675 22480
22480 19153 19675
10583 10038 14618
10038 10583 14618
14618 10038 10583
23808 13298 19156
13298 19156 23808
19156 13298 23808
29431 7063 15223
15223 7063 29431
7063 15223 29431
20257 12258 20601
12258 20257 20601
20601 12258 20257
17624 4853 12679
12679 4853 17624
4853 12679 17624
17155 15692 25167
25167 15692 17155
15692 17155 25167
1064 4328 27234
27234 1064 4328
4328 1064 27234
11867 17351 28243
28243 11867 17351
17351 11867 28243
27917 16651 16927
16927 16651 27917
16651 16927 27917
28852 2156 16485
16485 2156 28852
2156 16485 28852
15820 9588 19611
9588 15820 19611
19611 9588 15820
13788 12433 27890
27890 12433 13788
12433 13788 27890
9913 13253 25142
13253 9913 25142
25142 9913 13253
26290 4045 12928
12928 4045 26290
4045 12928 26290
15537 9611 22897
22897 9611 15537
9611 15537 22897
12900 14724 15344
15344 12900 14724
14724 12900 15344
2472 1132 28114
1132 2472 28114
28114 1132 2472
16859 1008 21347
21347 1008 16859
1008 16859 21347
14113 15538 27517
15538 14113 27517
27517 14113 15538
29262 17488 24009
17488 24009 29262
24009 17488 29262
17197 5552 24958
24958 5552 17197
5552 17197 24958
1046 13915 18867
18867 1046 13915
13915 1046 18867
16070 8458 22660
8458 16070 22660
22660 8458 16070
26562 6676 19681
6676 19681 26562
19681 6676 26562
14845 5097 21556
5097 14845 21556
21556 5097 14845
25753 17866 26556
17866 25753 26556
26556 17866 25753
24905 860 4087
4087 860 24905
860 4087 24905
7497 13203 24979
24979 7497 13203
13203 7497 24979
10502 15493 20617
15493 10502 20617
20617 10502 15493
1887 9686 10472
9686 1887 10472
10472 1887 9686
25539 17746 29456
29456 17746 25539
17746 25539 29456
25607 15450 16298
16298 15450 25607
15450 16298 25607
24366 984 10221
10221 984 24366
984 10221 24366
12511 11268 19179
11268 12511 19179
19179 11268 12511
25040 14997 27008
14997 25040 27008
27008 14997 25040
21970 1376 29915
29915 1376 21970
1376 21970 29915
2274 3969 17484
3969 2274 17484
17484 2274 3969
22759 11526 27390
27390 11526 22759
11526 22759 27390
24627 2026 17145
17145 2026 24627
2026 17145 24627
9534 26358 29667
26358 9534 29667
29667 9534 26358
26198 12651 13062
12651 13062 26198
13062 12651 26198
11970 6725 17894
6725 11970 17894
17894 6725 11970
1412 2824 19344
2824 1412 19344
19344 1412 2824
29333 6391 27339
27339 6391 29333
6391 27339 29333
21411 2284 13414
13414 2284 21411
2284 13414 21411
27656 4260 15626
15626 4260 27656
4260 15626 27656
2523 3712 27602
3712 2523 27602
27602 2523 3712
13446 1225 26205
1225 13446 26205
26205 1225 13446
6203 8612 22007
8612 6203 22007
22007 6203 8612
12730 20988 28402
20988 12730 28402
28402 12730 20988
14224 10178 22055
22055 10178 14224
10178 14224 22055
943 10230 22998
10230 943 22998
22998 943 10230
22479 763 18608
763 18608 22479
18608 763 22479
9556 4269 27552
27552 4269 9556
4269 9556 27552
7948 10619 27408
27408 7948 10619
10619 7948 27408
11123 7155 9065
7155 9065 11123
9065 7155 11123
28790 23886 25000
25000 23886 28790
23886 25000 28790
11877 2786 28702
2786 11877 28702
28702 2786 11877
8027 3258 25090
3258 8027 25090
25090 3258 8027
7877 13250 17354
17354 7877 13250
13250 7877 17354
8901 5355 11688
11688 5355 8901
5355 8901 11688
15837 16009 18157
18157 15837 16009
16009 15837 18157
16690 17324 22049
17324 16690 22049
22049 16690 17324
29341 16342 21150
16342 21150 29341
21150 16342 29341
15562 17202 18265
18265 15562 17202
17202 15562 18265
28101 22399 27318
22399 27318 28101
27318 22399 28101
17199 756 3699
756 3699 17199
3699 756 17199
15779 7772 11762
11762 7772 15779
7772 11762 15779
1948 12810 13897
12810 1948 13897
13897 1948 12810
19777 10129 10974
10129 10974 19777
10974 10129 19777
12350 16606 26980
16606 12350 26980
26980 12350 16606
23570 7902 18713
7902 18713 23570
18713 7902 23570
8108 14820 21664
14820 8108 21664
21664 8108 14820
16596 1956 28373
1956 16596 28373
28373 1956 16596
28367 5325 9099
5325 9099 28367
9099 5325 28367
7875 18511 19829
18511 7875 19829
19829 7875 18511
12952 29321 29782
29321 12952 29782
29782 12952 29321
5857 22754 28721
22754 5857 28721
28721 5857 22754
19142 12745 25382
25382 12745 19142
12745 19142 25382
8599 8014 18804
18804 8014 8599
8014 8599 18804
1270 22775 26576
26576 1270 22775
22775 1270 26576
21749 8552 13791
8552 13791 21749
13791 8552 21749
11513 12631 13359
13359 11513 12631
12631 11513 13359
18893 3251 27231
3251 18893 27231
27231 3251 18893
18270 26249 26889
26249 18270 26889
26889 18270 26249
1049 4745 25285
4745 1049 25285
25285 1049 4745
4203 14532 20945
14532 4203 20945
20945 4203 14532
11889 11629 26737
11629 11889 26737
26737 11629 11889
17478 3264 4011
4011 3264 17478
3264 4011 17478
3831 4149 21595
21595 3831 4149
4149 3831 21595
22208 4474 6721
6721 4474 22208
4474 6721 22208
15600 13188 13381
13188 13381 15600
13381 13188 15600
23743 13973 23678
23678 13973 23743
13973 23678 23743
25014 13822 28720
13822 25014 28720
28720 13822 25014
20831 17068 20925
17068 20831 20925
20925 17068 20831
15575 17090 27784
17090 15575 27784
27784 15575 17090
6245 1411 20904
1411 6245 20904
20904 1411 6245
7955 2036 20541
20541 2036 7955
2036 7955 20541
8101 8415 11704
8415 8101 11704
11704 8101 8415
13273 13928 19623
13928 13273 19623
19623 13273 13928
6741 3946 24165
3946 6741 24165
24165 3946 6741
15203 9685 17186
17186 9685 15203
9685 15203 17186
15990 5518 9618
9618 5518 15990
5518 9618 15990
4776 6597 20097
6597 4776 20097
20097 4776 6597
25786 16452 21439
21439 16452 25786
16452 21439 25786
22096 11114 25846
25846 11114 22096
11114 22096 25846
24099 8510 29748
29748 8510 24099
8510 24099 29748
24850 11274 22711
22711 11274 24850
11274 22711 24850
6341 44 15002
15002 44 6341
44 6341 15002
16570 15259 21698
21698 15259 16570
15259 16570 21698
16129 6908 15574
15574 6908 16129
6908 15574 16129
1935 5092 17905
17905 1935 5092
5092 1935 17905
9429 16167 23871
16167 9429 23871
23871 9429 16167
29148 12185 19204
12185 19204 29148
19204 12185 29148
29175 12814 17979
12814 17979 29175
17979 12814 29175
21454 28211 29840
29840 21454 28211
28211 21454 29840
12182 10371 24705
10371 12182 24705
24705 10371 12182
12339 9135 22910
9135 12339 22910
22910 9135 12339
8770 13474 21079
21079 8770 13474
13474 8770 21079
4050 3551 13362
3551 4050 13362
13362 3551 4050
8131 23767 27202
23767 8131 27202
27202 8131 23767
27902 9723 24563
24563 9723 27902
9723 24563 27902
19588 11773 15207
11773 15207 19588
15207 11773 19588
1562 20731 23258
23258 1562 20731
20731 1562 23258
23798 13643 25369
13643 23798 25369
25369 13643 23798
3447 5954 12606
5954 3447 12606
12606 3447 5954
29106 4071 23744
23744 4071 29106
4071 23744 29106
25412 22607 27764
27764 22607 25412
22607 25412 27764
23048 7176 28095
7176 23048 28095
28095 7176 23048
22454 25851 27728
25851 22454 27728
27728 22454 25851
7106 1917 15506
1917 7106 15506
15506 1917 7106
5907 13535 18961
13535 5907 18961
18961 5907 13535
14653 7594 14000
14000 7594 14653
7594 14000 14653
14806 12109 12452
12452 12109 14806
12109 12452 14806
22303 2632 25441
2632 22303 25441
25441 2632 22303
16884 81 9934
81 9934 16884
9934 81 16884
11303 7753 21361
21361 7753 11303
7753 11303 21361
8423 25340 28377
28377 8423 25340
25340 8423 28377
13604 7271 10125
10125 7271 13604
7271 10125 13604
20205 1595 26097
26097 1595 20205
1595 20205 26097
6560 14439 24046
14439 6560 24046
24046 6560 14439
24913 6695 12832
12832 6695 24913
6695 12832 24913
10884 6544 15246
6544 10884 15246
15246 6544 10884
3627 8855 28446
8855 3627 28446
28446 3627 8855
26929 2800 17369
2800 17369 26929
17369 2800 26929
25805 3436 16438
16438 3436 25805
3436 16438 25805
24976 9303 26537
9303 24976 26537
26537 9303 24976
11698 8483 9515
8483 9515 11698
9515 8483 11698
14907 19733 24661
19733 14907 24661
24661 14907 19733
21430 1762 4820
4820 1762 21430
1762 4820 21430
608 6432 25502
6432 608 25502
25502 608 6432
11960 12949 21855
12949 11960 21855
21855 11960 12949
16459 10336 20106
10336 16459 20106
20106 10336 16459
13600 13235 20775
13235 13600 20775
20775 13235 13600
14034 10162 21830
21830 10162 14034
10162 14034 21830
8498 25504 29127
29127 8498 25504
25504 8498 29127
28536 6319 11787
11787 6319 28536
6319 11787 28536
10566 3429 27017
27017 3429 10566
3429 10566 27017
3375 18057 26858
26858 3375 18057
18057 3375 26858
20503 9217 25257
9217 20503 25257
25257 9217 20503
21644 471 24739
24739 471 21644
471 21644 24739
2782 6446 20170
6446 2782 20170
20170 2782 6446
24890 16235 26026
16235 24890 26026
26026 16235 24890
10001 20098 24917
24917 10001 20098
20098 10001 24917
28564 16135 18038
16135 18038 28564
18038 16135 28564
11304 4594 15757
4594 11304 15757
15757 4594 11304
1784 8842 11857
11857 1784 8842
8842 1784 11857
20960 2889 11679
2889 11679 20960
11679 2889 20960
29337 5593 15264
5593 15264 29337
15264 5593 29337
27557 11188 14007
11188 14007 27557
14007 11188 27557
27816 6976 21889
6976 21889 27816
21889 6976 27816
18130 13196 28685
13196 18130 28685
28685 13196 18130
18598 8871 18407
18407 8871 18598
8871 18407 18598
21335 18856 19979
18856 19979 21335
19979 18856 21335
27478 2222 27197
27197 2222 27478
2222 27197 27478
11750 1419 25961
25961 1419 11750
1419 11750 25961
29627 10083 16198
16198 10083 29627
10083 16198 29627
20705 12061 12752
12752 12061 20705
12061 12752 20705
22589 1005 23898
23898 1005 22589
1005 22589 23898
22282 2688 22297
2688 22282 22297
22297 2688 22282
6573 9724 22677
22677 6573 9724
9724 6573 22677
16252 10055 23549
10055 16252 23549
23549 10055 16252
25794 1927 5138
1927 5138 25794
5138 1927 25794
12721 2892 25256
25256 2892 12721
2892 12721 25256
8542 2591 23983
2591 8542 23983
23983 2591 8542
19784 23706 29564
23706 19784 29564
29564 19784 23706
22301 3271 5756
3271 5756 22301
5756 3271 22301
8450 3617 15677
3617 8450 15677
15677 3617 8450
29258 22304 27172
22304 27172 29258
27172 22304 29258
9509 12478 24783
12478 9509 24783
24783 9509 12478
19315 8523 28795
8523 19315 28795
28795 8523 19315
26918 2372 24050
24050 2372 26918
2372 24050 26918
19546 7899 27584
27584 7899 19546
7899 19546 27584
16441 6931 29358
29358 6931 16441
6931 16441 29358
10987 3583 7137
7137 3583 10987
3583 7137 10987
16175 1142 10563
1142 10563 16175
10563 1142 16175
7432 17331 28845
17331 7432 28845
28845 7432 17331
18945 14871 23390
23390 14871 18945
14871 18945 23390
3393 5019 9147
9147 3393 5019
5019 3393 9147
9888 15878 20942
20942 9888 15878
15878 9888 20942
2342 22723 24323
22723 2342 24323
24323 2342 22723
29524 8219 26690
8219 26690 29524
26690 8219 29524
27652 3657 29445
29445 3657 27652
3657 27652 29445
8309 4107 5247
4107 5247 8309
5247 4107 8309
17495 17864 26287
17864 17495 26287
26287 17495 17864
21572 6581 18976
18976 6581 21572
6581 18976 21572
12871 94 2604
94 2604 12871
2604 94 12871
25113 6000 16911
16911 6000 25113
6000 16911 25113
20940 11444 14504
14504 11444 20940
11444 14504 20940
23254 20346 26313
20346 23254 26313
26313 20346 23254
29741 2560 14140
2560 14140 29741
14140 2560 29741
21518 20390 25954
20390 21518 25954
25954 20390 21518
27788 8359 17455
17455 8359 27788
8359 17455 27788
7034 17622 21303
17622 7034 21303
21303 7034 17622
2410 17598 21055
17598 2410 21055
21055 2410 17598
12924 15599 17205
17205 12924 15599
15599 12924 17205
28271 8853 23885
23885 8853 28271
8853 23885 28271
13516 6841 13052
6841 13052 13516
13052 6841 13516
23522 1651 20075
1651 20075 23522
20075 1651 23522
6003 2354 25004
25004 2354 6003
2354 6003 25004
15411 26417 29512
29512 15411 26417
26417 15411 29512
19771 22967 29340
22967 19771 29340
29340 19771 22967
8448 13739 27251
27251 8448 13739
13739 8448 27251
28853 14828 19264
19264 14828 28853
14828 19264 28853
27401 13108 14995
13108 14995 27401
14995 13108 27401
14125 2476 21133
21133 2476 14125
2476 14125 21133
16767 19899 23014
23014 16767 19899
19899 16767 23014
24989 7943 25124
7943 24989 25124
25124 7943 24989
14623 1159 17606
1159 14623 17606
17606 1159 14623
17405 23756 27591
23756 17405 27591
27591 17405 23756
29762 17742 21794
17742 21794 29762
21794 17742 29762
9745 20533 29476
20533 9745 29476
29476 9745 20533
9647 3552 28716
3552 9647 28716
28716 3552 9647
23051 19554 22411
22411 19554 23051
19554 22411 23051
23384 2718 18220
18220 2718 23384
2718 18220 23384
10648 2041 14784
2041 10648 14784
14784 2041 10648
19843 14899 22354
14899 19843 22354
22354 14899 19843
3512 4999 25198
25198 3512 4999
4999 3512 25198
19821 21989 24101
24101 19821 21989
21989 19821 24101
24383 5940 7817
7817 5940 24383
5940 7817 24383
17250 2326 18691
2326 17250 18691
18691 2326 17250
19198 4044 24676
4044 19198 24676
24676 4044 19198
16461 10740 19451
19451 10740 16461
10740 16461 19451
7159 21185 21928
21185 7159 21928
21928 7159 21185
27289 1439 9992
1439 9992 27289
9992 1439 27289
20007 12124 19408
19408 12124 20007
12124 19408 20007
17072 12621 23577
23577 12621 17072
12621 17072 23577
10666 501 17549
17549 501 10666
501 10666 17549
25906 14212 21819
21819 14212 25906
14212 21819 25906
7702 1267 9571
1267 7702 9571
9571 1267 7702
14733 9924 26703
26703 9924 14733
9924 14733 26703
6157 9244 27648
27648 6157 9244
9244 6157 27648
21984 11490 16821
11490 16821 21984
16821 11490 21984
29898 6292 19394
6292 19394 29898
19394 6292 29898
2447 24295 24559
24559 2447 24295
24295 2447 24559
29567 3260 28047
3260 28047 29567
28047 3260 29567
4068 9023 24550
9023 4068 24550
24550 4068 9023
26802 13622 16607
13622 16607 26802
16607 13622 26802
21647 19976 25131
25131 19976 21647
19976 21647 25131
5311 4117 5061
5061 4117 5311
4117 5061 5311
6687 11901 26587
11901 6687 26587
26587 6687 11901
18556 226 24351
24351 226 18556
226 18556 24351
4196 2310 3736
2310 3736 4196
3736 2310 4196
14082 7307 26691
26691 7307 14082
7307 14082 26691
24603 7630 21343
21343 7630 24603
7630 21343 24603
3162 3630 3751
3630 3162 3751
3751 3162 3630
27739 14200 18479
18479 14200 27739
14200 18479 27739
14372 13143 27225
13143 14372 27225
27225 13143 14372
14747 421 14568
421 14568 14747
14568 421 14747
24666 18665 19007
19007 18665 24666
18665 19007 24666
22631 8395 14513
8395 14513 22631
14513 8395 22631
29771 13986 16781
13986 16781 29771
16781 13986 29771
4585 2589 11859
2589 4585 11859
11859 2589 4585
24368 18732 19747
18732 19747 24368
19747 18732 24368
10729 13410 29817
29817 10729 13410
13410 10729 29817
23753 11517 28161
28161 11517 23753
11517 23753 28161
12217 18233 18975
18233 12217 18975
18975 12217 18233
22959 6595 25856
6595 22959 25856
25856 6595 22959
1418 10910 16481
16481 1418 10910
10910 1418 16481
1983 28601 29499
29499 1983 28601
28601 1983 29499
20620 15011 16232
15011 16232 20620
16232 15011 20620
29521 16524 17668
17668 16524 29521
16524 17668 29521
15068 11715 19534
19534 11715 15068
11715 15068 19534
23257 12125 29314
12125 23257 29314
29314 12125 23257
15667 1677 17518
17518 1677 15667
1677 15667 17518
3939 3339 15772
3339 3939 15772
15772 3339 3939
6343 16294 25640
16294 6343 25640
25640 6343 16294
15067 7217 27116
7217 15067 27116
27116 7217 15067
29640 6353 24620
24620 6353 29640
6353 24620 29640
16 12696 14842
12696 16 14842
14842 16 12696
3362 15000 17108
17108 3362 15000
15000 3362 17108
29137 19669 27769
27769 19669 29137
19669 27769 29137
8570 14355 25524
14355 8570 25524
25524 8570 14355
26763 9749 24315
9749 24315 26763
24315 9749 26763
17726 2351 22123
22123 2351 17726
2351 17726 22123
18571 24002 24021
24021 18571 24002
24002 18571 24021
4828 17086 24719
24719 4828 17086
17086 4828 24719
8507 25636 26454
25636 8507 26454
26454 8507 25636
7355 13158 17987
13158 7355 17987
17987 7355 13158
18816 14473 15164
15164 14473 18816
14473 15164 18816
13026 24769 26839
24769 13026 26839
26839 13026 24769
7542 3814 23558
23558 3814 7542
3814 7542 23558
5333 10581 29145
10581 5333 29145
29145 5333 10581
22901 2501 3823
3823 2501 22901
2501 3823 22901
20025 15754 19898
15754 19898 20025
19898 15754 20025
20083 13068 25643
13068 20083 25643
25643 13068 20083
21230 2977 27457
2977 21230 27457
27457 2977 21230
17578 4335 11390
11390 4335 17578
4335 11390 17578
10289 17162 29539
17162 10289 29539
29539 10289 17162
20860 10153 17387
17387 10153 20860
10153 17387 20860
29594 18570 28248
28248 18570 29594
18570 28248 29594
25658 13094 19958
13094 19958 25658
19958 13094 25658
19680 17539 20582
17539 19680 20582
20582 17539 19680
17135 5050 6160
5050 6160 17135
6160 5050 17135
7637 10431 16732
10431 7637 16732
16732 7637 10431
2853 7336 11565
11565 2853 7336
7336 2853 11565
3999 1172 17222
1172 3999 17222
17222 1172 3999
14644 17883 29342
29342 14644 17883
17883 14644 29342
26440 13864 25760
13864 25760 26440
25760 13864 26440
1314 6201 9301
6201 1314 9301
9301 1314 6201
8874 11934 21218
11934 8874 21218
21218 8874 11934
18014 10654 17427
10654 17427 18014
17427 10654 18014
5558 7686 23046
7686 5558 23046
23046 5558 7686
21365 24207 27903
24207 21365 27903
27903 21365 24207
29527 10749 19506
19506 10749 29527
10749 19506 29527
6949 2145 24476
24476 2145 6949
2145 6949 24476
27643 8123 12225
12225 8123 27643
8123 12225 27643
8127 11923 13212
11923 8127 13212
13212 8127 11923
7559 15665 29157
29157 7559 15665
15665 7559 29157
4339 17241 22697
17241 4339 22697
22697 4339 17241
29164 111 9740
9740 111 29164
111 9740 29164
7166 2412 4466
2412 4466 7166
4466 2412 7166
8604 13591 26280
13591 8604 26280
26280 8604 13591
12803 9935 17561
9935 12803 17561
17561 9935 12803
11306 1383 26647
26647 1383 11306
1383 11306 26647
1294 3253 7480
3253 1294 7480
7480 1294 3253
2133 15553 29451
29451 2133 15553
15553 2133 29451
16798 4309 14804
4309 14804 16798
14804 4309 16798
25595 10430 26741
10430 25595 26741
26741 10430 25595
1353 1833 21145
1833 1353 21145
21145 1353 1833
6782 6583 17696
6583 6782 17696
17696 6583 6782
6010 12254 23719
23719 6010 12254
12254 6010 23719
24326 12323 21142
12323 21142 24326
21142 12323 24326
2520 12556 16890
16890 2520 12556
12556 2520 16890
14956 18911 23672
23672 14956 18911
18911 14956 23672
24307 2358 11736
2358 11736 24307
11736 2358 24307
14874 20023 22419
22419 14874 20023
20023 14874 22419
2737 2349 6766
2349 2737 6766
6766 2349 2737
20699 24594 27212
24594 20699 27212
27212 20699 24594
17697 5645 10697
5645 10697 17697
10697 5645 17697
20411 20772 23298
20772 20411 23298
23298 20411 20772
20741 1067 23911
23911 1067 20741
1067 20741 23911
24068 13618 15148
13618 15148 24068
15148 13618 24068
15876 21498 23555
23555 15876 21498
21498 15876 23555
8765 2536 19741
2536 8765 19741
19741 2536 8765
25792 10985 28636
28636 10985 25792
10985 25792 28636
26484 7017 10127
7017 10127 26484
10127 7017 26484
11394 21938 24770
21938 11394 24770
24770 11394 21938
19365 10772 20961
10772 19365 20961
20961 10772 19365
27023 335 26136
26136 335 27023
335 26136 27023
15597 18134 27454
27454 15597 18134
18134 15597 27454
21884 992 23080
992 21884 23080
23080 992 21884
25023 12591 27762
12591 25023 27762
27762 12591 25023
8579 21652 27294
27294 8579 21652
21652 8579 27294
16745 5774 17664
5774 16745 17664
17664 5774 16745
3842 3201 29534
29534 3201 3842
3201 3842 29534
11777 9333 17185
17185 9333 11777
9333 11777 17185
8304 10845 21234
21234 8304 10845
10845 8304 21234
10355 23477 23633
23477 10355 23633
23633 10355 23477
23806 16649 25235
25235 16649 23806
16649 23806 25235
28169 5423 24244
5423 24244 28169
24244 5423 28169
21243 6089 22882
22882 6089 21243
6089 21243 22882
16442 1671 9569
9569 1671 16442
1671 9569 16442
13153 9780 19824
9780 13153 19824
19824 9780 13153
14866 15261 16639
16639 14866 15261
15261 14866 16639
20518 11226 28172
28172 11226 20518
11226 20518 28172
29154 10598 19507
19507 10598 29154
10598 19507 29154
9940 10617 24262
24262 9940 10617
10617 9940 24262
23338 18106 22456
22456 18106 23338
18106 22456 23338
19114 7845 14643
7845 14643 19114
14643 7845 19114
25367 13119 22151
13119 22151 25367
22151 13119 25367
4327 16284 27048
16284 4327 27048
27048 4327 16284
26155 19770 25543
25543 19770 26155
19770 25543 26155
9290 3933 19688
19688 3933 9290
3933 9290 19688
19349 8350 11652
11652 8350 19349
8350 11652 19349
1250 2431 11469
2431 1250 11469
11469 1250 2431
27904 10191 25754
25754 10191 27904
10191 25754 27904
22693 9055 15286
15286 9055 22693
9055 15286 22693
5650 12359 19425
12359 5650 19425
19425 5650 12359
1617 10986 19089
19089 1617 10986
10986 1617 19089
18751 4886 26075
4886 18751 26075
26075 4886 18751
22558 6743 20022
6743 20022 22558
20022 6743 22558
8355 6820 15691
15691 6820 8355
6820 8355 15691
8152 1717 28920
28920 1717 8152
1717 8152 28920
16904 9846 19409
9846 16904 19409
19409 9846 16904
8775 7583 8823
7583 8775 8823
8823 7583 8775
793 2468 28891
28891 793 2468
2468 793 28891
14072 20482 21918
21918 14072 20482
20482 14072 21918
10180 6531 16539
16539 6531 10180
6531 10180 16539
246 3638 28570
3638 246 28570
28570 246 3638
28791 685 27211
685 27211 28791
27211 685 28791
9845 17843 27139
27139 9845 17843
17843 9845 27139
26777 1400 17870
17870 1400 26777
1400 17870 26777
4587 2299 24191
24191 2299 4587
2299 4587 24191
24092 10637 28661
28661 10637 24092
10637 24092 28661
25895 1096 17470
17470 1096 25895
1096 17470 25895
5713 77 10037
77 5713 10037
10037 77 5713
6029 8522 8575
8522 6029 8575
8575 6029 8522
13586 6167 12204
6167 12204 13586
12204 6167 13586
10276 17585 20914
17585 10276 20914
20914 10276 17585
18837 10876 14523
10876 14523 18837
14523 10876 18837
20804 10940 15756
10940 15756 20804
15756 10940 20804
17122 5596 18488
18488 5596 17122
5596 17122 18488
17554 17398 27681
17398 17554 27681
27681 17398 17554
25848 1408 26833
1408 25848 26833
26833 1408 25848
19098 16952 18803
16952 18803 19098
18803 16952 19098
17157 14281 18699
18699 14281 17157
14281 17157 18699
667 7387 17895
7387 667 17895
17895 667 7387
16257 21249 26771
21249 16257 26771
26771 16257 21249
818 15797 29761
29761 818 15797
15797 818 29761
20908 6877 22216
22216 6877 20908
6877 20908 22216
673 18037 20865
18037 673 20865
20865 673 18037
3994 6666 11253
6666 3994 11253
11253 3994 6666
25439 6437 20728
6437 20728 25439
20728 6437 25439
16544 3885 10445
10445 3885 16544
3885 10445 16544
4458 13592 14151
13592 4458 14151
14151 4458 13592
4509 24849 29240
24849 4509 29240
29240 4509 24849
1792 4589 26634
4589 1792 26634
26634 1792 4589
19544 6740 16754
16754 6740 19544
6740 16754 19544
17609 5913 18278
5913 17609 18278
18278 5913 17609
6438 12513 19628
12513 6438 19628
19628 6438 12513
24624 13272 17778
13272 17778 24624
17778 13272 24624
7907 2338 20176
2338 7907 20176
20176 2338 7907
15711 29286 29408
29286 15711 29408
29408 15711 29286
27367 4574 10912
10912 4574 27367
4574 10912 27367
27283 1688 18250
1688 18250 27283
18250 1688 27283
17236 3612 13871
3612 13871 17236
13871 3612 17236
16007 21985 26380
26380 16007 21985
21985 16007 26380
22957 5838 15383
5838 15383 22957
15383 5838 22957
6218 8773 21713
21713 6218 8773
8773 6218 21713
22802 10532 13484
10532 13484 22802
13484 10532 22802
25632 4105 28660
28660 4105 25632
4105 25632 28660
25345 1423 1692
1692 1423 25345
1423 1692 25345
8172 4602 6097
4602 6097 8172
6097 4602 8172
5571 3146 17227
3146 5571 17227
17227 3146 5571
9559 7591 9875
7591 9559 9875
9875 7591 9559
21693 10182 15367
15367 10182 21693
10182 15367 21693
5456 14097 26544
14097 5456 26544
26544 5456 14097
18469 6252 14399
14399 6252 18469
6252 14399 18469
2670 11468 16664
16664 2670 11468
11468 2670 16664
13773 15386 22476
22476 13773 15386
15386 13773 22476
3729 9646 11199
11199 3729 9646
9646 3729 11199
11452 12998 22780
12998 11452 22780
22780 11452 12998
19735 21680 29906
29906 19735 21680
21680 19735 29906
19768 20675 29555
20675 19768 29555
29555 19768 20675
24578 4166 11694
4166 11694 24578
11694 4166 24578
16016 4059 8233
4059 8233 16016
8233 4059 16016
15190 820 9767
820 9767 15190
9767 820 15190
6193 4826 19850
4826 6193 19850
19850 4826 6193
18601 27695 27719
27695 18601 27719
27719 18601 27695
19012 22429 25797
25797 19012 22429
22429 19012 25797
3408 1296 23209
1296 3408 23209
23209 1296 3408
9873 10702 23097
10702 9873 23097
23097 9873 10702
8664 5938 6552
5938 6552 8664
6552 5938 8664
4898 10441 13283
13283 4898 10441
10441 4898 13283
5780 12227 19744
12227 5780 19744
19744 5780 12227
13836 21012 28957
28957 13836 21012
21012 13836 28957
1546 678 24909
678 1546 24909
24909 678 1546
6859 15019 18385
18385 6859 15019
15019 6859 18385
16236 19729 23373
23373 16236 19729
19729 16236 23373
27499 2337 26810
2337 26810 27499
26810 2337 27499
3774 7424 28400
28400 3774 7424
7424 3774 28400
13346 3568 28999
3568 13346 28999
28999 3568 13346
25339 21616 22440
22440 21616 25339
21616 22440 25339
20199 18808 20644
20644 18808 20199
18808 20199 20644
6547 10115 19696
10115 6547 19696
19696 6547 10115
5653 1609 28513
1609 5653 28513
28513 1609 5653
15251 5820 21637
5820 15251 21637
21637 5820 15251
20168 16202 18256
18256 16202 20168
16202 18256 20168
10337 2722 18482
2722 10337 18482
18482 2722 10337
16636 7422 12527
12527 7422 16636
7422 12527 16636
25121 10746 18718
18718 10746 25121
10746 18718 25121
13944 11435 14696
11435 13944 14696
14696 11435 13944
8806 2675 28613
28613 2675 8806
2675 8806 28613
1975 5171 21597
5171 1975 21597
21597 1975 5171
6659 26350 26446
26350 6659 26446
26446 6659 26350
3795 3283 20264
3283 3795 20264
20264 3283 3795
16088 11510 12015
12015 11510 16088
11510 12015 16088
9405 12632 23762
12632 9405 23762
23762 9405 12632
16583 7513 16799
16799 7513 16583
7513 16583 16799
3325 8330 13503
13503 3325 8330
8330 3325 13503
27282 19151 28777
28777 19151 27282
19151 27282 28777
28186 8079 16986
16986 8079 28186
8079 16986 28186
12771 4498 19246
4498 12771 19246
19246 4498 12771
3737 13748 14735
13748 3737 14735
14735 3737 13748
14492 6382 21090
6382 14492 21090
21090 6382 14492
1342 211 7009
7009 211 1342
211 1342 7009
8029 22612 24718
24718 8029 22612
22612 8029 24718
25692 15044 29369
15044 25692 29369
29369 15044 25692
29430 20538 27810
27810 20538 29430
20538 27810 29430
4978 7965 17807
7965 4978 17807
17807 4978 7965
16822 385 16041
385 16041 16822
16041 385 16822
23160 3381 28429
3381 23160 28429
28429 3381 23160
14364 16220 19443
16220 14364 19443
19443 14364 16220
10661 8488 16282
16282 8488 10661
8488 10661 16282
29699 1484 18295
1484 18295 29699
18295 1484 29699
5696 18200 23909
18200 5696 23909
23909 5696 18200
21567 4916 12401
12401 4916 21567
4916 12401 21567
3848 13556 24298
24298 3848 13556
13556 3848 24298
16718 20983 29016
29016 16718 20983
20983 16718 29016
8585 10195 13320
10195 8585 13320
13320 8585 10195
23114 7658 15073
15073 7658 23114
7658 15073 23114
16852 6579 28109
6579 16852 28109
28109 6579 16852
14378 1673 28412
28412 1673 14378
1673 14378 28412
25970 2494 26337
2494 25970 26337
26337 2494 25970
12956 7300 14901
7300 12956 14901
14901 7300 12956
17110 5458 12691
12691 5458 17110
5458 12691 17110
15961 24614 25723
24614 15961 25723
25723 15961 24614
8308 455 2791
2791 455 8308
455 2791 8308
20999 23333 24694
24694 20999 23333
23333 20999 24694
17904 2881 23116
23116 2881 17904
2881 17904 23116
14424 4567 14310
4567 14310 14424
14310 4567 14424
24943 7107 20976
7107 20976 24943
20976 7107 24943
305 326 12371
326 305 12371
12371 305 326
23019 19838 20829
19838 20829 23019
20829 19838 23019
8705 5238 19533
5238 8705 19533
19533 5238 8705
16432 23167 27257
23167 16432 27257
27257 16432 23167
25580 15289 26840
15289 25580 26840
26840 15289 25580
1094 11347 25578
25578 1094 11347
11347 1094 25578
28467 4012 24269
4012 24269 28467
24269 4012 28467
10932 26213 28936
28936 10932 26213
26213 10932 28936
3534 6593 17223
6593 3534 17223
17223 3534 6593
27205 19814 21321
19814 21321 27205
21321 19814 27205
13041 8851 26987
26987 8851 13041
8851 13041 26987
5469 11249 21017
21017 5469 11249
11249 5469 21017
23755 21143 28587
28587 21143 23755
21143 23755 28587
9457 10043 27962
10043 9457 27962
27962 9457 10043
27343 12774 15408
12774 15408 27343
15408 12774 27343
16396 9017 19927
9017 16396 19927
19927 9017 16396
11192 2053 17221
2053 11192 17221
17221 2053 11192
26106 6170 22061
22061 6170 26106
6170 22061 26106
25681 9381 9979
9381 9979 25681
9979 9381 25681
573 16388 19658
16388 573 19658
19658 573 16388
