438 2640 2976
2640 438 2976
2976 438 2640
2005 391 1253
391 1253 2005
1253 391 2005
1031 738 1949
1949 738 1031
738 1031 1949
1161 842 1084
1084 842 1161
842 1084 1161
266 1775 2302
2302 266 1775
1775 266 2302
2497 370 796
796 370 2497
370 796 2497
1926 353 2463
353 1926 2463
2463 353 1926
1224 2107 2631
2107 1224 2631
2631 1224 2107
770 514 2185
2185 514 770
514 770 2185
2034 2286 2820
2286 2034 2820
2820 2034 2286
327 1237 2229
2229 327 1237
1237 327 2229
862 48 1463
1463 48 862
48 862 1463
2448 921 2807
921 2448 2807
2807 921 2448
2647 913 1815
913 1815 2647
1815 913 2647
2145 2548 2749
2749 2145 2548
2548 2145 2749
2492 1380 1581
1581 1380 2492
1380 1581 2492
187 2132 2955
2955 187 2132
2132 187 2955
2675 2395 2658
2658 2395 2675
2395 2658 2675
56 161 2479
2479 56 161
161 56 2479
2901 1994 2923
2923 1994 2901
1994 2901 2923
1955 953 2877
2877 953 1955
953 1955 2877
962 79 2499
79 962 2499
2499 79 962
1513 734 1617
734 1513 1617
1617 734 1513
957 1574 2108
1574 957 2108
2108 957 1574
1859 1416 2678
1416 1859 2678
2678 1416 1859
524 89 925
89 524 925
925 89 524
1970 2076 2691
2691 1970 2076
2076 1970 2691
2553 2378 2954
2378 2553 2954
2954 2378 2553
81 927 1986
1986 81 927
927 81 1986
2148 1996 2068
2068 1996 2148
1996 2068 2148
2380 331 2496
331 2380 2496
2496 331 2380
1721 1205 2913
2913 1205 1721
1205 1721 2913
683 9 2927
2927 9 683
9 683 2927
732 2782 2795
2795 732 2782
2782 732 2795
2264 2038 2098
2098 2038 2264
2038 2098 2264
878 893 2655
893 878 2655
2655 878 893
2116 399 2620
399 2116 2620
2620 399 2116
313 521 1675
521 313 1675
1675 313 521
2736 433 859
859 433 2736
433 859 2736
454 998 2632
998 454 2632
2632 454 998
171 1405 2965
2965 171 1405
1405 171 2965
1120 2608 2898
2608 1120 2898
2898 1120 2608
1138 1495 2605
2605 1138 1495
1495 1138 2605
1168 287 2812
2812 287 1168
287 1168 2812
2821 626 2021
2021 626 2821
626 2021 2821
1754 403 2012
403 1754 2012
2012 403 1754
2483 1660 1714
1660 1714 2483
1714 1660 2483
2161 442 1821
442 1821 2161
1821 442 2161
2612 1202 2502
1202 2502 2612
2502 1202 2612
1988 35 611
35 611 1988
611 35 1988
2919 1971 2399
1971 2399 2919
2399 1971 2919
2874 226 2527
226 2527 2874
2527 226 2874
2670 2019 2811
2811 2019 2670
2019 2670 2811
2768 1200 1252
1252 1200 2768
1200 1252 2768
1349 986 2280
986 1349 2280
2280 986 1349
2081 1514 2211
2211 1514 2081
1514 2081 2211
2742 548 2230
548 2230 2742
2230 548 2742
312 2880 2981
2981 312 2880
2880 312 2981
338 2208 2853
2853 338 2208
2208 338 2853
1838 558 1864
1864 558 1838
558 1838 1864
1311 1993 2388
2388 1311 1993
1993 1311 2388
1923 1987 2450
1987 1923 2450
2450 1923 1987
2701 959 2315
959 2315 2701
2315 959 2701
687 1627 2082
2082 687 1627
1627 687 2082
2057 352 452
452 352 2057
352 452 2057
1944 1878 2170
2170 1878 1944
1878 1944 2170
1925 2778 2781
2781 1925 2778
2778 1925 2781
2466 2267 2867
2867 2267 2466
2267 2466 2867
2287 534 1462
1462 534 2287
534 1462 2287
2028 771 1185
1185 771 2028
771 1185 2028
811 1530 2645
2645 811 1530
1530 811 2645
1209 2671 2726
2671 1209 2726
2726 1209 2671
1011 1264 2416
2416 1011 1264
1264 1011 2416
2219 711 2453
2453 711 2219
711 2219 2453
709 899 1843
899 709 1843
1843 709 899
1884 929 2547
2547 929 1884
929 1884 2547
1379 1778 2354
1778 1379 2354
2354 1379 1778
1557 1602 2182
2182 1557 1602
1602 1557 2182
622 2050 2177
2050 622 2177
2177 622 2050
2079 271 1654
271 1654 2079
1654 271 2079
1484 1730 1972
1730 1484 1972
1972 1484 1730
1646 786 2407
786 1646 2407
2407 786 1646
1035 509 945
509 945 1035
945 509 1035
1454 418 2630
2630 418 1454
418 1454 2630
1078 309 1575
1575 309 1078
309 1078 1575
958 2525 2689
2525 958 2689
2689 958 2525
470 566 1123
566 470 1123
1123 470 566
690 2118 2513
2513 690 2118
2118 690 2513
167 1674 2537
2537 167 1674
1674 167 2537
2213 2457 2819
2819 2213 2457
2457 2213 2819
2956 799 2725
2725 799 2956
799 2725 2956
473 7 2263
2263 7 473
7 473 2263
821 337 2227
2227 337 821
337 821 2227
908 1470 2948
1470 908 2948
2948 908 1470
355 1141 1899
1899 355 1141
1141 355 1899
2443 1176 2335
2335 1176 2443
1176 2335 2443
1058 808 2549
808 1058 2549
2549 808 1058
1019 1663 2944
1663 1019 2944
2944 1019 1663
1576 2088 2184
2088 1576 2184
2184 1576 2088
1473 1499 2157
1499 1473 2157
2157 1473 1499
2837 1573 2957
1573 2837 2957
2957 1573 2837
2731 603 1841
603 1841 2731
1841 603 2731
731 1439 2946
1439 731 2946
2946 731 1439
478 242 837
242 478 837
837 242 478
1973 689 2570
689 1973 2570
2570 689 1973
24 522 1600
522 24 1600
1600 24 522
2297 376 702
376 702 2297
702 376 2297
2759 510 2571
2571 510 2759
510 2571 2759
2937 33 892
33 892 2937
892 33 2937
2274 388 1757
1757 388 2274
388 1757 2274
844 199 1044
199 844 1044
1044 199 844
1107 1927 2636
2636 1107 1927
1927 1107 2636
1335 196 703
703 196 1335
196 703 1335
2585 1182 2520
2520 1182 2585
1182 2520 2585
2808 973 2022
973 2022 2808
2022 973 2808
589 728 1782
1782 589 728
728 589 1782
2813 2175 2423
2423 2175 2813
2175 2423 2813
1819 210 710
710 210 1819
210 710 1819
2292 742 2696
742 2292 2696
2696 742 2292
2477 2523 2769
2523 2477 2769
2769 2477 2523
236 1584 2535
2535 236 1584
1584 236 2535
1013 1297 2126
2126 1013 1297
1297 1013 2126
1017 886 1809
886 1017 1809
1809 886 1017
2472 475 2101
475 2101 2472
2101 475 2472
568 497 1408
497 568 1408
1408 497 568
279 372 1005
372 279 1005
1005 279 372
2509 963 1422
1422 963 2509
963 1422 2509
2338 684 933
684 933 2338
933 684 2338
2833 2075 2602
2602 2075 2833
2075 2602 2833
1411 2207 2706
2207 1411 2706
2706 1411 2207
1362 757 2281
757 1362 2281
2281 757 1362
1326 741 2424
741 1326 2424
2424 741 1326
2672 2061 2825
2061 2672 2825
2825 2061 2672
1317 1212 1997
1212 1317 1997
1997 1212 1317
278 408 595
408 278 595
595 278 408
455 1258 2960
2960 455 1258
1258 455 2960
2801 1610 2775
1610 2775 2801
2775 1610 2801
207 947 2615
947 207 2615
2615 207 947
62 1222 2644
1222 62 2644
2644 62 1222
2894 1147 2236
2236 1147 2894
1147 2236 2894
77 856 1554
856 77 1554
1554 77 856
1756 529 1795
529 1756 1795
1795 529 1756
11 1162 2784
1162 11 2784
2784 11 1162
1324 1041 2249
1041 1324 2249
2249 1041 1324
2135 1979 2073
1979 2073 2135
2073 1979 2135
173 1144 2580
1144 173 2580
2580 173 1144
288 621 1285
1285 288 621
621 288 1285
851 817 2793
2793 817 851
817 851 2793
1062 1939 2425
2425 1062 1939
1939 1062 2425
2936 519 537
537 519 2936
519 537 2936
1932 1359 2743
1359 1932 2743
2743 1359 1932
2598 1556 2113
1556 2113 2598
2113 1556 2598
43 364 1842
1842 43 364
364 43 1842
250 2159 2868
2159 250 2868
2868 250 2159
1869 536 2191
536 1869 2191
2191 536 1869
106 507 2432
507 106 2432
2432 106 507
2420 211 1160
1160 211 2420
211 1160 2420
1631 144 471
471 144 1631
144 471 1631
1720 633 2246
633 1720 2246
2246 633 1720
2679 358 2401
358 2401 2679
2401 358 2679
344 692 1001
1001 344 692
692 344 1001
906 585 1950
585 906 1950
1950 585 906
1813 1752 2480
2480 1752 1813
1752 1813 2480
1128 783 1045
1045 783 1128
783 1045 1128
2413 336 1198
1198 336 2413
336 1198 2413
502 244 1770
244 502 1770
1770 244 502
2510 645 1321
645 1321 2510
1321 645 2510
2584 864 1105
864 1105 2584
1105 864 2584
1651 175 795
795 175 1651
175 795 1651
693 1170 1893
1893 693 1170
1170 693 1893
2740 379 849
379 849 2740
849 379 2740
1064 2906 2977
2906 1064 2977
2977 1064 2906
2307 641 2667
2667 641 2307
641 2307 2667
2476 86 2158
86 2158 2476
2158 86 2476
628 395 1021
395 628 1021
1021 395 628
90 912 1108
912 90 1108
1108 90 912
25 1033 1122
1122 25 1033
1033 25 1122
2597 493 1446
493 1446 2597
1446 493 2597
1028 2121 2842
2121 1028 2842
2842 1028 2121
2606 20 562
20 562 2606
562 20 2606
57 157 1507
1507 57 157
157 57 1507
2083 1642 2587
1642 2083 2587
2587 1642 2083
387 525 2896
525 387 2896
2896 387 525
2300 238 2109
2109 238 2300
238 2109 2300
1776 1330 2674
2674 1330 1776
1330 1776 2674
2248 1689 1858
1689 1858 2248
1858 1689 2248
1967 1112 2656
1112 1967 2656
2656 1112 1967
346 2008 2824
2824 346 2008
2008 346 2824
1334 1066 1095
1066 1095 1334
1095 1066 1334
1918 652 2431
2431 652 1918
652 1918 2431
526 109 2785
109 526 2785
2785 109 526
49 1188 1768
1188 49 1768
1768 49 1188
1791 402 2717
402 1791 2717
2717 402 1791
1336 269 2761
269 1336 2761
2761 269 1336
604 733 2720
733 604 2720
2720 604 733
1351 1363 2299
2299 1351 1363
1363 1351 2299
919 1153 2329
1153 919 2329
2329 919 1153
1712 2143 2637
2637 1712 2143
2143 1712 2637
909 184 2887
184 909 2887
2887 184 909
1500 432 936
432 936 1500
936 432 1500
535 165 990
990 165 535
165 535 990
2595 1016 1623
1016 1623 2595
1623 1016 2595
78 22 2382
22 78 2382
2382 22 78
2618 1219 2869
1219 2618 2869
2869 1219 2618
411 443 1626
1626 411 443
443 411 1626
1969 1449 1688
1449 1688 1969
1688 1449 1969
1389 1591 2565
1591 1389 2565
2565 1389 1591
1898 772 2385
772 1898 2385
2385 772 1898
1708 1397 2561
1397 1708 2561
2561 1397 1708
1009 765 917
917 765 1009
765 917 1009
1866 365 2582
2582 365 1866
365 1866 2582
797 190 1956
190 797 1956
1956 190 797
2350 320 1913
320 1913 2350
1913 320 2350
112 546 1991
1991 112 546
546 112 1991
2526 248 1390
248 1390 2526
1390 248 2526
2997 1703 1727
1703 1727 2997
1727 1703 2997
2992 124 967
967 124 2992
124 967 2992
1429 1523 2732
2732 1429 1523
1523 1429 2732
1826 1496 2961
1496 1826 2961
2961 1496 1826
623 30 1647
30 623 1647
1647 30 623
1517 1437 1594
1437 1517 1594
1594 1437 1517
172 654 2091
2091 172 654
654 172 2091
1682 780 1759
780 1682 1759
1759 780 1682
2908 103 718
103 718 2908
718 103 2908
1444 2390 2455
2390 1444 2455
2455 1444 2390
2657 1110 2604
1110 2604 2657
2604 1110 2657
1092 21 1856
1856 21 1092
21 1092 1856
1543 1438 2094
2094 1438 1543
1438 1543 2094
1924 1216 1471
1471 1216 1924
1216 1471 1924
235 1758 2521
2521 235 1758
1758 235 2521
1313 82 2224
82 1313 2224
2224 82 1313
1958 1423 1560
1423 1560 1958
1560 1423 1958
2352 481 1239
481 1239 2352
1239 481 2352
23 943 1504
1504 23 943
943 23 1504
2461 286 1694
1694 286 2461
286 1694 2461
2503 231 1178
231 1178 2503
1178 231 2503
2680 2445 2840
2445 2680 2840
2840 2445 2680
1155 624 1414
1414 624 1155
624 1155 1414
2049 130 940
130 940 2049
940 130 2049
1063 724 1848
1848 724 1063
724 1063 1848
764 1458 1487
1487 764 1458
1458 764 1487
1242 885 1677
885 1242 1677
1677 885 1242
289 1328 1385
1385 289 1328
1328 289 1385
262 134 1711
134 262 1711
1711 134 262
2564 2920 2945
2920 2564 2945
2945 2564 2920
2652 1823 2569
2569 1823 2652
1823 2569 2652
2505 1935 2010
2010 1935 2505
1935 2010 2505
1750 2313 2941
2941 1750 2313
2313 1750 2941
2042 1719 2566
1719 2042 2566
2566 1719 2042
707 145 1536
145 707 1536
1536 145 707
829 1897 2222
2222 829 1897
1897 829 2222
594 197 441
197 441 594
441 197 594
2686 425 2609
425 2609 2686
2609 425 2686
1953 1886 2142
2142 1886 1953
1886 1953 2142
997 1192 2572
1192 997 2572
2572 997 1192
2560 1118 2293
2293 1118 2560
1118 2293 2560
204 405 1846
405 204 1846
1846 204 405
2792 923 1440
923 1440 2792
1440 923 2792
2758 2405 2626
2405 2626 2758
2626 2405 2758
1341 482 2538
2538 482 1341
482 1341 2538
2577 100 2288
100 2288 2577
2288 100 2577
2127 2 2298
2298 2 2127
2 2127 2298
340 205 437
437 205 340
205 340 437
2907 223 2540
2540 223 2907
223 2540 2907
2282 966 2130
2130 966 2282
966 2130 2282
101 1447 1616
1616 101 1447
1447 101 1616
676 1455 2218
2218 676 1455
1455 676 2218
466 587 1965
1965 466 587
587 466 1965
1190 2048 2257
2048 1190 2257
2257 1190 2048
805 1974 2180
2180 805 1974
1974 805 2180
2617 503 2181
503 2181 2617
2181 503 2617
1537 118 2737
118 1537 2737
2737 118 1537
1304 299 2357
299 1304 2357
2357 299 1304
2396 335 1094
335 1094 2396
1094 335 2396
2940 239 1887
1887 239 2940
239 1887 2940
911 393 2810
2810 393 911
393 911 2810
561 873 1307
1307 561 873
873 561 1307
511 45 2037
2037 45 511
45 511 2037
1327 922 1699
1699 922 1327
922 1327 1699
1230 1090 2351
1090 1230 2351
2351 1090 1230
386 200 2578
200 386 2578
2578 200 386
1902 2610 2804
2804 1902 2610
2610 1902 2804
2665 2504 2999
2999 2504 2665
2504 2665 2999
928 276 2247
2247 276 928
276 928 2247
2345 1014 1116
1014 1116 2345
1116 1014 2345
1839 381 2875
381 1839 2875
2875 381 1839
2690 1099 1710
1710 1099 2690
1099 1710 2690
950 52 1061
52 950 1061
1061 52 950
2900 1451 2421
1451 2421 2900
2421 1451 2900
1907 291 1472
291 1472 1907
1472 291 1907
2885 330 362
330 362 2885
362 330 2885
1266 139 2507
139 1266 2507
2507 139 1266
1621 1608 1961
1608 1621 1961
1961 1608 1621
956 827 1428
1428 827 956
827 956 1428
1184 975 1047
975 1047 1184
1047 975 1184
1830 28 227
28 227 1830
227 28 1830
1637 778 964
964 778 1637
778 964 1637
2435 469 1413
469 1413 2435
1413 469 2435
19 435 506
435 19 506
506 19 435
2343 1930 2422
1930 2343 2422
2422 1930 2343
495 1361 1910
1361 495 1910
1910 495 1361
1515 745 2295
2295 745 1515
745 1515 2295
317 1339 2067
2067 317 1339
1339 317 2067
96 867 2494
2494 96 867
867 96 2494
2060 1245 2899
1245 2060 2899
2899 1245 2060
1054 823 2196
2196 823 1054
823 1054 2196
151 1340 2603
2603 151 1340
1340 151 2603
2097 2004 2959
2959 2004 2097
2004 2097 2959
1562 809 2165
2165 809 1562
809 1562 2165
357 2661 2996
2996 357 2661
2661 357 2996
1696 1076 1633
1633 1076 1696
1076 1633 1696
2176 723 1521
723 1521 2176
1521 723 2176
2721 298 1692
1692 298 2721
298 1692 2721
1403 617 1763
1763 617 1403
617 1403 1763
295 1577 1734
1577 295 1734
1734 295 1577
2430 569 2114
2114 569 2430
569 2114 2430
1613 272 657
272 657 1613
657 272 1613
2030 2739 2914
2914 2030 2739
2739 2030 2914
2745 2309 2972
2309 2745 2972
2972 2309 2745
547 1431 2904
2904 547 1431
1431 547 2904
833 1365 2063
1365 833 2063
2063 833 1365
1475 1396 1425
1425 1396 1475
1396 1425 1475
208 1528 2724
1528 208 2724
2724 208 1528
2469 1561 2590
2590 1561 2469
1561 2469 2590
2599 158 2755
158 2599 2755
2755 158 2599
1406 583 1109
583 1109 1406
1109 583 1406
1369 883 1861
883 1369 1861
1861 883 1369
1373 285 2708
285 1373 2708
2708 285 1373
782 1356 2700
2700 782 1356
1356 782 2700
2589 1360 2834
2834 1360 2589
1360 2589 2834
1552 915 2870
915 1552 2870
2870 915 1552
619 458 1780
1780 458 619
458 619 1780
2857 41 1166
41 1166 2857
1166 41 2857
1820 720 2642
720 1820 2642
2642 720 1820
905 1012 2593
1012 905 2593
2593 905 1012
339 1287 2336
1287 339 2336
2336 339 1287
465 612 2154
612 465 2154
2154 465 612
2110 188 590
590 188 2110
188 590 2110
2322 1824 2007
2007 1824 2322
1824 2007 2322
1289 854 2660
854 1289 2660
2660 854 1289
694 1850 2173
2173 694 1850
1850 694 2173
2446 1347 2895
2895 1347 2446
1347 2446 2895
1426 92 2369
2369 92 1426
92 1426 2369
2358 347 2859
347 2358 2859
2859 347 2358
625 310 868
310 625 868
868 310 625
983 257 2429
257 983 2429
2429 257 983
1195 1358 2166
2166 1195 1358
1358 1195 2166
2197 1135 2890
2890 1135 2197
1135 2197 2890
1755 775 2514
775 1755 2514
2514 775 1755
141 1486 2408
2408 141 1486
1486 141 2408
1243 256 559
256 559 1243
559 256 1243
463 374 1376
1376 374 463
374 463 1376
2662 150 665
150 665 2662
665 150 2662
1086 1860 1954
1860 1086 1954
1954 1086 1860
1071 1679 2848
1679 1071 2848
2848 1071 1679
1480 2210 2931
2210 1480 2931
2931 1480 2210
1789 1402 2872
2872 1402 1789
1402 1789 2872
609 1278 2363
1278 609 2363
2363 609 1278
1246 632 1034
1034 632 1246
632 1034 1246
1526 627 2471
627 1526 2471
2471 627 1526
1158 2383 2687
2383 1158 2687
2687 1158 2383
896 1421 2482
1421 896 2482
2482 896 1421
2119 294 1132
294 1132 2119
1132 294 2119
1059 655 806
806 655 1059
655 806 1059
241 2149 2234
2234 241 2149
2149 241 2234
2438 13 1588
13 1588 2438
1588 13 2438
198 154 872
872 154 198
154 198 872
1479 233 2209
233 1479 2209
2209 233 1479
518 1481 2693
2693 518 1481
1481 518 2693
1096 1563 1871
1563 1096 1871
1871 1096 1563
2462 389 1567
389 1567 2462
1567 389 2462
1169 681 2562
2562 681 1169
681 1169 2562
2277 544 2020
544 2020 2277
2020 544 2277
1783 491 1004
1004 491 1783
491 1004 1783
914 1399 2053
2053 914 1399
1399 914 2053
836 1630 2950
2950 836 1630
1630 836 2950
2442 303 1325
1325 303 2442
303 1325 2442
1668 12 1799
12 1668 1799
1799 12 1668
659 164 2555
164 659 2555
2555 164 659
2273 140 468
140 468 2273
468 140 2273
1106 1276 1693
1276 1106 1693
1693 1106 1276
2958 218 2715
2715 218 2958
218 2715 2958
75 895 2988
895 75 2988
2988 75 895
371 2766 2771
2771 371 2766
2766 371 2771
2089 36 2040
2040 36 2089
36 2040 2089
2702 265 2716
265 2702 2716
2716 265 2702
574 2342 2568
2342 574 2568
2568 574 2342
2447 1992 2120
1992 2120 2447
2120 1992 2447
1210 243 1089
243 1089 1210
1089 243 1210
2206 361 1197
1197 361 2206
361 1197 2206
1275 464 1919
464 1275 1919
1919 464 1275
426 1579 2921
1579 426 2921
2921 426 1579
2041 494 920
494 920 2041
920 494 2041
743 1333 1862
1862 743 1333
1333 743 1862
954 1911 2387
2387 954 1911
1911 954 2387
1817 206 1026
206 1026 1817
1026 206 1817
2765 369 2242
369 2242 2765
2242 369 2765
2065 1598 2137
2137 1598 2065
1598 2065 2137
1152 332 1801
332 1152 1801
1801 332 1152
2240 356 1392
356 1392 2240
1392 356 2240
861 345 1890
345 861 1890
1890 345 861
747 258 985
985 258 747
258 747 985
616 1652 2403
1652 616 2403
2403 616 1652
32 934 1282
1282 32 934
934 32 1282
224 1852 2614
2614 224 1852
1852 224 2614
2188 1787 2910
2910 1787 2188
1787 2188 2910
2705 754 2275
754 2275 2705
2275 754 2705
37 360 749
749 37 360
360 37 749
1904 314 2751
2751 314 1904
314 1904 2751
2484 1050 1797
1797 1050 2484
1050 1797 2484
128 1790 2133
1790 128 2133
2133 128 1790
600 450 2969
2969 450 600
450 600 2969
992 1263 1604
1263 992 1604
1604 992 1263
2879 1585 2876
1585 2876 2879
2876 1585 2879
1388 1854 2858
2858 1388 1854
1854 1388 2858
2003 1592 2703
2703 1592 2003
1592 2003 2703
2557 1761 2683
1761 2557 2683
2683 1761 2557
2817 533 1476
533 1476 2817
1476 533 2817
484 2730 2943
2943 484 2730
2730 484 2943
1729 1772 1865
1865 1729 1772
1772 1729 1865
1211 810 1812
1812 810 1211
810 1211 1812
1691 1157 2330
1157 1691 2330
2330 1157 1691
359 629 2397
629 359 2397
2397 359 629
1474 42 937
937 42 1474
42 937 1474
686 1039 2362
1039 686 2362
2362 686 1039
2650 1159 2567
1159 2567 2650
2567 1159 2650
324 1145 2532
2532 324 1145
1145 324 2532
1873 1189 1853
1189 1853 1873
1853 1189 1873
1534 776 1774
1774 776 1534
776 1534 1774
599 301 1060
1060 301 599
301 599 1060
290 342 2220
342 290 2220
2220 290 342
1298 1535 2613
1535 1298 2613
2613 1298 1535
2818 1364 1836
1836 1364 2818
1364 1836 2818
2316 76 727
76 727 2316
727 76 2316
264 812 1524
1524 264 812
812 264 1524
2911 563 1506
1506 563 2911
563 1506 2911
1947 104 1000
104 1000 1947
1000 104 1947
865 881 2244
2244 865 881
881 865 2244
740 185 1868
185 740 1868
1868 185 740
993 147 341
147 341 993
341 147 993
308 131 2215
2215 131 308
131 308 2215
1683 228 2412
228 1683 2412
2412 228 1683
2117 168 2592
168 2117 2592
2592 168 2117
193 40 1398
40 193 1398
1398 40 193
1079 10 995
10 995 1079
995 10 1079
1150 1113 1976
1113 1150 1976
1976 1113 1150
586 98 1127
98 586 1127
1127 98 586
1286 2490 2546
2490 1286 2546
2546 1286 2490
1040 428 1080
428 1040 1080
1080 428 1040
1828 487 2809
2809 487 1828
487 1828 2809
1995 1418 3000
1418 1995 3000
3000 1418 1995
1847 712 2265
2265 712 1847
712 1847 2265
1015 180 203
203 180 1015
180 203 1015
2131 2189 2554
2554 2131 2189
2189 2131 2554
15 2231 2426
2426 15 2231
2231 15 2426
1538 1204 2709
1204 1538 2709
2709 1204 1538
870 373 1024
373 870 1024
1024 373 870
485 766 2835
766 485 2835
2835 485 766
1420 66 281
281 66 1420
66 281 1420
2232 889 2104
889 2104 2232
2104 889 2232
1083 195 251
251 195 1083
195 251 1083
348 1136 2986
2986 348 1136
1136 348 2986
2791 315 1624
1624 315 2791
315 1624 2791
2978 270 2873
270 2873 2978
2873 270 2978
2340 1636 1644
1644 1636 2340
1636 1644 2340
2278 398 649
649 398 2278
398 649 2278
292 1097 2386
2386 292 1097
1097 292 2386
1748 385 2735
2735 385 1748
385 1748 2735
107 2141 2838
2141 107 2838
2838 107 2141
2856 1074 2417
2417 1074 2856
1074 2417 2856
2289 461 768
461 768 2289
768 461 2289
2269 2212 2370
2212 2269 2370
2370 2212 2269
1273 2517 2847
2847 1273 2517
2517 1273 2847
1314 400 2924
400 1314 2924
2924 400 1314
2788 598 1485
1485 598 2788
598 1485 2788
237 1 1985
1985 1 237
1 237 1985
2473 2828 2909
2909 2473 2828
2828 2473 2909
378 564 2344
2344 378 564
564 378 2344
1509 1450 2719
1450 1509 2719
2719 1450 1509
2712 1415 2643
2643 1415 2712
1415 2643 2712
1726 125 834
834 125 1726
125 834 1726
1578 644 1329
644 1329 1578
1329 644 1578
646 490 691
691 490 646
490 646 691
1067 1806 2486
1806 1067 2486
2486 1067 1806
410 1305 1814
1814 410 1305
1305 410 1814
1417 1599 2174
2174 1417 1599
1599 1417 2174
1201 2032 2441
2032 1201 2441
2441 1201 2032
777 515 545
515 545 777
545 515 777
1101 608 1802
608 1101 1802
1802 608 1101
284 177 2815
2815 177 284
177 284 2815
714 1318 2649
2649 714 1318
1318 714 2649
636 102 1570
1570 102 636
102 636 1570
1404 1731 2839
1731 1404 2839
2839 1404 1731
1375 760 852
852 760 1375
760 852 1375
2916 149 1880
1880 149 2916
149 1880 2916
14 1544 2746
1544 14 2746
2746 14 1544
68 406 784
784 68 406
406 68 784
2987 396 1104
396 1104 2987
1104 396 2987
2512 951 2169
2169 951 2512
951 2169 2512
785 136 2214
2214 136 785
136 785 2214
2193 472 1424
1424 472 2193
472 1424 2193
3 1936 2276
1936 3 2276
2276 3 1936
513 855 1582
1582 513 855
855 513 1582
2854 1465 1645
1465 1645 2854
1645 1465 2854
946 1156 1894
1156 946 1894
1894 946 1156
756 630 2878
630 756 2878
2878 630 756
1709 955 1292
1292 955 1709
955 1292 1709
542 631 2918
2918 542 631
631 542 2918
88 1052 1844
1844 88 1052
1052 88 1844
1943 674 2095
2095 674 1943
674 1943 2095
268 1306 2303
2303 268 1306
1306 268 2303
1386 787 1409
1409 787 1386
787 1386 1409
606 54 2529
2529 54 606
54 606 2529
2845 59 2619
59 2619 2845
2619 59 2845
1353 984 2588
2588 984 1353
984 1353 2588
1492 801 2251
801 1492 2251
2251 801 1492
658 1964 2436
1964 658 2436
2436 658 1964
2470 1008 1354
1008 1354 2470
1354 1008 2470
1342 1134 2268
2268 1134 1342
1134 1342 2268
2035 970 1845
1845 970 2035
970 1845 2035
1968 1300 2787
2787 1300 1968
1300 1968 2787
1998 383 1605
1605 383 1998
383 1605 1998
725 640 2093
640 725 2093
2093 640 725
847 540 2036
540 847 2036
2036 540 847
143 1681 2851
2851 143 1681
1681 143 2851
1100 1580 1638
1580 1100 1638
1638 1100 1580
2398 1502 1653
1502 1653 2398
1653 1502 2398
1255 549 2773
2773 549 1255
549 1255 2773
2223 431 451
431 451 2223
451 431 2223
2556 759 1698
759 1698 2556
1698 759 2556
1940 407 1619
407 1619 1940
1619 407 1940
1288 800 2296
800 1288 2296
2296 800 1288
1946 1167 1966
1966 1167 1946
1167 1946 1966
884 2017 2930
2017 884 2930
2930 884 2017
260 1807 2066
2066 260 1807
1807 260 2066
541 2237 2723
2237 541 2723
2723 541 2237
2638 2256 2774
2774 2256 2638
2256 2638 2774
1920 572 1959
1959 572 1920
572 1920 1959
2688 2238 2488
2488 2238 2688
2238 2488 2688
2934 2031 2575
2031 2575 2934
2575 2031 2934
1827 978 2594
978 1827 2594
2594 978 1827
2092 1518 1559
1559 1518 2092
1518 1559 2092
2666 1702 1978
1978 1702 2666
1702 1978 2666
230 304 2530
304 230 2530
2530 230 304
2586 755 792
755 792 2586
792 755 2586
2862 1087 2634
2634 1087 2862
1087 2634 2862
722 1301 2863
1301 722 2863
2863 722 1301
1432 444 1293
1293 444 1432
444 1293 1432
1661 1140 2052
2052 1140 1661
1140 1661 2052
94 409 2994
409 94 2994
2994 94 409
2111 2087 2375
2375 2087 2111
2087 2111 2375
2591 1877 2763
2763 1877 2591
1877 2591 2763
194 156 807
807 156 194
156 194 807
2779 2226 2695
2226 2695 2779
2695 2226 2779
1315 697 1337
1337 697 1315
697 1315 1337
234 2115 2194
2194 234 2115
2115 234 2194
828 2186 2271
2271 828 2186
2186 828 2271
2308 2018 2884
2018 2308 2884
2884 2018 2308
2190 440 2860
440 2190 2860
2860 440 2190
1546 436 2406
436 1546 2406
2406 436 1546
1963 326 767
326 767 1963
767 326 1963
2290 1248 1676
1248 1676 2290
1676 1248 2290
822 240 1914
1914 240 822
240 822 1914
1290 2171 2803
2803 1290 2171
2171 1290 2803
2518 1794 2903
2903 1794 2518
1794 2518 2903
160 902 2886
2886 160 902
902 160 2886
2217 129 2187
2187 129 2217
129 2187 2217
650 2827 2892
2892 650 2827
2827 650 2892
897 2576 2926
2576 897 2926
2926 897 2576
2393 424 1888
424 1888 2393
1888 424 2393
2852 2328 2400
2400 2328 2852
2328 2400 2852
2270 479 2550
479 2270 2550
2550 479 2270
1295 283 1798
283 1295 1798
1798 283 1295
1707 1312 2756
2756 1312 1707
1312 1707 2756
1725 1309 1717
1717 1309 1725
1309 1717 1725
2528 1098 1981
1981 1098 2528
1098 1981 2528
2871 1302 2168
2168 1302 2871
1302 2168 2871
1595 263 420
263 420 1595
420 263 1595
890 1649 2627
1649 890 2627
2627 890 1649
2772 793 2260
793 2260 2772
2260 793 2772
1247 51 2752
51 1247 2752
2752 51 1247
1366 643 730
643 730 1366
730 643 1366
1542 1493 1520
1493 1520 1542
1520 1493 1542
1102 1615 1831
1615 1102 1831
1831 1102 1615
318 1891 2434
1891 318 2434
2434 318 1891
2984 350 1299
350 1299 2984
1299 350 2984
282 505 779
779 282 505
505 282 779
111 1916 1941
1941 111 1916
1916 111 1941
212 2134 2372
2372 212 2134
2134 212 2372
2883 1607 1611
1607 1611 2883
1611 1607 2883
1213 1137 1566
1566 1137 1213
1137 1213 1566
1194 1346 1983
1983 1194 1346
1346 1194 1983
27 1322 2103
2103 27 1322
1322 27 2103
1532 1043 2047
1043 1532 2047
2047 1043 1532
916 1990 2474
2474 916 1990
1990 916 2474
201 319 1635
1635 201 319
319 201 1635
2284 930 2349
930 2284 2349
2349 930 2284
968 1068 1586
1586 968 1068
1068 968 1586
1788 580 2046
2046 580 1788
580 1788 2046
50 415 1164
1164 50 415
415 50 1164
2129 127 1583
1583 127 2129
127 1583 2129
182 1737 2949
2949 182 1737
1737 182 2949
860 275 1254
275 860 1254
1254 275 860
1320 701 1609
1609 701 1320
701 1320 1609
1131 2501 2881
2881 1131 2501
2501 1131 2881
427 253 1740
1740 253 427
253 427 1740
794 976 1238
976 794 1238
1238 794 976
2707 67 926
926 67 2707
67 926 2707
1779 1018 1183
1018 1183 1779
1183 1018 1779
882 653 1508
1508 653 882
653 882 1508
2865 1146 2024
1146 2024 2865
2024 1146 2865
343 214 2967
2967 214 343
214 343 2967
8 1412 2508
2508 8 1412
1412 8 2508
1903 1051 1572
1051 1572 1903
1572 1051 1903
699 1857 2162
2162 699 1857
1857 699 2162
2963 61 446
446 61 2963
61 446 2963
1427 83 2536
2536 83 1427
83 1427 2536
2428 879 2150
2150 879 2428
879 2150 2428
2391 2682 2897
2897 2391 2682
2682 2391 2897
412 2025 2250
2250 412 2025
2025 412 2250
329 58 2823
58 329 2823
2823 58 329
994 802 2783
802 994 2783
2783 802 994
1457 1597 1975
1975 1457 1597
1597 1457 1975
705 255 2323
255 705 2323
2323 255 705
560 2085 2239
2085 560 2239
2239 560 2085
845 2776 2861
2861 845 2776
2776 845 2861
1032 675 1036
1036 675 1032
675 1032 1036
220 1003 2698
2698 220 1003
1003 220 2698
2677 1497 1870
1497 1870 2677
1870 1497 2677
736 700 1488
1488 700 736
700 736 1488
2456 567 1875
1875 567 2456
567 1875 2456
1430 462 2951
2951 462 1430
462 1430 2951
2123 2531 2533
2533 2123 2531
2531 2123 2533
480 751 1565
751 480 1565
1565 480 751
744 708 2062
2062 708 744
708 744 2062
1010 1065 2816
2816 1010 1065
1065 1010 2816
1453 394 2364
394 1453 2364
2364 394 1453
656 1382 1641
1641 656 1382
1382 656 1641
1937 634 965
634 965 1937
965 634 1937
1433 277 721
721 277 1433
277 721 1433
114 93 183
183 93 114
93 114 183
2160 2311 2995
2995 2160 2311
2311 2160 2995
1091 2099 2468
2468 1091 2099
2099 1091 2468
1355 1448 2905
2905 1355 1448
1448 1355 2905
1666 1601 1957
1957 1601 1666
1601 1666 1957
2144 1715 2454
2454 1715 2144
1715 2144 2454
677 904 1236
1236 677 904
904 677 1236
1643 1383 2757
2757 1383 1643
1383 1643 2757
1384 1634 1803
1803 1384 1634
1634 1384 1803
748 63 2659
2659 63 748
63 748 2659
523 1781 2485
2485 523 1781
1781 523 2485
259 517 880
517 259 880
880 259 517
1743 1082 1394
1082 1394 1743
1394 1082 1743
191 1251 1704
1704 191 1251
1251 191 1704
597 1695 2086
1695 597 2086
2086 597 1695
762 305 1558
1558 305 762
305 762 1558
607 159 2733
2733 159 607
159 607 2733
2411 1352 1659
1659 1352 2411
1352 1659 2411
682 678 1716
678 682 1716
1716 678 682
1283 1319 2373
1319 1283 2373
2373 1283 1319
2646 16 713
16 713 2646
713 16 2646
1882 1175 2832
2832 1175 1882
1175 1882 2832
1214 1172 1400
1172 1214 1400
1400 1172 1214
758 221 698
698 221 758
221 698 758
981 1648 2279
1648 981 2279
2279 981 1648
1181 322 2178
2178 322 1181
322 1181 2178
1262 1568 2932
1568 1262 2932
2932 1262 1568
69 648 2201
648 69 2201
2201 69 648
551 1296 1896
1296 551 1896
1896 551 1296
1741 245 1701
1701 245 1741
245 1701 1741
500 1767 2516
1767 500 2516
2516 500 1767
439 163 1179
1179 163 439
163 439 1179
1989 1114 1267
1267 1114 1989
1114 1267 1989
2139 1501 2983
1501 2139 2983
2983 1501 2139
2790 99 898
99 898 2790
898 99 2790
980 1193 2433
2433 980 1193
1193 980 2433
448 414 1511
414 448 1511
1511 414 448
666 349 1049
1049 349 666
349 666 1049
918 2001 2748
2001 918 2748
2748 918 2001
2831 225 977
225 977 2831
977 225 2831
2893 377 874
377 874 2893
874 377 2893
1085 179 550
550 179 1085
179 550 1085
1029 178 1173
178 1029 1173
1173 178 1029
1766 1489 2205
2205 1489 1766
1489 1766 2205
1784 17 392
392 17 1784
17 392 1784
375 1478 2796
1478 375 2796
2796 375 1478
2368 620 2051
620 2051 2368
2051 620 2368
2324 688 1744
1744 688 2324
688 1744 2324
2882 1929 2458
2458 1929 2882
1929 2458 2882
404 146 467
146 404 467
467 146 404
2633 2621 2929
2621 2633 2929
2929 2621 2633
1892 695 2294
2294 695 1892
695 1892 2294
1855 249 2371
2371 249 1855
249 1855 2371
576 1571 2922
2922 576 1571
1571 576 2922
1753 447 1587
447 1587 1753
1587 447 1753
1442 1928 2355
2355 1442 1928
1928 1442 2355
1477 818 1069
818 1069 1477
1069 818 1477
1468 2102 2596
2102 1468 2596
2596 1468 2102
1952 496 1564
496 1564 1952
1564 496 1952
434 1751 2379
2379 434 1751
1751 434 2379
417 570 1934
570 417 1934
1934 417 570
750 1503 1738
1503 750 1738
1738 750 1503
115 1055 2418
1055 115 2418
2418 115 1055
2989 841 2163
2163 841 2989
841 2163 2989
2059 2013 2975
2013 2059 2975
2975 2013 2059
866 186 1207
186 866 1207
1207 186 866
672 1115 1915
1115 672 1915
1915 672 1115
2272 813 2216
813 2216 2272
2216 813 2272
835 192 1070
192 835 1070
1070 192 835
557 571 2728
2728 557 571
571 557 2728
166 316 516
316 166 516
516 166 316
2648 949 2511
2511 949 2648
949 2511 2648
791 1490 2654
1490 791 2654
2654 791 1490
735 717 2622
2622 717 735
717 735 2622
1912 64 1232
64 1232 1912
1232 64 1912
788 1374 2794
2794 788 1374
1374 788 2794
669 1269 2011
2011 669 1269
1269 669 2011
1922 1056 2727
1056 1922 2727
2727 1056 1922
2843 71 2797
2797 71 2843
71 2797 2843
2522 1291 1881
1881 1291 2522
1291 1881 2522
1670 737 887
887 737 1670
737 887 1670
142 354 2947
354 142 2947
2947 142 354
593 1130 2153
2153 593 1130
1130 593 2153
602 508 2558
508 602 2558
2558 508 602
804 247 2245
247 804 2245
2245 247 804
988 877 1221
877 988 1221
1221 877 988
1007 252 2376
2376 252 1007
252 1007 2376
971 1037 2933
2933 971 1037
1037 971 2933
2711 2235 2985
2985 2235 2711
2235 2711 2985
592 2000 2319
2000 592 2319
2319 592 2000
74 1129 1951
1951 74 1129
1129 74 1951
671 116 2125
2125 116 671
116 671 2125
846 1357 2902
1357 846 2902
2902 846 1357
820 39 2341
2341 39 820
39 820 2341
1419 1792 2697
1792 1419 2697
2697 1419 1792
46 422 1163
1163 46 422
422 46 1163
2583 328 1834
1834 328 2583
328 1834 2583
2124 483 901
901 483 2124
483 901 2124
1629 1684 2552
2552 1629 1684
1684 1629 2552
2917 334 2078
334 2078 2917
2078 334 2917
1372 126 2524
2524 126 1372
126 1372 2524
1837 1338 2056
1338 1837 2056
2056 1338 1837
2952 520 1724
1724 520 2952
520 1724 2952
1713 499 1393
499 1393 1713
1393 499 1713
2493 413 1732
413 1732 2493
1732 413 2493
2147 952 1268
952 1268 2147
1268 952 2147
1460 421 2753
421 1460 2753
2753 421 1460
974 588 1948
588 974 1948
1948 588 974
456 638 2574
638 456 2574
2574 456 638
1849 1603 2138
1603 1849 2138
2138 1603 1849
1531 1525 1606
1525 1531 1606
1606 1525 1531
1142 1225 1632
1632 1142 1225
1225 1142 1632
2651 1223 2080
1223 2080 2651
2080 1223 2651
1639 1174 1553
1174 1553 1639
1553 1174 1639
2641 850 900
850 900 2641
900 850 2641
2939 664 2805
2805 664 2939
664 2805 2939
1143 70 2347
70 1143 2347
2347 70 1143
1371 527 1316
527 1316 1371
1316 527 1371
2071 670 1909
1909 670 2071
670 1909 2071
2741 1764 2629
1764 2629 2741
2629 1764 2741
311 1942 2542
1942 311 2542
2542 311 1942
726 815 1126
1126 726 815
815 726 1126
1057 209 696
209 696 1057
696 209 1057
229 1391 2663
2663 229 1391
1391 229 2663
1196 120 2539
120 1196 2539
2539 120 1196
2202 565 826
565 826 2202
826 565 2202
639 538 2262
2262 538 639
538 639 2262
1303 618 2039
2039 618 1303
618 1303 2039
2254 1825 2750
2750 1825 2254
1825 2254 2750
1217 1272 2928
1272 1217 2928
2928 1217 1272
2029 445 2451
445 2029 2451
2451 445 2029
2365 635 2545
635 2365 2545
2545 635 2365
1279 647 2337
647 1279 2337
2337 647 1279
2912 267 1187
267 1187 2912
1187 267 2912
65 429 2968
429 65 2968
2968 65 429
1662 325 2069
325 1662 2069
2069 325 1662
1596 29 2544
2544 29 1596
29 1596 2544
2964 532 1331
1331 532 2964
532 1331 2964
2361 1541 1905
1541 1905 2361
1905 1541 2361
1547 419 2346
419 1547 2346
2346 419 1547
2009 1257 1895
1257 1895 2009
1895 1257 2009
1680 577 663
663 577 1680
577 663 1680
2327 1124 2444
2444 1124 2327
1124 2327 2444
888 1270 1435
1435 888 1270
1270 888 1435
1735 2475 2673
2475 1735 2673
2673 1735 2475
367 1378 2026
1378 367 2026
2026 367 1378
2699 573 651
651 573 2699
573 651 2699
858 366 489
489 366 858
366 489 858
2506 2252 2982
2252 2506 2982
2982 2252 2506
274 1690 2261
1690 274 2261
2261 274 1690
1742 894 2498
894 1742 2498
2498 894 1742
1494 1022 2551
1022 1494 2551
2551 1022 1494
2084 803 2722
2722 803 2084
803 2084 2722
789 2054 2681
2054 789 2681
2681 789 2054
1006 1765 1785
1765 1006 1785
1785 1006 1765
280 1982 2770
1982 280 2770
2770 280 1982
2314 110 1722
110 1722 2314
1722 110 2314
18 1483 2058
1483 18 2058
2058 18 1483
1984 91 2112
2112 91 1984
91 1984 2112
875 152 2128
2128 152 875
152 875 2128
1410 1165 2409
1165 1410 2409
2409 1165 1410
2255 1119 2798
2798 1119 2255
1119 2255 2798
1350 1284 2460
2460 1284 1350
1284 1350 2460
1154 660 1901
660 1154 1901
1901 660 1154
2204 996 2203
2203 996 2204
996 2203 2204
2310 1945 1980
1980 1945 2310
1945 1980 2310
1749 457 2266
457 1749 2266
2266 457 1749
1452 60 938
60 938 1452
938 60 1452
1461 1549 2639
1549 1461 2639
2639 1461 1549
2198 1917 2356
2356 1917 2198
1917 2198 2356
1020 38 2971
38 1020 2971
2971 38 1020
1117 781 2534
2534 781 1117
781 1117 2534
498 380 1667
380 498 1667
1667 380 498
1387 2044 2070
2070 1387 2044
2044 1387 2070
453 2100 2935
2935 453 2100
2100 453 2935
307 492 2625
2625 307 492
492 307 2625
1622 363 1125
1125 363 1622
363 1125 1622
254 972 2291
2291 254 972
972 254 2291
2449 1227 2806
1227 2449 2806
2806 1227 2449
2439 293 931
931 293 2439
293 931 2439
716 816 2579
816 716 2579
2579 716 816
488 1370 2694
2694 488 1370
1370 488 2694
1851 34 1796
34 1796 1851
1796 34 1851
941 1367 2304
2304 941 1367
1367 941 2304
4 137 2414
137 4 2414
2414 4 137
1614 53 719
53 719 1614
719 53 1614
2233 1655 2966
2966 1655 2233
1655 2233 2966
1593 857 1999
1999 857 1593
857 1593 1999
2195 1381 2374
1381 2195 2374
2374 1381 2195
555 1876 2106
1876 555 2106
2106 555 1876
2846 1650 2321
1650 2321 2846
2321 1650 2846
907 1274 1672
1274 907 1672
1672 907 1274
1208 95 1840
1840 95 1208
95 1208 1840
1777 1081 1505
1081 1505 1777
1505 1081 1777
449 1960 2258
2258 449 1960
1960 449 2258
501 232 2467
232 501 2467
2467 232 501
753 1921 2789
1921 753 2789
2789 753 1921
1889 1804 2014
2014 1804 1889
1804 1889 2014
2478 1025 2332
2332 1025 2478
1025 2332 2478
55 1491 2734
1491 55 2734
2734 55 1491
2495 2367 2489
2489 2367 2495
2367 2489 2495
1669 351 2155
351 1669 2155
2155 351 1669
615 987 2729
2729 615 987
987 615 2729
2993 1265 1271
1271 1265 2993
1265 1271 2993
162 138 1658
1658 138 162
138 162 1658
2090 189 610
189 610 2090
610 189 2090
1900 673 2023
2023 673 1900
673 1900 2023
222 31 578
578 31 222
31 222 578
1962 423 2055
423 1962 2055
2055 423 1962
2849 117 991
991 117 2849
117 991 2849
1829 219 1042
219 1042 1829
1042 219 1829
1395 1240 2826
1240 1395 2826
2826 1240 1395
1441 477 1762
1762 477 1441
477 1441 1762
1228 176 2864
176 1228 2864
2864 176 1228
704 217 2973
217 704 2973
2973 217 704
486 584 2754
584 486 2754
2754 486 584
556 1332 2481
2481 556 1332
1332 556 2481
969 333 706
706 333 969
333 706 969
1308 1177 1867
1867 1177 1308
1177 1308 1867
539 1773 2938
1773 539 2938
2938 539 1773
543 2228 2866
2866 543 2228
2228 543 2866
2953 5 824
5 824 2953
824 5 2953
2464 108 1149
1149 108 2464
108 1149 2464
2713 773 2802
2802 773 2713
773 2713 2802
1235 1277 2600
2600 1235 1277
1277 1235 2600
132 97 1073
1073 97 132
97 132 1073
1640 297 1874
297 1640 1874
1874 297 1640
1612 155 1401
1401 155 1612
155 1401 1612
26 1241 2841
1241 26 2841
2841 26 1241
1075 2925 2998
2998 1075 2925
2925 1075 2998
1103 2317 2360
2360 1103 2317
2317 1103 2360
1800 667 1769
1769 667 1800
667 1769 1800
989 1620 1811
1620 989 1811
1811 989 1620
1786 553 1589
1589 553 1786
553 1589 1786
1685 1348 1671
1671 1348 1685
1348 1671 1685
1231 814 1343
814 1231 1343
1343 814 1231
504 1256 1259
1259 504 1256
1256 504 1259
2465 1171 2980
2980 1171 2465
1171 2465 2980
1459 1529 2164
1529 1459 2164
2164 1459 1529
1569 302 579
579 302 1569
302 579 1569
1550 944 1148
944 1148 1550
1148 944 1550
1872 871 1344
1344 871 1872
871 1344 1872
1077 1467 2096
1467 1077 2096
2096 1077 1467
1510 85 1548
1548 85 1510
85 1510 1548
2653 614 1377
1377 614 2653
614 1377 2653
2200 853 1628
1628 853 2200
853 1628 2200
1678 122 2381
122 1678 2381
2381 122 1678
1443 1281 1498
1498 1281 1443
1281 1443 1498
1220 1250 2850
1250 1220 2850
2850 1220 1250
942 2122 2389
2389 942 2122
2122 942 2389
1464 2259 2623
2623 1464 2259
2259 1464 2623
2415 2306 2762
2306 2415 2762
2762 2306 2415
1931 1673 1835
1835 1673 1931
1673 1835 1931
2942 746 1822
746 1822 2942
1822 746 2942
2437 1407 2074
2074 1407 2437
1407 2074 2437
1808 2305 2738
2738 1808 2305
2305 1808 2738
2359 296 1111
1111 296 2359
296 1111 2359
591 1206 2979
2979 591 1206
1206 591 2979
459 763 2760
763 459 2760
2760 459 763
2799 575 2664
2664 575 2799
575 2664 2799
891 2353 2676
2676 891 2353
2353 891 2676
2888 839 2974
2974 839 2888
839 2888 2974
1545 306 1664
1664 306 1545
306 1545 1664
1686 960 1516
1516 960 1686
960 1516 1686
863 1745 2006
1745 863 2006
2006 863 1745
1908 910 1977
1977 910 1908
910 1908 1977
831 774 843
774 831 843
843 774 831
1280 1733 2559
2559 1280 1733
1733 1280 2559
80 1816 2764
1816 80 2764
2764 80 1816
119 979 1706
1706 119 979
979 119 1706
1294 1244 2915
1244 1294 2915
2915 1244 1294
1739 323 1046
1046 323 1739
323 1046 1739
430 384 1687
1687 384 430
384 430 1687
2573 2016 2830
2016 2573 2830
2830 2016 2573
982 2045 2301
2045 982 2301
2301 982 2045
2410 1718 2836
2836 1718 2410
1718 2410 2836
512 1249 1747
1249 512 1747
1747 512 1249
924 596 715
596 715 924
715 596 924
685 2800 2990
2990 685 2800
2800 685 2990
181 1883 2033
2033 181 1883
1883 181 2033
2581 2146 2891
2891 2146 2581
2146 2581 2891
2002 869 2684
869 2002 2684
2684 869 2002
1203 1728 2151
1728 1203 2151
2151 1203 1728
848 2072 2452
2072 848 2452
2452 848 2072
213 840 2844
2844 213 840
840 213 2844
1771 2331 2419
2419 1771 2331
2331 1771 2419
1618 2243 2611
2611 1618 2243
2243 1618 2611
2225 605 2221
605 2221 2225
2221 605 2225
72 261 1038
1038 72 261
261 72 1038
215 2318 2515
2318 215 2515
2515 215 2318
390 1625 2384
2384 390 1625
1625 390 2384
2348 903 2392
903 2348 2392
2392 903 2348
1345 1229 1736
1736 1229 1345
1229 1345 1736
1261 87 2616
87 1261 2616
2616 87 1261
1023 582 2192
582 1023 2192
2192 582 1023
1215 2440 2669
2440 1215 2669
2669 1215 2440
2541 1030 1906
1906 1030 2541
1030 1906 2541
2312 1551 2105
2105 1551 2312
1551 2105 2312
2962 1445 1665
1445 1665 2962
1665 1445 2962
1938 2607 2970
2607 1938 2970
2970 1938 2607
476 798 2377
2377 476 798
798 476 2377
832 148 2786
2786 148 832
148 832 2786
1539 1434 1879
1879 1434 1539
1434 1539 1879
2500 1368 1590
1368 1590 2500
1590 1368 2500
121 2325 2563
2563 121 2325
2325 121 2563
729 84 416
416 84 729
84 416 729
1705 1323 1933
1323 1705 1933
1933 1323 1705
1186 2043 2404
2043 1186 2404
2404 1186 2043
1180 2015 2829
2829 1180 2015
2015 1180 2829
1723 2283 2889
2283 1723 2889
2889 1723 2283
2685 2183 2601
2601 2183 2685
2183 2601 2685
830 2334 2402
2402 830 2334
2334 830 2402
1810 999 2822
999 1810 2822
2822 999 1810
153 1199 1833
1199 153 1833
1833 153 1199
679 1818 2339
2339 679 1818
1818 679 2339
2064 1218 1832
1218 1832 2064
1832 1218 2064
2491 300 2814
300 2491 2814
2814 300 2491
474 613 637
637 474 613
613 474 637
2744 581 2333
2333 581 2744
581 2333 2744
