99 138 272
272 99 138
138 99 272
213 110 282
110 213 282
282 110 213
244 81 136
81 136 244
136 81 244
273 20 202
202 20 273
20 202 273
189 55 92
55 92 189
92 55 189
74 46 114
46 74 114
114 46 74
294 225 275
275 225 294
225 275 294
123 118 268
268 118 123
118 123 268
25 61 234
234 25 61
61 25 234
19 233 260
233 19 260
260 19 233
214 60 280
60 214 280
280 60 214
281 13 35
13 35 281
35 13 281
43 170 255
255 43 170
170 43 255
249 88 169
169 88 249
88 169 249
164 1 116
116 1 164
1 116 164
270 5 217
217 5 270
5 217 270
21 70 190
190 21 70
70 21 190
236 232 293
232 236 293
293 232 236
198 174 238
238 174 198
174 198 238
240 65 212
212 65 240
65 212 240
7 22 295
22 7 295
295 7 22
195 175 218
175 195 218
218 175 195
126 73 177
177 73 126
73 126 177
66 50 259
259 50 66
50 66 259
243 57 135
135 57 243
57 135 243
40 106 201
201 40 106
106 40 201
210 85 254
254 85 210
85 210 254
132 4 32
4 32 132
32 4 132
122 15 69
69 15 122
15 69 122
24 26 274
26 24 274
274 24 26
258 178 283
283 178 258
178 258 283
223 159 224
159 223 224
224 159 223
221 28 162
28 162 221
162 28 221
44 52 183
52 44 183
183 44 52
62 89 131
131 62 89
89 62 131
168 31 152
31 152 168
152 31 168
297 16 133
133 16 297
16 133 297
188 39 127
39 127 188
127 39 188
125 121 257
121 125 257
257 121 125
90 87 167
87 90 167
167 87 90
11 45 83
45 11 83
83 11 45
151 124 229
229 124 151
124 151 229
191 186 241
186 191 241
241 186 191
252 6 290
6 252 290
290 6 252
269 102 180
180 102 269
102 180 269
185 173 197
197 173 185
173 185 197
205 146 226
226 146 205
146 205 226
277 82 199
82 199 277
199 82 277
17 8 192
8 17 192
192 8 17
267 166 239
239 166 267
166 239 267
160 75 291
291 75 160
75 160 291
30 179 208
179 30 208
208 30 179
245 9 29
29 9 245
9 29 245
84 134 286
286 84 134
134 84 286
80 37 68
37 68 80
68 37 80
98 137 204
204 98 137
137 98 204
227 109 206
206 109 227
109 206 227
58 107 149
149 58 107
107 58 149
93 147 279
147 93 279
279 93 147
219 120 209
209 120 219
120 209 219
228 142 203
142 203 228
203 142 228
51 72 86
86 51 72
72 51 86
222 278 299
299 222 278
278 222 299
148 77 156
77 148 156
156 77 148
71 145 158
145 71 158
158 71 145
154 53 91
91 53 154
53 91 154
176 194 296
194 176 296
296 176 194
105 96 97
97 96 105
96 97 105
130 140 276
140 130 276
276 130 140
187 56 67
56 67 187
67 56 187
184 78 265
78 184 265
265 78 184
150 63 200
200 63 150
63 150 200
18 23 250
250 18 23
23 18 250
112 42 289
42 112 289
289 42 112
266 129 287
129 266 287
287 129 266
103 79 101
79 101 103
101 79 103
117 165 171
165 117 171
171 117 165
153 235 251
235 153 251
251 153 235
59 41 76
41 59 76
76 41 59
261 48 285
48 261 285
285 48 261
237 128 247
128 237 247
247 128 237
242 14 215
215 14 242
14 215 242
139 2 113
113 2 139
2 113 139
262 211 256
211 256 262
256 211 262
119 216 248
248 119 216
216 119 248
141 3 230
230 3 141
3 141 230
207 143 284
143 207 284
284 143 207
288 94 157
94 157 288
157 94 288
253 54 111
111 54 253
54 111 253
182 172 298
298 172 182
172 182 298
246 38 300
38 246 300
300 38 246
115 33 155
33 115 155
155 33 115
104 10 12
10 12 104
12 10 104
100 95 161
95 100 161
161 95 100
144 64 108
108 64 144
64 108 144
231 49 292
49 231 292
292 49 231
36 181 196
181 36 196
196 36 181
264 163 263
263 163 264
163 263 264
47 27 34
34 27 47
27 34 47
193 220 271
271 193 220
220 193 271
