97 27 64
27 64 97
64 27 97
132 176 213
176 132 213
213 132 176
282 135 218
218 135 282
135 218 282
65 133 217
133 65 217
217 65 133
80 20 295
295 20 80
20 80 295
129 171 209
171 129 209
209 129 171
184 219 245
219 184 245
245 184 219
180 43 130
130 43 180
43 130 180
98 34 259
34 98 259
259 34 98
46 39 223
39 46 223
223 39 46
103 30 68
30 68 103
68 30 103
277 59 232
232 59 277
59 232 277
146 92 127
92 127 146
127 92 146
162 6 151
151 6 162
6 151 162
258 239 290
290 239 258
239 258 290
250 29 179
179 29 250
29 179 250
205 177 185
185 177 205
177 185 205
297 81 211
211 81 297
81 211 297
183 214 225
225 183 214
214 183 225
85 89 145
145 85 89
89 85 145
121 84 292
292 84 121
84 121 292
235 70 131
131 70 235
70 131 235
3 37 243
243 3 37
37 3 243
294 22 113
22 113 294
113 22 294
248 115 244
115 244 248
244 115 248
62 40 241
40 62 241
241 40 62
234 21 182
21 182 234
182 21 234
36 93 247
93 36 247
247 36 93
237 153 265
265 153 237
153 237 265
226 197 238
197 226 238
238 197 226
53 149 255
255 53 149
149 53 255
99 120 202
120 99 202
202 99 120
233 150 194
194 150 233
150 194 233
274 42 293
42 274 293
293 42 274
77 87 262
87 77 262
262 77 87
166 66 88
66 88 166
88 66 166
187 38 157
38 157 187
157 38 187
143 54 264
264 54 143
54 143 264
155 100 231
231 100 155
100 155 231
2 164 272
272 2 164
164 2 272
125 24 289
24 125 289
289 24 125
296 152 288
288 152 296
152 288 296
128 190 228
228 128 190
190 128 228
276 33 94
94 33 276
33 94 276
7 75 224
75 7 224
224 7 75
14 111 291
291 14 111
111 14 291
118 91 107
91 107 118
107 91 118
200 16 279
16 200 279
279 16 200
267 52 74
52 74 267
74 52 267
299 167 273
273 167 299
167 273 299
102 28 198
28 102 198
198 28 102
266 139 192
192 139 266
139 192 266
60 148 269
148 60 269
269 60 148
124 23 278
278 23 124
23 124 278
261 11 141
11 141 261
141 11 261
63 67 260
67 63 260
260 63 67
140 195 203
203 140 195
195 140 203
242 254 270
270 242 254
254 242 270
44 31 175
175 31 44
31 44 175
12 116 174
116 12 174
174 12 116
196 122 283
283 122 196
122 196 283
208 73 172
172 73 208
73 172 208
240 168 284
284 168 240
168 240 284
41 104 110
110 41 104
104 41 110
90 137 215
215 90 137
137 90 215
170 71 147
147 71 170
71 147 170
275 26 45
45 26 275
26 45 275
300 5 160
5 160 300
160 5 300
55 48 82
82 48 55
48 55 82
144 10 25
25 10 144
10 25 144
249 142 252
142 249 252
252 142 249
271 201 285
285 201 271
201 271 285
86 159 178
159 86 178
178 86 159
19 8 154
8 19 154
154 8 19
119 95 138
95 119 138
138 95 119
158 191 251
191 158 251
251 158 191
47 51 134
51 47 134
134 47 51
206 189 253
253 189 206
189 206 253
78 32 188
32 78 188
188 32 78
58 1 212
1 58 212
212 1 58
101 17 156
17 101 156
156 17 101
181 165 221
165 181 221
221 165 181
186 69 227
69 186 227
227 69 186
210 49 105
105 49 210
49 105 210
268 163 287
163 268 287
287 163 268
61 109 298
109 61 298
298 61 109
96 35 193
35 96 193
193 35 96
4 126 246
126 4 246
246 4 126
263 106 216
216 106 263
106 216 263
220 72 114
72 114 220
114 72 220
50 204 230
204 50 230
230 50 204
286 9 57
57 9 286
9 57 286
199 236 256
256 199 236
236 199 256
13 76 117
76 13 117
117 13 76
79 207 281
281 79 207
207 79 281
123 15 112
15 112 123
112 15 123
56 222 257
222 56 257
257 56 222
169 108 161
161 108 169
108 161 169
18 173 280
280 18 173
173 18 280
136 83 229
229 83 136
83 136 229
