11054 5900 23262
23262 5900 11054
5900 11054 23262
3808 2679 8880
2679 3808 8880
8880 2679 3808
17202 9850 26655
9850 17202 26655
26655 9850 17202
15287 21739 28319
21739 15287 28319
28319 15287 21739
3408 23559 26681
26681 3408 23559
23559 3408 26681
28884 337 795
337 795 28884
795 337 28884
22283 9856 15991
15991 9856 22283
9856 15991 22283
28008 14771 20218
14771 20218 28008
20218 14771 28008
28028 7177 28832
7177 28028 28832
28832 7177 28028
15118 4363 25232
25232 4363 15118
4363 15118 25232
26174 17262 24268
17262 24268 26174
24268 17262 26174
17169 26970 29722
26970 17169 29722
29722 17169 26970
18999 18353 21051
18353 18999 21051
21051 18353 18999
13442 20854 25058
25058 13442 20854
20854 13442 25058
27642 15926 19908
19908 15926 27642
15926 19908 27642
25384 3879 16016
3879 16016 25384
16016 3879 25384
3404 10553 26982
10553 3404 26982
26982 3404 10553
27674 2998 27267
2998 27267 27674
27267 2998 27674
14289 16950 20556
20556 14289 16950
16950 14289 20556
16661 9907 27859
9907 16661 27859
27859 9907 16661
19732 10342 24345
24345 10342 19732
10342 19732 24345
19765 14308 25948
25948 14308 19765
14308 19765 25948
21426 13422 23727
13422 21426 23727
23727 13422 21426
23253 4384 9547
9547 4384 23253
4384 9547 23253
28841 2353 2534
2353 2534 28841
2534 2353 28841
14338 6677 8775
8775 6677 14338
6677 8775 14338
17344 7843 28169
7843 17344 28169
28169 7843 17344
16817 13958 25418
25418 13958 16817
13958 16817 25418
28828 15007 15119
15007 15119 28828
15119 15007 28828
21371 3784 10274
10274 3784 21371
3784 10274 21371
5892 1583 13859
13859 1583 5892
1583 5892 13859
20029 10182 16093
16093 10182 20029
10182 16093 20029
14774 2009 12095
2009 12095 14774
12095 2009 14774
2811 15775 24263
15775 2811 24263
24263 2811 15775
11125 14343 24752
14343 11125 24752
24752 11125 14343
25512 7245 14704
7245 14704 25512
14704 7245 25512
12346 5685 25550
25550 5685 12346
5685 12346 25550
22081 13673 20202
20202 13673 22081
13673 20202 22081
18817 423 9325
423 9325 18817
9325 423 18817
1368 16654 17086
16654 1368 17086
17086 1368 16654
18637 12854 27519
12854 18637 27519
27519 12854 18637
8816 5310 5663
5663 5310 8816
5310 5663 8816
24542 2431 6360
6360 2431 24542
2431 6360 24542
25286 21250 28268
21250 25286 28268
28268 21250 25286
7833 6371 21463
21463 6371 7833
6371 7833 21463
13252 24509 29011
24509 13252 29011
29011 13252 24509
71 3436 5162
5162 71 3436
3436 71 5162
18191 14886 21308
14886 18191 21308
21308 14886 18191
16798 21331 27537
27537 16798 21331
21331 16798 27537
28334 24630 29468
24630 28334 29468
29468 24630 28334
15858 4136 9508
9508 4136 15858
4136 9508 15858
29325 5267 22532
5267 22532 29325
22532 5267 29325
24147 384 25229
25229 384 24147
384 24147 25229
23024 15224 29582
29582 15224 23024
15224 23024 29582
29654 1393 17795
1393 17795 29654
17795 1393 29654
15847 788 29703
788 15847 29703
29703 788 15847
8435 16907 27643
16907 8435 27643
27643 8435 16907
22922 4796 25700
4796 22922 25700
25700 4796 22922
14715 4633 13478
13478 4633 14715
4633 13478 14715
24934 2987 13791
13791 2987 24934
2987 13791 24934
3650 10354 29531
29531 3650 10354
10354 3650 29531
26757 11094 16156
11094 16156 26757
16156 11094 26757
22929 26937 28015
28015 22929 26937
26937 22929 28015
22488 21274 24715
24715 21274 22488
21274 22488 24715
29049 23390 24880
23390 24880 29049
24880 23390 29049
22062 16094 26646
16094 22062 26646
26646 16094 22062
12380 4894 10969
4894 10969 12380
10969 4894 12380
12364 5299 15687
15687 5299 12364
5299 12364 15687
140 9701 26286
9701 140 26286
26286 140 9701
19954 10772 12918
12918 10772 19954
10772 12918 19954
7651 23383 26181
23383 7651 26181
26181 7651 23383
4254 8920 12334
8920 4254 12334
12334 4254 8920
21334 6370 8815
6370 8815 21334
8815 6370 21334
28988 2503 21172
2503 21172 28988
21172 2503 28988
26673 9232 19176
9232 19176 26673
19176 9232 26673
8684 14543 24107
24107 8684 14543
14543 8684 24107
24156 14157 21028
21028 14157 24156
14157 21028 24156
28224 24422 24842
24842 24422 28224
24422 24842 28224
1457 23048 24493
24493 1457 23048
23048 1457 24493
27942 14726 26046
26046 14726 27942
14726 26046 27942
2777 4300 10633
4300 2777 10633
10633 2777 4300
20878 26632 29526
26632 20878 29526
29526 20878 26632
12186 14500 21011
14500 12186 21011
21011 12186 14500
8930 8822 28372
28372 8822 8930
8822 8930 28372
22758 26918 28724
28724 22758 26918
26918 22758 28724
5847 2434 24094
2434 5847 24094
24094 2434 5847
21673 2723 22820
2723 21673 22820
22820 2723 21673
14833 2664 13237
2664 13237 14833
13237 2664 14833
28391 5445 14096
5445 14096 28391
14096 5445 28391
10863 8357 20481
8357 10863 20481
20481 8357 10863
22489 676 7686
676 7686 22489
7686 676 22489
3351 9335 12009
12009 3351 9335
9335 3351 12009
11020 6888 11428
6888 11020 11428
11428 6888 11020
18720 6721 12741
6721 12741 18720
12741 6721 18720
20428 18826 23544
23544 18826 20428
18826 20428 23544
22601 9020 12130
9020 12130 22601
12130 9020 22601
1420 3184 24798
24798 1420 3184
3184 1420 24798
9256 11300 26432
11300 9256 26432
26432 9256 11300
19304 17179 28375
28375 17179 19304
17179 19304 28375
23030 17856 28469
17856 23030 28469
28469 17856 23030
6164 25578 29974
29974 6164 25578
25578 6164 29974
7682 13290 28942
28942 7682 13290
13290 7682 28942
26149 6784 29245
6784 26149 29245
29245 6784 26149
5562 11621 22853
22853 5562 11621
11621 5562 22853
1924 19975 22586
22586 1924 19975
19975 1924 22586
15620 2227 19592
19592 2227 15620
2227 15620 19592
23311 3025 28077
28077 3025 23311
3025 23311 28077
27356 9434 17467
9434 17467 27356
17467 9434 27356
8633 3917 6562
6562 3917 8633
3917 6562 8633
25200 8615 17339
8615 17339 25200
17339 8615 25200
23114 7281 14906
14906 7281 23114
7281 14906 23114
28054 20754 23260
23260 20754 28054
20754 23260 28054
785 5527 16242
5527 785 16242
16242 785 5527
7523 6100 29063
29063 6100 7523
6100 7523 29063
21837 23303 28206
23303 21837 28206
28206 21837 23303
27984 2959 28040
28040 2959 27984
2959 27984 28040
18823 3611 16819
3611 16819 18823
16819 3611 18823
22927 7189 11525
11525 7189 22927
7189 11525 22927
5366 1341 4779
1341 4779 5366
4779 1341 5366
29078 3518 14077
14077 3518 29078
3518 14077 29078
14008 25149 26924
26924 14008 25149
25149 14008 26924
2756 18754 25861
18754 2756 25861
25861 2756 18754
5605 5665 26030
26030 5605 5665
5665 5605 26030
20709 7906 13944
13944 7906 20709
7906 13944 20709
5731 13051 28230
28230 5731 13051
13051 5731 28230
20490 14403 25476
14403 20490 25476
25476 14403 20490
18799 9613 15523
15523 9613 18799
9613 15523 18799
16172 13633 29022
13633 16172 29022
29022 13633 16172
22627 5936 8658
5936 8658 22627
8658 5936 22627
9157 6362 19684
19684 6362 9157
6362 9157 19684
3433 6667 23001
23001 3433 6667
6667 3433 23001
15321 26251 27726
27726 15321 26251
26251 15321 27726
18866 4804 9278
9278 4804 18866
4804 9278 18866
4728 7244 18547
7244 4728 18547
18547 4728 7244
20105 2896 28355
2896 20105 28355
28355 2896 20105
27375 13363 23344
13363 23344 27375
23344 13363 27375
15087 5292 21524
21524 5292 15087
5292 15087 21524
1667 14415 27748
27748 1667 14415
14415 1667 27748
10046 24828 28436
28436 10046 24828
24828 10046 28436
7872 8073 16835
8073 7872 16835
16835 7872 8073
10604 14461 27830
14461 10604 27830
27830 10604 14461
9567 19276 23413
19276 9567 23413
23413 9567 19276
29340 6170 9180
6170 9180 29340
9180 6170 29340
9338 6323 8490
6323 8490 9338
8490 6323 9338
28624 7371 12805
12805 7371 28624
7371 12805 28624
28693 20971 22607
20971 22607 28693
22607 20971 28693
5678 9991 26446
26446 5678 9991
9991 5678 26446
26634 4324 25665
4324 25665 26634
25665 4324 26634
17827 5451 14518
5451 14518 17827
14518 5451 17827
18722 3015 8257
8257 3015 18722
3015 8257 18722
5075 12035 18100
12035 5075 18100
18100 5075 12035
9622 5570 19413
5570 9622 19413
19413 5570 9622
3382 11390 12011
12011 3382 11390
11390 3382 12011
18405 18654 22368
18654 18405 22368
22368 18405 18654
15151 12897 28133
12897 15151 28133
28133 12897 15151
8650 18319 27358
27358 8650 18319
18319 8650 27358
12984 8959 20148
8959 12984 20148
20148 8959 12984
27741 22659 29005
22659 27741 29005
29005 22659 27741
20510 12373 20931
12373 20510 20931
20931 12373 20510
11063 8607 14468
14468 8607 11063
8607 11063 14468
12725 9159 29398
9159 12725 29398
29398 9159 12725
8919 9092 26419
9092 8919 26419
26419 8919 9092
12783 12987 24706
12987 12783 24706
24706 12783 12987
3263 9026 21964
21964 3263 9026
9026 3263 21964
29356 17314 29152
29152 17314 29356
17314 29152 29356
20537 10109 21091
10109 20537 21091
21091 10109 20537
19964 2857 4841
4841 2857 19964
2857 4841 19964
19442 19801 19929
19801 19442 19929
19929 19442 19801
16597 7440 15800
7440 15800 16597
15800 7440 16597
946 15452 16379
16379 946 15452
15452 946 16379
19978 2171 20593
20593 2171 19978
2171 19978 20593
21845 4780 18585
18585 4780 21845
4780 18585 21845
16091 14967 20730
20730 14967 16091
14967 16091 20730
23010 12415 24119
12415 23010 24119
24119 12415 23010
24653 1943 19700
1943 19700 24653
19700 1943 24653
23590 7564 11269
7564 11269 23590
11269 7564 23590
22527 3277 19808
19808 3277 22527
3277 19808 22527
4557 3046 27801
3046 4557 27801
27801 3046 4557
10972 8519 10123
8519 10123 10972
10123 8519 10972
26236 28621 29769
28621 26236 29769
29769 26236 28621
2917 13521 24494
13521 2917 24494
24494 2917 13521
23704 13150 19281
13150 19281 23704
19281 13150 23704
10858 15092 16346
16346 10858 15092
15092 10858 16346
29777 25379 29293
25379 29293 29777
29293 25379 29777
28001 21330 22832
22832 21330 28001
21330 22832 28001
24066 14430 18641
14430 18641 24066
18641 14430 24066
27624 21069 29025
29025 21069 27624
21069 27624 29025
13413 8239 23522
8239 13413 23522
23522 8239 13413
25067 18789 26355
18789 25067 26355
26355 18789 25067
15741 8535 13903
8535 13903 15741
13903 8535 15741
23040 10780 15912
10780 15912 23040
15912 10780 23040
17822 2294 18657
2294 17822 18657
18657 2294 17822
28293 9571 19837
19837 9571 28293
9571 19837 28293
16590 8679 10851
10851 8679 16590
8679 10851 16590
27889 26630 29534
29534 26630 27889
26630 27889 29534
3561 10546 22515
10546 3561 22515
22515 3561 10546
28963 11486 20737
11486 20737 28963
20737 11486 28963
20232 21491 29457
21491 20232 29457
29457 20232 21491
1684 17120 20612
20612 1684 17120
17120 1684 20612
9116 6655 23818
6655 9116 23818
23818 6655 9116
4274 11375 28239
11375 4274 28239
28239 4274 11375
21938 11981 26752
26752 11981 21938
11981 21938 26752
18401 11741 19135
11741 18401 19135
19135 11741 18401
23550 6548 21053
6548 21053 23550
21053 6548 23550
25760 10440 13455
13455 10440 25760
10440 13455 25760
29575 15128 23333
23333 15128 29575
15128 23333 29575
19850 2423 8230
8230 2423 19850
2423 8230 19850
17757 14508 24053
24053 14508 17757
14508 17757 24053
15613 14306 15666
14306 15613 15666
15666 14306 15613
15407 3919 22848
3919 15407 22848
22848 3919 15407
8169 2972 27009
2972 8169 27009
27009 2972 8169
4784 2078 5488
5488 2078 4784
2078 4784 5488
12999 25243 28090
25243 12999 28090
28090 12999 25243
9689 966 26542
26542 966 9689
966 9689 26542
20017 6729 17264
6729 17264 20017
17264 6729 20017
25509 9090 27922
27922 9090 25509
9090 25509 27922
1757 17027 27371
27371 1757 17027
17027 1757 27371
19673 15217 20622
15217 19673 20622
20622 15217 19673
14214 6387 21503
6387 14214 21503
21503 6387 14214
22335 22636 24786
24786 22335 22636
22636 22335 24786
25150 10790 29517
10790 25150 29517
29517 10790 25150
6755 566 22782
566 6755 22782
22782 566 6755
13760 18561 23237
23237 13760 18561
18561 13760 23237
14239 13643 19566
13643 14239 19566
19566 13643 14239
20553 15101 29478
29478 15101 20553
15101 20553 29478
24546 15100 23509
15100 23509 24546
23509 15100 24546
3129 20461 25433
25433 3129 20461
20461 3129 25433
10332 25263 29671
25263 10332 29671
29671 10332 25263
4759 12360 16239
12360 4759 16239
16239 4759 12360
4798 7489 11547
7489 4798 11547
11547 4798 7489
3123 2303 2408
2408 2303 3123
2303 2408 3123
3713 3125 14849
14849 3125 3713
3125 3713 14849
7866 13466 19106
19106 7866 13466
13466 7866 19106
10253 422 18707
18707 422 10253
422 10253 18707
9496 16339 29271
29271 9496 16339
16339 9496 29271
3341 8591 27025
8591 3341 27025
27025 3341 8591
21994 7233 25467
7233 21994 25467
25467 7233 21994
29536 9617 22272
9617 22272 29536
22272 9617 29536
27957 4330 13753
4330 13753 27957
13753 4330 27957
14960 20368 26844
20368 14960 26844
26844 14960 20368
24377 27361 28262
27361 24377 28262
28262 24377 27361
26270 1297 16148
1297 16148 26270
16148 1297 26270
25365 10083 12133
10083 12133 25365
12133 10083 25365
20870 1478 4771
4771 1478 20870
1478 4771 20870
15810 1269 17752
1269 15810 17752
17752 1269 15810
14874 3191 17553
3191 14874 17553
17553 3191 14874
14604 11894 16246
16246 11894 14604
11894 14604 16246
1114 24618 29236
24618 1114 29236
29236 1114 24618
15351 1530 24359
24359 1530 15351
1530 15351 24359
895 7094 21455
21455 895 7094
7094 895 21455
12305 4122 21365
4122 12305 21365
21365 4122 12305
29621 17613 26404
26404 17613 29621
17613 26404 29621
25980 1421 25798
1421 25798 25980
25798 1421 25980
18825 14277 28718
28718 14277 18825
14277 18825 28718
25705 23151 28011
23151 25705 28011
28011 23151 25705
3893 9579 27808
27808 3893 9579
9579 3893 27808
1169 10234 12135
12135 1169 10234
10234 1169 12135
20783 14394 28223
28223 14394 20783
14394 20783 28223
18107 26110 29164
26110 18107 29164
29164 18107 26110
12965 5097 14875
5097 12965 14875
14875 5097 12965
8806 1147 7910
7910 1147 8806
1147 7910 8806
17502 10136 19520
19520 10136 17502
10136 17502 19520
21364 27762 29650
29650 21364 27762
27762 21364 29650
15070 1394 12243
12243 1394 15070
1394 12243 15070
27351 22876 28352
22876 27351 28352
28352 22876 27351
26560 19361 29332
19361 26560 29332
29332 19361 26560
29739 12073 27127
27127 12073 29739
12073 27127 29739
29841 2842 25841
2842 25841 29841
25841 2842 29841
21188 8302 9983
8302 9983 21188
9983 8302 21188
10815 1662 14066
1662 10815 14066
14066 1662 10815
16627 10509 26624
26624 10509 16627
10509 16627 26624
15631 126 8024
8024 126 15631
126 8024 15631
10169 10 12030
12030 10 10169
10 10169 12030
20514 4280 22949
22949 4280 20514
4280 20514 22949
26037 9240 10539
9240 10539 26037
10539 9240 26037
16392 9515 18022
9515 16392 18022
18022 9515 16392
20086 13121 21309
21309 13121 20086
13121 20086 21309
14283 17381 19622
19622 14283 17381
17381 14283 19622
12690 351 25846
351 12690 25846
25846 351 12690
28596 6215 29566
29566 6215 28596
6215 28596 29566
29064 6185 23201
6185 23201 29064
23201 6185 29064
24616 3701 9713
3701 9713 24616
9713 3701 24616
1524 9004 19057
9004 1524 19057
19057 1524 9004
19082 11069 27535
27535 11069 19082
11069 19082 27535
5328 6145 20331
6145 5328 20331
20331 5328 6145
5512 14832 15826
14832 5512 15826
15826 5512 14832
10606 7255 14231
14231 7255 10606
7255 10606 14231
18190 14625 29255
29255 14625 18190
14625 18190 29255
13201 22856 27093
22856 13201 27093
27093 13201 22856
6298 17547 20005
20005 6298 17547
17547 6298 20005
258 1037 14449
1037 258 14449
14449 258 1037
19823 5500 24895
5500 19823 24895
24895 5500 19823
26087 13787 14342
14342 13787 26087
13787 14342 26087
5590 10465 23685
23685 5590 10465
10465 5590 23685
2131 8106 21667
8106 2131 21667
21667 2131 8106
12815 1109 5171
1109 5171 12815
5171 1109 12815
11677 5597 24944
5597 11677 24944
24944 5597 11677
26315 12554 12844
12554 12844 26315
12844 12554 26315
3667 17667 25617
25617 3667 17667
17667 3667 25617
27802 873 6907
6907 873 27802
873 6907 27802
1266 6843 27508
27508 1266 6843
6843 1266 27508
29216 7135 24180
7135 24180 29216
24180 7135 29216
15380 21756 25713
21756 15380 25713
25713 15380 21756
9970 13345 23213
13345 9970 23213
23213 9970 13345
27397 715 22297
22297 715 27397
715 22297 27397
8555 21494 28412
21494 8555 28412
28412 8555 21494
3750 19456 21989
21989 3750 19456
19456 3750 21989
19822 3063 25827
25827 3063 19822
3063 19822 25827
25548 407 26807
26807 407 25548
407 25548 26807
26345 2905 19876
19876 2905 26345
2905 19876 26345
21522 12537 14063
12537 14063 21522
14063 12537 21522
1069 12446 29807
29807 1069 12446
12446 1069 29807
12093 7365 13101
13101 7365 12093
7365 12093 13101
18691 18402 22574
22574 18402 18691
18402 18691 22574
11604 8771 9089
9089 8771 11604
8771 9089 11604
7894 16884 28474
28474 7894 16884
16884 7894 28474
20843 15197 25271
25271 15197 20843
15197 20843 25271
23679 25349 27348
27348 23679 25349
25349 23679 27348
28641 15394 26522
15394 26522 28641
26522 15394 28641
18804 15362 15812
15362 15812 18804
15812 15362 18804
3234 18419 25173
18419 3234 25173
25173 3234 18419
25407 1380 16127
16127 1380 25407
1380 16127 25407
3070 12738 26019
12738 3070 26019
26019 3070 12738
2135 15763 28094
15763 2135 28094
28094 2135 15763
22144 7772 8944
7772 8944 22144
8944 7772 22144
28571 5329 7819
5329 7819 28571
7819 5329 28571
24420 9630 12260
12260 9630 24420
9630 12260 24420
1483 7728 27390
27390 1483 7728
7728 1483 27390
20152 1103 28433
28433 1103 20152
1103 20152 28433
26500 21617 24996
24996 21617 26500
21617 24996 26500
16117 3959 14838
3959 14838 16117
14838 3959 16117
13243 15352 16728
16728 13243 15352
15352 13243 16728
26513 8038 19268
8038 19268 26513
19268 8038 26513
24671 5338 27658
5338 24671 27658
27658 5338 24671
14489 8716 24540
24540 8716 14489
8716 14489 24540
27215 7051 17192
17192 7051 27215
7051 17192 27215
9598 13712 20766
13712 9598 20766
20766 9598 13712
14972 3216 9828
9828 3216 14972
3216 9828 14972
10259 10954 16257
16257 10259 10954
10954 10259 16257
28264 5320 14930
5320 14930 28264
14930 5320 28264
10232 9201 22962
22962 9201 10232
9201 10232 22962
3658 6700 10029
10029 3658 6700
6700 3658 10029
26703 18444 28210
28210 18444 26703
18444 26703 28210
2052 8029 10871
10871 2052 8029
8029 2052 10871
25478 4653 5686
4653 5686 25478
5686 4653 25478
18021 6015 23332
23332 6015 18021
6015 18021 23332
21467 15034 22017
22017 15034 21467
15034 21467 22017
18122 4240 19288
4240 18122 19288
19288 4240 18122
14794 1104 13867
13867 1104 14794
1104 13867 14794
24978 15317 22500
15317 22500 24978
22500 15317 24978
8747 11689 20616
11689 8747 20616
20616 8747 11689
13739 4957 13046
13046 4957 13739
4957 13046 13739
1205 2973 13045
13045 1205 2973
2973 1205 13045
954 17078 20598
20598 954 17078
17078 954 20598
20093 25217 26122
25217 20093 26122
26122 20093 25217
2400 5450 16536
16536 2400 5450
5450 2400 16536
24150 11 13578
13578 11 24150
11 13578 24150
11455 21643 27129
21643 11455 27129
27129 11455 21643
3587 7868 9388
7868 3587 9388
9388 3587 7868
19518 2003 11806
2003 11806 19518
11806 2003 19518
4299 4918 5096
4918 4299 5096
5096 4299 4918
12594 18748 20078
20078 12594 18748
18748 12594 20078
20869 16024 17668
17668 16024 20869
16024 17668 20869
26867 8399 13066
13066 8399 26867
8399 13066 26867
29976 16542 29905
16542 29905 29976
29905 16542 29976
16559 10355 15861
10355 15861 16559
15861 10355 16559
29276 9782 16723
9782 16723 29276
16723 9782 29276
15975 20248 22875
20248 15975 22875
22875 15975 20248
28353 16291 27019
16291 27019 28353
27019 16291 28353
19842 3949 17203
17203 3949 19842
3949 17203 19842
19440 8141 14151
8141 14151 19440
14151 8141 19440
18778 6604 29401
6604 18778 29401
29401 6604 18778
6974 1998 6813
1998 6813 6974
6813 1998 6974
5996 24860 27042
27042 5996 24860
24860 5996 27042
8925 16523 22958
16523 8925 22958
22958 8925 16523
28667 17947 28830
17947 28667 28830
28830 17947 28667
1006 9047 24782
24782 1006 9047
9047 1006 24782
17029 2528 20040
20040 2528 17029
2528 17029 20040
5615 5149 28416
28416 5149 5615
5149 5615 28416
10531 21612 25965
25965 10531 21612
21612 10531 25965
20993 3225 27474
3225 20993 27474
27474 3225 20993
14538 8577 26559
8577 14538 26559
26559 8577 14538
5043 17632 19050
19050 5043 17632
17632 5043 19050
10707 23914 28823
28823 10707 23914
23914 10707 28823
13967 13660 21352
21352 13660 13967
13660 13967 21352
16765 10504 16530
10504 16530 16765
16530 10504 16765
23660 14988 24552
14988 23660 24552
24552 14988 23660
27571 17259 25118
25118 17259 27571
17259 25118 27571
12256 26429 28602
26429 12256 28602
28602 12256 26429
17399 24282 25309
24282 17399 25309
25309 17399 24282
23869 25822 29295
25822 23869 29295
29295 23869 25822
13220 11761 12351
11761 12351 13220
12351 11761 13220
15458 4146 9741
4146 9741 15458
9741 4146 15458
2932 22397 23391
22397 2932 23391
23391 2932 22397
25227 28443 29738
28443 25227 29738
29738 25227 28443
14102 12239 26928
12239 14102 26928
26928 12239 14102
16987 13351 28656
28656 13351 16987
13351 16987 28656
9541 2822 13550
2822 9541 13550
13550 2822 9541
17727 9330 23512
23512 9330 17727
9330 17727 23512
14775 27212 28350
28350 14775 27212
27212 14775 28350
8543 10874 27908
27908 8543 10874
10874 8543 27908
28138 8703 20846
20846 8703 28138
8703 20846 28138
6245 701 11531
701 6245 11531
11531 701 6245
3370 370 5233
5233 370 3370
370 3370 5233
9659 3795 15487
15487 3795 9659
3795 9659 15487
13479 20191 28204
20191 13479 28204
28204 13479 20191
10855 21928 26831
21928 10855 26831
26831 10855 21928
9602 6847 8600
6847 8600 9602
8600 6847 9602
20581 7731 29227
7731 20581 29227
29227 7731 20581
25252 5121 24531
5121 24531 25252
24531 5121 25252
18895 829 19501
829 18895 19501
19501 829 18895
4816 251 28720
28720 251 4816
251 4816 28720
22569 6403 10447
6403 10447 22569
10447 6403 22569
20225 1511 17272
17272 1511 20225
1511 17272 20225
24736 19251 27533
27533 19251 24736
19251 24736 27533
27736 12704 24318
24318 12704 27736
12704 24318 27736
8076 5106 17765
17765 5106 8076
5106 8076 17765
24932 1543 27220
1543 24932 27220
27220 1543 24932
13360 2700 22970
22970 2700 13360
2700 13360 22970
8595 8039 24850
8039 8595 24850
24850 8039 8595
9183 9260 22197
9260 9183 22197
22197 9183 9260
790 3222 6764
3222 790 6764
6764 790 3222
22702 8942 27014
8942 22702 27014
27014 8942 22702
17307 5289 7110
7110 5289 17307
5289 7110 17307
27547 129 8760
8760 129 27547
129 8760 27547
2419 13004 14446
13004 2419 14446
14446 2419 13004
8382 10048 15627
15627 8382 10048
10048 8382 15627
4246 16321 25065
25065 4246 16321
16321 4246 25065
27927 12372 14274
12372 14274 27927
14274 12372 27927
587 11134 16901
11134 587 16901
16901 587 11134
17156 23148 28141
28141 17156 23148
23148 17156 28141
25250 21666 22511
22511 21666 25250
21666 22511 25250
29193 18755 18844
18844 18755 29193
18755 18844 29193
20118 1026 15095
1026 15095 20118
15095 1026 20118
2566 3753 7500
7500 2566 3753
3753 2566 7500
6099 11501 11544
11544 6099 11501
11501 6099 11544
22064 8997 14085
8997 14085 22064
14085 8997 22064
29963 4588 24075
24075 4588 29963
4588 24075 29963
16072 11936 12980
12980 11936 16072
11936 12980 16072
24286 12513 13400
13400 12513 24286
12513 13400 24286
26686 8814 13697
8814 13697 26686
13697 8814 26686
6618 12209 25417
25417 6618 12209
12209 6618 25417
11883 1093 18955
18955 1093 11883
1093 11883 18955
22595 960 24208
24208 960 22595
960 22595 24208
12799 7792 15602
15602 7792 12799
7792 12799 15602
11888 7738 15163
7738 11888 15163
15163 7738 11888
3397 4028 23041
23041 3397 4028
4028 3397 23041
22521 7748 27722
27722 7748 22521
7748 22521 27722
7988 160 29996
29996 160 7988
160 7988 29996
1212 12976 13529
13529 1212 12976
12976 1212 13529
6147 6675 16935
6675 6147 16935
16935 6147 6675
29319 217 632
217 632 29319
632 217 29319
23138 13330 21637
21637 13330 23138
13330 21637 23138
25325 2086 15528
15528 2086 25325
2086 15528 25325
22765 6420 10435
6420 10435 22765
10435 6420 22765
5945 22940 27142
22940 5945 27142
27142 5945 22940
29551 1838 11384
11384 1838 29551
1838 11384 29551
25591 7492 28669
7492 25591 28669
28669 7492 25591
8608 2770 22239
2770 8608 22239
22239 2770 8608
8061 9066 25370
25370 8061 9066
9066 8061 25370
23371 10471 17676
17676 10471 23371
10471 17676 23371
2464 7165 10151
10151 2464 7165
7165 2464 10151
19638 13594 22381
22381 13594 19638
13594 19638 22381
20845 3632 12117
12117 3632 20845
3632 12117 20845
2326 4401 28422
4401 2326 28422
28422 2326 4401
21024 9839 13536
13536 9839 21024
9839 13536 21024
28170 21139 29261
29261 21139 28170
21139 28170 29261
20190 7854 29537
29537 7854 20190
7854 20190 29537
24316 24522 26490
24522 24316 26490
26490 24316 24522
9347 12270 12546
12270 9347 12546
12546 9347 12270
29403 10137 25459
25459 10137 29403
10137 25459 29403
20184 2308 21557
21557 2308 20184
2308 20184 21557
3421 20919 20969
20919 3421 20969
20969 3421 20919
28957 14556 22171
22171 14556 28957
14556 22171 28957
29549 16465 17684
16465 17684 29549
17684 16465 29549
16233 5906 17205
5906 16233 17205
17205 5906 16233
6007 6506 24012
24012 6007 6506
6506 6007 24012
27106 1434 17659
1434 17659 27106
17659 1434 27106
28875 19373 24046
19373 24046 28875
24046 19373 28875
23626 4279 13000
13000 4279 23626
4279 13000 23626
22605 2785 14523
14523 2785 22605
2785 14523 22605
3471 2022 17525
17525 2022 3471
2022 3471 17525
19407 11318 27716
27716 11318 19407
11318 19407 27716
17041 4843 5132
5132 4843 17041
4843 5132 17041
10288 9511 28820
28820 9511 10288
9511 10288 28820
6490 24149 26348
26348 6490 24149
24149 6490 26348
27880 10460 23628
10460 23628 27880
23628 10460 27880
9237 27990 29060
29060 9237 27990
27990 9237 29060
5029 11634 14389
11634 5029 14389
14389 5029 11634
13996 5400 9261
5400 9261 13996
9261 5400 13996
25404 746 10758
10758 746 25404
746 10758 25404
5158 8922 27564
8922 5158 27564
27564 5158 8922
23144 10429 23241
10429 23144 23241
23241 10429 23144
3646 138 9491
9491 138 3646
138 3646 9491
15874 16316 29679
16316 15874 29679
29679 15874 16316
1210 12049 25573
12049 1210 25573
25573 1210 12049
14244 281 24749
24749 281 14244
281 14244 24749
18438 13225 18415
13225 18415 18438
18415 13225 18438
14648 8167 20298
20298 8167 14648
8167 14648 20298
23722 10336 22670
10336 22670 23722
22670 10336 23722
22646 13205 18851
13205 18851 22646
18851 13205 22646
3916 19 20492
19 3916 20492
20492 19 3916
28326 19757 25842
19757 25842 28326
25842 19757 28326
15433 17956 29999
29999 15433 17956
17956 15433 29999
29926 5440 15825
5440 15825 29926
15825 5440 29926
9115 10911 12645
12645 9115 10911
10911 9115 12645
9934 4329 13294
4329 9934 13294
13294 4329 9934
18675 17289 26049
17289 18675 26049
26049 17289 18675
13815 4283 26810
4283 13815 26810
26810 4283 13815
25745 21679 29436
21679 25745 29436
29436 21679 25745
17606 18288 26327
18288 17606 26327
26327 17606 18288
24216 9999 22058
9999 22058 24216
22058 9999 24216
17672 20047 22192
20047 17672 22192
22192 17672 20047
15155 9426 21744
9426 15155 21744
21744 9426 15155
5000 4148 21945
21945 4148 5000
4148 5000 21945
1948 6150 29908
29908 1948 6150
6150 1948 29908
6390 17941 20236
20236 6390 17941
17941 6390 20236
20560 11145 29228
11145 20560 29228
29228 11145 20560
16436 19790 24394
24394 16436 19790
19790 16436 24394
12247 6121 17352
6121 12247 17352
17352 6121 12247
8647 12813 13795
12813 8647 13795
13795 8647 12813
9698 20827 23381
20827 9698 23381
23381 9698 20827
12015 25398 29788
29788 12015 25398
25398 12015 29788
12222 2163 22667
2163 12222 22667
22667 2163 12222
16539 6173 14713
6173 14713 16539
14713 6173 16539
24470 2486 19170
19170 2486 24470
2486 19170 24470
3726 4326 11381
4326 3726 11381
11381 3726 4326
4112 20903 27409
20903 4112 27409
27409 4112 20903
3398 4141 23305
23305 3398 4141
4141 3398 23305
7375 18703 27363
18703 7375 27363
27363 7375 18703
11764 17875 23800
23800 11764 17875
17875 11764 23800
16074 9464 14598
9464 14598 16074
14598 9464 16074
13547 8728 18112
18112 8728 13547
8728 13547 18112
778 13001 25127
25127 778 13001
13001 778 25127
18903 23999 24507
24507 18903 23999
23999 18903 24507
20918 6364 22611
22611 6364 20918
6364 20918 22611
23498 16902 25633
25633 16902 23498
16902 23498 25633
18187 8961 15344
15344 8961 18187
8961 15344 18187
27954 3976 17495
3976 17495 27954
17495 3976 27954
7699 6046 17743
17743 6046 7699
6046 7699 17743
29194 4888 27697
4888 27697 29194
27697 4888 29194
4037 19889 25523
25523 4037 19889
19889 4037 25523
857 2394 10035
2394 857 10035
10035 857 2394
25876 14443 21776
21776 14443 25876
14443 21776 25876
7021 9190 22757
22757 7021 9190
9190 7021 22757
8890 7083 28791
7083 8890 28791
28791 7083 8890
10649 11387 12231
11387 10649 12231
12231 10649 11387
1259 2100 14127
14127 1259 2100
2100 1259 14127
25806 26973 27498
26973 25806 27498
27498 25806 26973
12286 19580 26578
19580 12286 26578
26578 12286 19580
886 22031 24382
22031 886 24382
24382 886 22031
24927 6431 18730
6431 18730 24927
18730 6431 24927
19040 3093 28790
28790 3093 19040
3093 19040 28790
11513 5812 11588
11588 5812 11513
5812 11513 11588
19418 15552 26214
26214 15552 19418
15552 19418 26214
10125 13955 16296
13955 10125 16296
16296 10125 13955
15305 12291 28318
12291 15305 28318
28318 12291 15305
14016 24251 29247
29247 14016 24251
24251 14016 29247
1575 24298 29430
29430 1575 24298
24298 1575 29430
3178 17885 23441
17885 3178 23441
23441 3178 17885
27743 20500 24784
20500 24784 27743
24784 20500 27743
6695 18797 22714
22714 6695 18797
18797 6695 22714
4362 24968 27010
27010 4362 24968
24968 4362 27010
8007 3105 16174
3105 8007 16174
16174 3105 8007
17903 6090 29953
6090 17903 29953
29953 6090 17903
17789 5954 11097
5954 11097 17789
11097 5954 17789
22614 25284 26784
26784 22614 25284
25284 22614 26784
19419 15816 17944
17944 15816 19419
15816 17944 19419
17674 15659 17298
17298 15659 17674
15659 17298 17674
1263 5832 11419
11419 1263 5832
5832 1263 11419
23739 4983 6838
6838 4983 23739
4983 6838 23739
4145 7167 9836
7167 4145 9836
9836 4145 7167
2555 18723 27781
18723 2555 27781
27781 2555 18723
27649 19151 27487
19151 27487 27649
27487 19151 27649
13450 11742 27107
11742 13450 27107
27107 11742 13450
22862 10490 23088
23088 10490 22862
10490 22862 23088
16081 7459 10433
7459 10433 16081
10433 7459 16081
25400 25366 28960
25366 25400 28960
28960 25366 25400
27007 8838 10021
10021 8838 27007
8838 10021 27007
1694 17679 19297
17679 1694 19297
19297 1694 17679
22049 26373 29487
26373 22049 29487
29487 22049 26373
21550 10220 21556
21556 10220 21550
10220 21550 21556
22795 1805 16775
16775 1805 22795
1805 16775 22795
4810 13289 25368
13289 4810 25368
25368 4810 13289
14892 983 18280
18280 983 14892
983 14892 18280
399 18274 19489
18274 399 19489
19489 399 18274
20507 19562 20438
20438 19562 20507
19562 20438 20507
4733 5047 14064
14064 4733 5047
5047 4733 14064
25020 10740 23283
10740 23283 25020
23283 10740 25020
17491 17415 28588
17415 17491 28588
28588 17415 17491
20291 29606 29613
29613 20291 29606
29606 20291 29613
26442 3236 23395
23395 3236 26442
3236 23395 26442
1781 6673 11651
6673 1781 11651
11651 1781 6673
26152 20759 24140
20759 24140 26152
24140 20759 26152
25816 441 28584
28584 441 25816
441 25816 28584
28688 5750 19278
19278 5750 28688
5750 19278 28688
18414 5534 6685
5534 6685 18414
6685 5534 18414
13897 3571 15256
15256 3571 13897
3571 13897 15256
27555 26330 28044
26330 27555 28044
28044 26330 27555
12572 10275 18335
18335 10275 12572
10275 12572 18335
6742 16178 24218
16178 6742 24218
24218 6742 16178
28366 11849 25715
25715 11849 28366
11849 25715 28366
7347 678 5788
5788 678 7347
678 5788 7347
19293 16158 24438
24438 16158 19293
16158 19293 24438
17178 6787 12217
12217 6787 17178
6787 12217 17178
28302 12079 24912
12079 24912 28302
24912 12079 28302
22653 12830 18368
12830 18368 22653
18368 12830 22653
7183 16129 29323
16129 7183 29323
29323 7183 16129
15639 13727 24034
13727 15639 24034
24034 13727 15639
21834 5565 20977
20977 5565 21834
5565 20977 21834
11152 1885 9599
1885 9599 11152
9599 1885 11152
11617 4630 14216
4630 11617 14216
14216 4630 11617
25472 12361 20657
12361 20657 25472
20657 12361 25472
14087 2837 20173
20173 2837 14087
2837 14087 20173
12248 16420 28545
16420 12248 28545
28545 12248 16420
6921 2393 12781
2393 6921 12781
12781 2393 6921
16867 1219 10075
10075 1219 16867
1219 10075 16867
13952 3993 19770
19770 3993 13952
3993 13952 19770
19839 17862 29915
17862 19839 29915
29915 17862 19839
23226 12275 29140
12275 23226 29140
29140 12275 23226
27339 2779 27746
27746 2779 27339
2779 27339 27746
26358 1281 20176
20176 1281 26358
1281 20176 26358
27557 22773 26008
22773 26008 27557
26008 22773 27557
19229 18250 20721
20721 18250 19229
18250 19229 20721
8713 246 7959
7959 246 8713
246 7959 8713
14179 8151 14397
8151 14179 14397
14397 8151 14179
15184 2017 10153
2017 10153 15184
10153 2017 15184
14347 17582 22706
17582 14347 22706
22706 14347 17582
22734 5862 14926
5862 14926 22734
14926 5862 22734
2382 14350 21752
14350 2382 21752
21752 2382 14350
5141 16212 28369
16212 5141 28369
28369 5141 16212
27513 19546 29013
29013 19546 27513
19546 27513 29013
3461 19171 20020
19171 3461 20020
20020 3461 19171
24885 6359 11957
6359 11957 24885
11957 6359 24885
12687 7561 9359
7561 9359 12687
9359 7561 12687
19663 3858 28553
3858 19663 28553
28553 3858 19663
13240 636 16570
16570 636 13240
636 13240 16570
29895 12036 16300
16300 12036 29895
12036 16300 29895
3817 27622 29424
27622 3817 29424
29424 3817 27622
16458 5891 12208
12208 5891 16458
5891 12208 16458
7962 2828 16504
16504 2828 7962
2828 7962 16504
14147 2725 8446
2725 8446 14147
8446 2725 14147
5931 5202 17866
17866 5202 5931
5202 5931 17866
21414 201 4891
201 4891 21414
4891 201 21414
8554 12659 17964
17964 8554 12659
12659 8554 17964
25923 9431 15384
9431 15384 25923
15384 9431 25923
10599 23223 28977
23223 10599 28977
28977 10599 23223
29297 6110 11762
11762 6110 29297
6110 11762 29297
8040 8881 18497
18497 8040 8881
8881 8040 18497
5082 27046 27429
27046 5082 27429
27429 5082 27046
17648 6077 13301
13301 6077 17648
6077 13301 17648
244 1642 19986
1642 244 19986
19986 244 1642
15109 1160 12255
12255 1160 15109
1160 12255 15109
2814 1079 29652
1079 2814 29652
29652 1079 2814
8362 13796 25738
13796 8362 25738
25738 8362 13796
28901 5138 20201
5138 20201 28901
20201 5138 28901
18962 15793 22416
15793 18962 22416
22416 15793 18962
3148 4418 5940
5940 3148 4418
4418 3148 5940
3403 4624 28056
28056 3403 4624
4624 3403 28056
27174 15194 16633
15194 16633 27174
16633 15194 27174
11749 19198 25310
25310 11749 19198
19198 11749 25310
10886 3602 4465
4465 3602 10886
3602 4465 10886
24662 534 6702
534 6702 24662
6702 534 24662
16840 22153 23901
22153 16840 23901
23901 16840 22153
22561 8943 15211
8943 15211 22561
15211 8943 22561
7117 16107 21737
21737 7117 16107
16107 7117 21737
1373 24590 27130
24590 1373 27130
27130 1373 24590
27545 15182 26041
26041 15182 27545
15182 26041 27545
14851 4977 17910
17910 4977 14851
4977 14851 17910
21213 4050 21095
4050 21095 21213
21095 4050 21213
26628 3524 13273
3524 13273 26628
13273 3524 26628
28633 17161 24490
24490 17161 28633
17161 24490 28633
19207 2790 8496
2790 8496 19207
8496 2790 19207
9358 18548 22401
22401 9358 18548
18548 9358 22401
24634 12366 23439
12366 23439 24634
23439 12366 24634
24730 11120 16758
11120 16758 24730
16758 11120 24730
15108 10215 11287
10215 11287 15108
11287 10215 15108
24283 4596 4699
4699 4596 24283
4596 4699 24283
21651 4 1570
1570 4 21651
4 1570 21651
27654 5448 16400
16400 5448 27654
5448 16400 27654
18501 4323 26183
4323 18501 26183
26183 4323 18501
13948 22674 24433
22674 13948 24433
24433 13948 22674
20261 279 5852
5852 279 20261
279 5852 20261
20067 14062 24257
14062 20067 24257
24257 14062 20067
23747 12258 13960
12258 13960 23747
13960 12258 23747
23365 23424 27121
27121 23365 23424
23424 23365 27121
5085 8837 11823
11823 5085 8837
8837 5085 11823
5064 14028 24981
14028 5064 24981
24981 5064 14028
2642 6006 13184
13184 2642 6006
6006 2642 13184
27838 3514 29294
29294 3514 27838
3514 27838 29294
14653 9516 19299
9516 14653 19299
19299 9516 14653
16160 1335 24986
1335 16160 24986
24986 1335 16160
10743 2386 4911
4911 2386 10743
2386 4911 10743
17994 13860 18521
18521 13860 17994
13860 17994 18521
4476 15053 28843
28843 4476 15053
15053 4476 28843
19128 276 9835
276 9835 19128
9835 276 19128
3168 5619 8184
5619 3168 8184
8184 3168 5619
297 12008 12996
12008 297 12996
12996 297 12008
13898 14831 28400
14831 13898 28400
28400 13898 14831
2161 10577 18028
10577 2161 18028
18028 2161 10577
24652 5544 15701
15701 5544 24652
5544 15701 24652
12148 7095 16513
7095 12148 16513
16513 7095 12148
29687 10741 27279
10741 27279 29687
27279 10741 29687
29371 12868 21657
12868 21657 29371
21657 12868 29371
13675 2833 7208
7208 2833 13675
2833 7208 13675
26387 16085 23199
16085 23199 26387
23199 16085 26387
16304 17081 27101
27101 16304 17081
17081 16304 27101
14130 12075 12751
12751 12075 14130
12075 12751 14130
28628 380 5506
5506 380 28628
380 5506 28628
3669 6377 9677
6377 3669 9677
9677 3669 6377
1623 16080 17067
17067 1623 16080
16080 1623 17067
24810 9667 21680
9667 21680 24810
21680 9667 24810
25868 5825 11398
11398 5825 25868
5825 11398 25868
16947 21813 26966
21813 16947 26966
26966 16947 21813
11188 11855 26488
11855 11188 26488
26488 11188 11855
26473 1447 18009
1447 18009 26473
18009 1447 26473
7076 301 4115
301 4115 7076
4115 301 7076
19875 6354 24785
24785 6354 19875
6354 19875 24785
29059 13557 29718
13557 29059 29718
29718 13557 29059
23014 20244 26733
20244 23014 26733
26733 20244 23014
27933 13335 29422
29422 13335 27933
13335 27933 29422
25002 13143 28749
28749 13143 25002
13143 25002 28749
1621 5698 17919
17919 1621 5698
5698 1621 17919
27780 20523 21294
20523 21294 27780
21294 20523 27780
12464 15263 20478
20478 12464 15263
15263 12464 20478
13026 22807 27951
22807 13026 27951
27951 13026 22807
16338 5768 26778
5768 16338 26778
26778 5768 16338
22468 5142 22036
22036 5142 22468
5142 22036 22468
26886 5977 28010
28010 5977 26886
5977 26886 28010
18750 2805 20008
20008 2805 18750
2805 18750 20008
27367 19033 29057
19033 27367 29057
29057 19033 27367
18647 8246 26529
26529 8246 18647
8246 18647 26529
3572 2535 13224
2535 3572 13224
13224 2535 3572
6746 23368 24357
24357 6746 23368
23368 6746 24357
25245 8799 21525
21525 8799 25245
8799 21525 25245
13213 3199 15147
15147 3199 13213
3199 13213 15147
3264 11130 20412
20412 3264 11130
11130 3264 20412
89 2997 28892
2997 89 28892
28892 89 2997
22044 8735 16375
16375 8735 22044
8735 16375 22044
18431 16344 26021
26021 16344 18431
16344 18431 26021
12933 3258 20881
3258 12933 20881
20881 3258 12933
4168 2133 10689
2133 4168 10689
10689 2133 4168
150 12047 23434
12047 150 23434
23434 150 12047
5314 25782 27846
25782 5314 27846
27846 5314 25782
10393 11915 18341
18341 10393 11915
11915 10393 18341
5703 6341 11061
11061 5703 6341
6341 5703 11061
1238 21241 27847
21241 1238 27847
27847 1238 21241
25169 11461 11899
11461 11899 25169
11899 11461 25169
15071 24799 27817
27817 15071 24799
24799 15071 27817
17416 11004 23428
11004 17416 23428
23428 11004 17416
25789 26115 28685
26115 25789 28685
28685 25789 26115
3989 7604 20381
7604 3989 20381
20381 3989 7604
18390 17267 27813
17267 18390 27813
27813 17267 18390
11815 3308 22871
3308 11815 22871
22871 3308 11815
5375 6287 14819
6287 5375 14819
14819 5375 6287
11078 18837 25182
18837 11078 25182
25182 11078 18837
23388 5537 16910
5537 16910 23388
16910 5537 23388
12488 9315 24197
9315 12488 24197
24197 9315 12488
7039 968 17453
968 7039 17453
17453 968 7039
29928 4337 28894
4337 28894 29928
28894 4337 29928
23484 1141 28668
28668 1141 23484
1141 23484 28668
28444 9838 25677
9838 25677 28444
25677 9838 28444
2676 23470 28359
23470 2676 28359
28359 2676 23470
4210 13963 24460
24460 4210 13963
13963 4210 24460
21189 15718 24198
15718 21189 24198
24198 15718 21189
14002 2023 12369
12369 2023 14002
2023 12369 14002
7429 3215 14509
3215 7429 14509
14509 3215 7429
23002 16376 24843
16376 23002 24843
24843 16376 23002
26543 15027 21619
15027 21619 26543
21619 15027 26543
9623 1167 25090
25090 1167 9623
1167 9623 25090
27148 3304 17803
3304 17803 27148
17803 3304 27148
13935 22088 29627
29627 13935 22088
22088 13935 29627
9775 4851 27491
4851 9775 27491
27491 4851 9775
25320 1983 20821
20821 1983 25320
1983 20821 25320
28804 10856 20932
10856 20932 28804
20932 10856 28804
3684 9861 11411
11411 3684 9861
9861 3684 11411
23236 1722 28208
28208 1722 23236
1722 23236 28208
25185 18264 23862
23862 18264 25185
18264 23862 25185
13063 2470 27930
27930 2470 13063
2470 13063 27930
27925 16240 28171
28171 16240 27925
16240 27925 28171
13433 19993 20463
19993 13433 20463
20463 13433 19993
20585 7201 16917
7201 16917 20585
16917 7201 20585
27852 15488 26395
15488 26395 27852
26395 15488 27852
8394 623 11491
623 8394 11491
