2320 1168 1351
1168 1351 2320
1351 1168 2320
2300 389 876
876 389 2300
389 876 2300
1892 165 1519
165 1519 1892
1519 165 1892
1334 1404 2797
2797 1334 1404
1404 1334 2797
1566 182 2678
182 1566 2678
2678 182 1566
2964 870 1383
870 1383 2964
1383 870 2964
1199 455 1304
1304 455 1199
455 1199 1304
657 596 1977
1977 596 657
596 657 1977
2122 1682 1749
1682 1749 2122
1749 1682 2122
2065 1148 2706
1148 2065 2706
2706 1148 2065
453 77 463
77 453 463
463 77 453
867 582 2902
2902 582 867
582 867 2902
827 156 2285
156 827 2285
2285 156 827
2817 1177 1381
1381 1177 2817
1177 1381 2817
2226 1131 2087
2087 1131 2226
1131 2087 2226
2071 1661 2664
2664 1661 2071
1661 2071 2664
383 166 1878
1878 166 383
166 383 1878
1756 709 2995
709 1756 2995
2995 709 1756
2146 587 2601
2601 587 2146
587 2146 2601
2413 525 1972
525 1972 2413
1972 525 2413
1256 404 473
473 404 1256
404 473 1256
2306 291 2918
2918 291 2306
291 2306 2918
1061 2343 2898
2343 1061 2898
2898 1061 2343
2483 1160 2523
2523 1160 2483
1160 2483 2523
1465 962 1495
1495 962 1465
962 1465 1495
681 1415 2076
2076 681 1415
1415 681 2076
836 244 2506
2506 244 836
244 836 2506
1200 787 1284
1284 787 1200
787 1200 1284
417 1079 1771
1079 417 1771
1771 417 1079
1936 1628 2858
2858 1628 1936
1628 1936 2858
104 508 544
508 104 544
544 104 508
1861 238 706
238 706 1861
706 238 1861
632 1153 1313
1153 632 1313
1313 632 1153
176 32 1933
32 176 1933
1933 32 176
2909 477 2774
2774 477 2909
477 2774 2909
946 1139 1470
1139 946 1470
1470 946 1139
1449 1140 2331
2331 1140 1449
1140 1449 2331
2790 1806 1875
1806 1875 2790
1875 1806 2790
1451 2231 2646
2646 1451 2231
2231 1451 2646
2683 882 1960
882 1960 2683
1960 882 2683
550 87 2773
87 550 2773
2773 87 550
2877 1526 1532
1532 1526 2877
1526 1532 2877
1992 1918 2510
1918 1992 2510
2510 1918 1992
2034 398 2062
398 2034 2062
2062 398 2034
945 1343 2504
1343 945 2504
2504 945 1343
2022 309 2876
309 2022 2876
2876 309 2022
2118 760 2201
2201 760 2118
760 2118 2201
2701 1311 2061
1311 2061 2701
2061 1311 2701
1281 1217 1402
1402 1217 1281
1217 1281 1402
265 1763 1780
1780 265 1763
1763 265 1780
1504 2225 2411
2225 1504 2411
2411 1504 2225
1554 114 728
114 728 1554
728 114 1554
799 996 2998
2998 799 996
996 799 2998
2336 543 2566
2566 543 2336
543 2336 2566
684 1558 2344
2344 684 1558
1558 684 2344
1866 789 2521
2521 789 1866
789 1866 2521
2789 1683 2319
2319 1683 2789
1683 2319 2789
2844 286 2176
286 2176 2844
2176 286 2844
1269 563 2542
563 1269 2542
2542 563 1269
487 148 998
148 487 998
998 148 487
1551 94 2080
2080 94 1551
94 1551 2080
1999 1214 1859
1859 1214 1999
1214 1859 1999
2873 242 1267
242 1267 2873
1267 242 2873
2500 627 1531
627 1531 2500
1531 627 2500
491 89 2811
2811 89 491
89 491 2811
2433 2278 2809
2809 2278 2433
2278 2433 2809
442 1338 1608
1608 442 1338
1338 442 1608
1607 326 2984
326 1607 2984
2984 326 1607
1230 949 1287
1287 949 1230
949 1230 1287
2714 2217 2439
2439 2217 2714
2217 2439 2714
918 335 586
335 586 918
586 335 918
1587 503 711
711 503 1587
503 711 1587
1094 2771 2959
2959 1094 2771
2771 1094 2959
2114 1648 2442
2442 1648 2114
1648 2114 2442
193 558 2235
558 193 2235
2235 193 558
1604 230 968
968 230 1604
230 968 1604
140 1165 1729
1729 140 1165
1165 140 1729
180 108 2495
2495 108 180
108 180 2495
1569 865 2839
2839 865 1569
865 1569 2839
1250 988 2257
2257 988 1250
988 1250 2257
294 1306 2853
2853 294 1306
1306 294 2853
2700 1142 1823
1142 1823 2700
1823 1142 2700
2688 308 1549
308 1549 2688
1549 308 2688
136 153 2812
153 136 2812
2812 136 153
158 959 1007
1007 158 959
959 158 1007
645 422 484
422 484 645
484 422 645
280 2028 2938
2938 280 2028
2028 280 2938
2832 2263 2350
2350 2263 2832
2263 2350 2832
2903 655 2517
655 2517 2903
2517 655 2903
2576 1413 2273
2273 1413 2576
1413 2273 2576
2314 1260 1491
1491 1260 2314
1260 1491 2314
342 1718 2400
2400 342 1718
1718 342 2400
2512 1021 2612
1021 2512 2612
2612 1021 2512
2456 121 999
121 999 2456
999 121 2456
488 768 2659
768 488 2659
2659 488 768
1515 1202 2733
1202 1515 2733
2733 1202 1515
1277 118 2942
118 1277 2942
2942 118 1277
2572 1132 2619
1132 2572 2619
2619 1132 2572
1521 1309 1477
1477 1309 1521
1309 1477 1521
1505 744 1126
744 1126 1505
1126 744 1505
1997 1858 1882
1882 1858 1997
1858 1882 1997
349 1837 2866
2866 349 1837
1837 349 2866
2538 625 889
889 625 2538
625 889 2538
583 925 2045
925 583 2045
2045 583 925
1073 1285 2355
2355 1073 1285
1285 1073 2355
1733 939 1243
939 1243 1733
1243 939 1733
832 2138 2219
2219 832 2138
2138 832 2219
1241 101 1593
101 1241 1593
1593 101 1241
754 478 1932
1932 478 754
478 754 1932
6 1770 2620
2620 6 1770
1770 6 2620
2990 7 58
7 58 2990
58 7 2990
1839 963 987
963 987 1839
987 963 1839
1069 1176 1219
1176 1069 1219
1219 1069 1176
1863 424 1308
1308 424 1863
424 1308 1863
1642 707 929
707 929 1642
929 707 1642
2222 2352 2524
2524 2222 2352
2352 2222 2524
907 809 2244
2244 809 907
809 907 2244
186 1103 1957
1957 186 1103
1103 186 1957
750 2043 2272
2043 750 2272
2272 750 2043
1605 132 237
237 132 1605
132 237 1605
2658 585 667
585 667 2658
667 585 2658
272 905 1006
905 272 1006
1006 272 905
592 168 2490
168 592 2490
2490 168 592
2139 1562 2395
1562 2139 2395
2395 1562 2139
2682 521 1411
1411 521 2682
521 1411 2682
1053 86 2724
2724 86 1053
86 1053 2724
202 1440 2896
2896 202 1440
1440 202 2896
2948 1382 1387
1387 1382 2948
1382 1387 2948
2247 1709 1885
1885 1709 2247
1709 1885 2247
1315 509 1395
509 1315 1395
1395 509 1315
1497 20 934
934 20 1497
20 934 1497
2270 95 2622
95 2270 2622
2622 95 2270
1790 1394 2038
2038 1394 1790
1394 1790 2038
327 1030 1616
1030 327 1616
1616 327 1030
570 656 2324
2324 570 656
656 570 2324
1974 682 1423
1423 682 1974
682 1423 1974
805 2179 2499
2499 805 2179
2179 805 2499
2441 1527 2072
1527 2072 2441
2072 1527 2441
671 340 1579
1579 340 671
340 671 1579
1523 28 2105
28 1523 2105
2105 28 1523
1691 467 2675
467 1691 2675
2675 467 1691
107 295 1158
1158 107 295
295 107 1158
130 2625 2899
2625 130 2899
2899 130 2625
991 80 658
80 658 991
658 80 991
2892 248 890
890 248 2892
248 890 2892
2889 810 2607
2607 810 2889
810 2607 2889
206 276 1350
276 206 1350
1350 206 276
507 41 575
41 507 575
575 41 507
668 560 2264
560 668 2264
2264 560 668
296 1210 2283
2283 296 1210
1210 296 2283
2614 1263 2353
2353 1263 2614
1263 2353 2614
1687 639 2150
639 1687 2150
2150 639 1687
2241 1373 1659
1659 1373 2241
1373 1659 2241
2592 2310 2830
2830 2310 2592
2310 2592 2830
2092 2710 2770
2770 2092 2710
2710 2092 2770
2536 1024 2879
1024 2536 2879
2879 1024 2536
1769 2058 2893
2893 1769 2058
2058 1769 2893
1559 1123 1591
1123 1559 1591
1591 1123 1559
2768 435 2712
435 2712 2768
2712 435 2768
1853 170 502
502 170 1853
170 502 1853
2761 1232 1716
1232 1716 2761
1716 1232 2761
1913 1778 2695
2695 1778 1913
1778 1913 2695
1161 909 2438
2438 909 1161
909 1161 2438
363 831 1736
1736 363 831
831 363 1736
2557 271 798
798 271 2557
271 798 2557
2213 138 1444
1444 138 2213
138 1444 2213
516 1109 2886
1109 516 2886
2886 516 1109
1864 1355 2170
2170 1355 1864
1355 1864 2170
2661 1896 2822
2822 1896 2661
1896 2661 2822
961 416 2063
2063 416 961
416 961 2063
1417 2694 2707
2707 1417 2694
2694 1417 2707
1141 646 1941
646 1141 1941
1941 646 1141
1705 1723 1740
1740 1705 1723
1723 1705 1740
1509 640 1032
1032 640 1509
640 1032 1509
369 736 1436
1436 369 736
736 369 1436
97 791 1349
791 97 1349
1349 97 791
679 304 2023
2023 304 679
304 679 2023
1027 2067 2189
2189 1027 2067
2067 1027 2189
2002 177 2463
2463 177 2002
177 2002 2463
1507 1580 2936
1580 1507 2936
2936 1507 1580
624 161 2989
161 624 2989
2989 161 624
1942 932 2609
2609 932 1942
932 1942 2609
2410 2044 2874
2044 2410 2874
2874 2044 2410
2480 466 2172
466 2172 2480
2172 466 2480
2009 1944 2178
1944 2009 2178
2178 1944 2009
2587 1715 2348
1715 2348 2587
2348 1715 2587
2798 1157 1455
1455 1157 2798
1157 1455 2798
545 307 2210
307 545 2210
2210 307 545
950 2048 2369
2369 950 2048
2048 950 2369
293 343 2237
2237 293 343
343 293 2237
2251 93 1906
93 1906 2251
1906 93 2251
2882 1279 2196
1279 2196 2882
2196 1279 2882
1834 218 1854
1854 218 1834
218 1834 1854
670 2255 2840
2255 670 2840
2840 670 2255
922 1336 1812
1336 922 1812
1812 922 1336
1191 449 1317
1317 449 1191
449 1191 1317
314 721 1464
721 314 1464
1464 314 721
486 1204 2780
1204 486 2780
2780 486 1204
1572 1229 1380
1380 1229 1572
1229 1380 1572
1537 1000 2976
1000 1537 2976
2976 1000 1537
2767 977 2183
2183 977 2767
977 2183 2767
2474 812 2914
2914 812 2474
812 2474 2914
2904 843 2095
843 2095 2904
2095 843 2904
330 45 608
45 330 608
608 45 330
2577 975 1927
975 1927 2577
1927 975 2577
1447 251 2296
2296 251 1447
251 1447 2296
2860 175 1286
175 1286 2860
1286 175 2860
490 457 1215
457 490 1215
1215 457 490
1600 1597 1777
1777 1597 1600
1597 1600 1777
651 2027 2777
2027 651 2777
2777 651 2027
1937 589 1610
589 1610 1937
1610 589 1937
1228 1276 1843
1276 1228 1843
1843 1228 1276
572 1090 1774
1090 572 1774
1774 572 1090
2193 290 1501
290 1501 2193
1501 290 2193
2207 30 2327
2327 30 2207
30 2207 2327
1062 144 2086
2086 144 1062
144 1062 2086
1362 660 691
660 691 1362
691 660 1362
2549 1266 1632
1266 1632 2549
1632 1266 2549
2776 246 647
246 647 2776
647 246 2776
2754 675 1640
675 1640 2754
1640 675 2754
504 10 1146
10 504 1146
1146 10 504
2077 2098 2368
2098 2077 2368
2368 2077 2098
1548 277 1091
1091 277 1548
277 1091 1548
406 2012 2945
2012 406 2945
2945 406 2012
1658 1907 2152
1907 1658 2152
2152 1658 1907
1184 33 1956
1956 33 1184
33 1184 1956
2421 1134 2431
1134 2421 2431
2431 1134 2421
1049 851 2711
851 1049 2711
2711 851 1049
2579 661 2492
2492 661 2579
661 2492 2579
450 432 989
989 432 450
432 450 989
2204 576 1045
1045 576 2204
576 1045 2204
1886 1372 2597
2597 1372 1886
1372 1886 2597
2987 710 861
710 861 2987
861 710 2987
893 443 1589
1589 443 893
443 893 1589
1075 1025 2358
2358 1025 1075
1025 1075 2358
2497 1043 1346
1043 1346 2497
1346 1043 2497
2729 2393 2567
2393 2567 2729
2567 2393 2729
362 1119 1730
1730 362 1119
1119 362 1730
1725 1223 2725
1223 1725 2725
2725 1223 1725
829 351 807
351 807 829
807 351 829
2308 1096 1811
1811 1096 2308
1096 1811 2308
1291 976 1175
1175 976 1291
976 1175 1291
673 1298 2384
2384 673 1298
1298 673 2384
982 1341 2351
1341 982 2351
2351 982 1341
378 2802 2869
2869 378 2802
2802 378 2869
254 717 1379
1379 254 717
717 254 1379
1332 1105 2341
2341 1105 1332
1105 1332 2341
1190 1262 1764
1262 1190 1764
1764 1190 1262
1975 4 1731
4 1731 1975
1731 4 1975
2056 64 2325
64 2056 2325
2325 64 2056
1437 1322 2531
2531 1322 1437
1322 1437 2531
263 973 1945
1945 263 973
973 263 1945
1149 1612 2014
1612 1149 2014
2014 1149 1612
814 464 1050
464 814 1050
1050 464 814
2245 839 1282
1282 839 2245
839 1282 2245
318 88 2901
88 318 2901
2901 88 318
2449 2520 2560
2520 2449 2560
2560 2449 2520
2738 1856 2857
2857 1856 2738
1856 2738 2857
1014 1570 1986
1986 1014 1570
1570 1014 1986
1524 313 1197
1197 313 1524
313 1197 1524
1732 564 1070
564 1070 1732
1070 564 1732
1696 1181 1923
1181 1696 1923
1923 1181 1696
2107 767 2650
2650 767 2107
767 2107 2650
699 53 2806
53 699 2806
2806 53 699
2294 1801 2941
1801 2294 2941
2941 1801 2294
2610 243 1776
243 1776 2610
1776 243 2610
1897 78 1510
1510 78 1897
78 1510 1897
2781 897 1911
897 1911 2781
1911 897 2781
11 2640 2668
2668 11 2640
2640 11 2668
1454 1791 2595
2595 1454 1791
1791 1454 2595
2532 2100 2194
2194 2100 2532
2100 2194 2532
2198 1255 2783
2783 1255 2198
1255 2198 2783
252 1644 2274
1644 252 2274
2274 252 1644
2994 979 2153
979 2153 2994
2153 979 2994
2013 1738 1792
1792 1738 2013
1738 1792 2013
419 664 2158
2158 419 664
664 419 2158
1984 460 1488
1488 460 1984
460 1488 1984
901 2606 2974
2606 901 2974
2974 901 2606
1292 1400 2513
2513 1292 1400
1400 1292 2513
2793 770 2635
770 2635 2793
2635 770 2793
2655 2458 2604
2604 2458 2655
2458 2604 2655
1051 680 1246
680 1051 1246
1246 680 1051
577 904 915
915 577 904
904 577 915
2498 306 2748
306 2498 2748
2748 306 2498
1703 2142 2298
2298 1703 2142
2142 1703 2298
2953 299 1245
299 1245 2953
1245 299 2953
1525 2284 2509
2284 1525 2509
2509 1525 2284
1793 2691 2878
2691 1793 2878
2878 1793 2691
2392 1059 1678
1678 1059 2392
1059 1678 2392
1466 1048 2485
1048 1466 2485
2485 1048 1466
2837 1016 1278
1278 1016 2837
1016 1278 2837
1779 317 1943
1943 317 1779
317 1779 1943
2728 898 2288
898 2288 2728
2288 898 2728
401 392 1910
392 401 1910
1910 392 401
1760 372 840
372 840 1760
840 372 1760
902 755 1899
755 902 1899
1899 755 902
2469 1484 2214
2214 1484 2469
1484 2214 2469
461 1145 1302
1145 461 1302
1302 461 1145
532 312 1115
312 532 1115
1115 312 532
2373 1170 1921
1170 1921 2373
1921 1170 2373
2444 2437 2617
2437 2444 2617
2617 2437 2444
2786 773 2602
773 2602 2786
2602 773 2786
2039 913 1880
913 1880 2039
1880 913 2039
127 548 2385
2385 127 548
548 127 2385
297 257 1340
257 297 1340
1340 257 297
702 2010 2568
2010 702 2568
2568 702 2010
2271 775 2322
775 2271 2322
2322 775 2271
1321 2505 2908
2908 1321 2505
2505 1321 2908
2856 1788 2397
1788 2397 2856
2397 1788 2856
2800 84 1031
84 1031 2800
1031 84 2800
1307 811 2293
2293 811 1307
811 1307 2293
1166 70 579
70 579 1166
579 70 1166
2884 1429 2302
2302 1429 2884
1429 2302 2884
2970 1817 2162
1817 2162 2970
2162 1817 2970
838 1617 2301
1617 838 2301
2301 838 1617
1668 2398 2769
2769 1668 2398
2398 1668 2769
1842 236 1001
1001 236 1842
236 1001 1842
2814 402 715
402 715 2814
715 402 2814
1389 1222 1741
1741 1222 1389
1222 1389 1741
366 1085 1236
1085 366 1236
1236 366 1085
1702 531 1684
531 1684 1702
1684 531 1702
1970 221 1288
221 1288 1970
1288 221 1970
1443 1026 1361
1026 1361 1443
1361 1026 1443
1726 2111 2380
2111 1726 2380
2380 1726 2111
837 2125 2772
2125 837 2772
2772 837 2125
1698 732 1940
1940 732 1698
732 1698 1940
1468 1344 2715
1344 1468 2715
2715 1344 1468
395 1412 1508
1412 395 1508
1508 395 1412
1758 1138 1991
1991 1138 1758
1138 1758 1991
2634 842 1816
842 1816 2634
1816 842 2634
149 611 2734
611 149 2734
2734 149 611
590 1029 2751
1029 590 2751
2751 590 1029
73 2375 2530
2530 73 2375
2375 73 2530
315 500 746
500 315 746
746 315 500
705 887 2093
887 705 2093
2093 705 887
1735 413 2426
413 1735 2426
2426 413 1735
1818 2470 2872
2470 1818 2872
2872 1818 2470
1946 2054 2570
2570 1946 2054
2054 1946 2570
2346 1700 2182
1700 2182 2346
2182 1700 2346
1692 1869 2145
2145 1692 1869
1869 1692 2145
1206 947 2025
2025 947 1206
947 1206 2025
2168 8 1679
8 1679 2168
1679 8 2168
2471 568 2632
2632 568 2471
568 2471 2632
1201 1512 2906
1512 1201 2906
2906 1201 1512
198 930 2102
2102 198 930
930 198 2102
552 817 1261
817 552 1261
1261 552 817
2558 2169 2205
2205 2169 2558
2169 2205 2558
332 420 1192
420 332 1192
1192 332 420
1862 106 683
683 106 1862
106 683 1862
1719 1744 2290
2290 1719 1744
1744 1719 2290
1310 749 860
749 860 1310
860 749 1310
1976 1768 1995
1995 1768 1976
1768 1976 1995
2559 2036 2121
2036 2121 2559
2121 2036 2559
1914 1173 2654
2654 1173 1914
1173 1914 2654
51 607 1137
607 51 1137
1137 51 607
1226 1564 1576
1564 1226 1576
1576 1226 1564
1162 935 2250
2250 935 1162
935 1162 2250
619 414 1622
1622 414 619
414 619 1622
376 394 610
610 376 394
394 376 610
2454 614 1419
614 1419 2454
1419 614 2454
185 638 2192
2192 185 638
638 185 2192
1592 247 2040
247 1592 2040
2040 247 1592
2578 69 2583
2583 69 2578
69 2578 2583
1452 1086 1657
1657 1086 1452
1086 1452 1657
652 1004 1044
1044 652 1004
1004 652 1044
926 2277 2487
2487 926 2277
2277 926 2487
1009 1008 2381
2381 1008 1009
1008 1009 2381
1120 981 2648
2648 981 1120
981 1120 2648
2329 1850 2236
2236 1850 2329
1850 2236 2329
379 1701 2307
2307 379 1701
1701 379 2307
2596 713 2708
713 2596 2708
2708 713 2596
1430 341 1672
1672 341 1430
341 1430 1672
2124 703 2486
703 2124 2486
2486 703 2124
324 1435 2752
2752 324 1435
1435 324 2752
329 201 1619
201 329 1619
1619 201 329
103 262 924
262 103 924
924 103 262
375 405 1107
405 375 1107
1107 375 405
2629 47 2143
2143 47 2629
47 2143 2629
694 1077 1405
1077 694 1405
1405 694 1077
1775 1011 2050
2050 1011 1775
1011 1775 2050
310 855 1961
855 310 1961
1961 310 855
1167 1711 2672
2672 1167 1711
1711 1167 2672
2491 1099 2229
2229 1099 2491
1099 2229 2491
698 1646 2556
2556 698 1646
1646 698 2556
49 515 719
515 49 719
719 49 515
1762 530 1502
530 1502 1762
1502 530 1762
2305 1066 2736
1066 2305 2736
2736 1066 2305
2962 1637 1922
1637 1922 2962
1922 1637 2962
333 204 283
204 283 333
283 204 333
2136 522 1489
1489 522 2136
522 1489 2136
1820 1573 2545
2545 1573 1820
1573 1820 2545
1522 1213 1671
1213 1522 1671
1671 1213 1522
581 1375 1879
1375 581 1879
1879 581 1375
274 439 1101
439 274 1101
1101 274 439
1408 955 1110
955 1110 1408
1110 955 1408
2534 1706 2496
2496 1706 2534
1706 2496 2534
1406 451 1474
1474 451 1406
451 1406 1474
1143 2636 2954
2954 1143 2636
2636 1143 2954
1851 1056 1857
1857 1056 1851
1056 1851 1857
573 553 1189
553 573 1189
1189 553 573
284 1318 1320
1320 284 1318
1318 284 1320
2370 468 2417
468 2370 2417
2417 468 2370
2529 978 2047
978 2047 2529
2047 978 2529
1824 2208 2391
2208 1824 2391
2391 1824 2208
162 1326 1870
1326 162 1870
1870 162 1326
2835 740 1450
1450 740 2835
740 1450 2835
1828 844 1994
1994 844 1828
844 1828 1994
2262 26 2518
2518 26 2262
26 2262 2518
618 2256 2401
2256 618 2401
2401 618 2256
220 347 2679
347 220 2679
2679 220 347
1895 143 1013
143 1013 1895
1013 143 1895
2461 400 948
948 400 2461
400 948 2461
2905 957 2913
957 2905 2913
2913 957 2905
1868 1171 2757
2757 1171 1868
1171 1868 2757
1905 179 1915
1915 179 1905
179 1905 1915
2113 122 2841
2841 122 2113
122 2113 2841
2232 1475 2834
2834 1475 2232
1475 2232 2834
1033 599 2467
599 1033 2467
2467 599 1033
322 784 2132
784 322 2132
2132 322 784
2722 894 2311
2311 894 2722
894 2311 2722
862 2565 2589
2565 862 2589
2589 862 2565
273 264 2758
264 273 2758
2758 264 273
648 771 850
850 648 771
771 648 850
1410 472 2765
472 1410 2765
2765 472 1410
1211 187 231
231 187 1211
187 231 1211
2318 1989 2030
1989 2030 2318
2030 1989 2318
1599 727 2996
727 1599 2996
2996 727 1599
1985 1022 1159
1159 1022 1985
1022 1159 1985
475 282 2404
282 475 2404
2404 282 475
2155 96 2624
96 2155 2624
2624 96 2155
1471 1950 2233
2233 1471 1950
1950 1471 2233
1618 1100 1690
1100 1618 1690
1690 1100 1618
2 192 623
623 2 192
192 2 623
249 438 636
636 249 438
438 249 636
1188 517 1555
1555 517 1188
517 1188 1555
2916 591 1697
1697 591 2916
591 1697 2916
1506 79 1981
1981 79 1506
79 1506 1981
1934 50 1561
1561 50 1934
50 1561 1934
644 1088 2888
2888 644 1088
1088 644 2888
1835 194 2345
194 1835 2345
2345 194 1835
1036 119 171
171 119 1036
119 171 1036
1055 724 2412
724 1055 2412
2412 724 1055
795 1356 2581
1356 795 2581
2581 795 1356
606 113 1058
1058 113 606
113 606 1058
2313 147 940
147 940 2313
940 147 2313
2544 2371 2999
2371 2544 2999
2999 2371 2544
2451 60 2815
2815 60 2451
60 2451 2815
2539 1396 2943
1396 2539 2943
2943 1396 2539
407 125 1082
1082 125 407
125 407 1082
2407 1390 2674
1390 2407 2674
2674 1390 2407
285 1685 2443
2443 285 1685
1685 285 2443
1530 613 2829
613 1530 2829
2829 613 1530
2249 386 730
386 730 2249
730 386 2249
1097 2525 2805
2805 1097 2525
2525 1097 2805
1432 1363 1836
1363 1432 1836
1836 1363 1432
556 2317 2378
2378 556 2317
2317 556 2378
1585 173 267
173 267 1585
267 173 1585
2997 129 1883
129 1883 2997
1883 129 2997
834 1112 1133
1133 834 1112
1112 834 1133
1104 152 354
152 354 1104
354 152 1104
1083 437 1193
1193 437 1083
437 1083 1193
1963 520 931
520 931 1963
931 520 1963
367 1172 1704
1704 367 1172
1172 367 1704
1323 896 2488
2488 896 1323
896 1323 2488
1819 174 1694
174 1694 1819
1694 174 1819
642 164 1686
164 642 1686
1686 164 642
1486 631 2180
2180 631 1486
631 1486 2180
215 217 2248
2248 215 217
217 215 2248
1500 1364 2897
2897 1364 1500
1364 1500 2897
1627 458 2932
2932 458 1627
458 1627 2932
1273 1442 1830
1442 1273 1830
1830 1273 1442
1015 816 1270
816 1015 1270
1270 816 1015
1290 1068 1247
1247 1068 1290
1068 1247 1290
1017 209 454
209 454 1017
454 209 1017
2746 1821 2810
2810 1821 2746
1821 2746 2810
350 1329 1378
1378 350 1329
1329 350 1378
2299 559 1002
1002 559 2299
559 1002 2299
213 1081 2166
1081 213 2166
2166 213 1081
380 2843 3000
2843 380 3000
3000 380 2843
2187 1714 1827
1714 1827 2187
1827 1714 2187
1633 154 1998
1998 154 1633
154 1633 1998
2537 1353 2049
1353 2049 2537
2049 1353 2537
2215 1463 2475
2475 1463 2215
1463 2215 2475
1034 301 1826
1826 301 1034
301 1034 1826
1833 1545 2573
2573 1545 1833
1545 1833 2573
1925 91 1368
91 1368 1925
1368 91 1925
2011 359 734
734 359 2011
359 734 2011
2032 1439 1534
1534 1439 2032
1439 1534 2032
752 1745 2515
1745 752 2515
2515 752 1745
1967 415 2069
415 1967 2069
2069 415 1967
2784 142 155
142 155 2784
155 142 2784
985 410 1272
1272 410 985
410 985 1272
115 2021 2546
2021 115 2546
2546 115 2021
13 600 2356
600 13 2356
2356 13 600
1571 1136 2396
2396 1136 1571
1136 1571 2396
2744 255 2825
2825 255 2744
255 2744 2825
1669 169 1695
169 1669 1695
1695 169 1669
2660 1242 1781
1781 1242 2660
1242 1781 2660
1574 1084 1841
1084 1574 1841
1841 1084 1574
2616 385 2983
385 2616 2983
2983 385 2616
818 835 2564
835 818 2564
2564 818 835
1352 288 2717
288 1352 2717
2717 288 1352
2079 551 868
551 868 2079
868 551 2079
71 751 1920
751 71 1920
1920 71 751
5 923 1483
923 5 1483
1483 5 923
2855 1384 2440
2440 1384 2855
1384 2440 2855
621 848 2859
848 621 2859
2859 621 848
55 1689 2842
1689 55 2842
2842 55 1689
1425 1539 2326
1539 1425 2326
2326 1425 1539
65 412 1314
1314 65 412
412 65 1314
1611 859 1196
1196 859 1611
859 1196 1611
672 505 2379
2379 505 672
505 672 2379
866 1772 2833
2833 866 1772
1772 866 2833
674 881 2088
881 674 2088
2088 674 881
2745 2161 2847
2161 2745 2847
2847 2161 2745
1894 1227 2760
1227 1894 2760
2760 1227 1894
1813 2670 2716
2670 1813 2716
2716 1813 2670
2003 1575 2533
1575 2003 2533
2533 1575 2003
912 2164 2408
2408 912 2164
2164 912 2408
2055 436 1752
436 1752 2055
1752 436 2055
2190 1636 2514
2514 1636 2190
1636 2190 2514
239 235 1784
235 239 1784
1784 235 239
1342 1113 1312
1312 1113 1342
1113 1312 1342
2735 511 2561
2561 511 2735
511 2561 2735
1765 777 1662
1662 777 1765
777 1662 1765
1209 124 1676
124 1209 1676
1676 124 1209
933 2555 2826
2555 933 2826
2826 933 2555
615 1904 2140
1904 615 2140
2140 615 1904
826 1620 2693
1620 826 2693
2693 826 1620
1609 951 2552
2552 951 1609
951 1609 2552
38 2064 2657
2064 38 2657
2657 38 2064
914 2016 2359
2016 914 2359
2359 914 2016
212 2019 2103
2019 212 2103
2103 212 2019
906 858 1183
858 906 1183
1183 858 906
1586 1623 1983
1983 1586 1623
1623 1586 1983
240 1829 2947
1829 240 2947
2947 240 1829
2823 261 2415
261 2415 2823
2415 261 2823
48 1710 2031
1710 48 2031
2031 48 1710
1240 686 2303
686 1240 2303
2303 686 1240
2649 1299 1900
1299 1900 2649
1900 1299 2649
1376 1054 1409
1409 1054 1376
1054 1376 1409
928 765 2446
2446 765 928
765 928 2446
1060 574 2070
2070 574 1060
574 1060 2070
260 444 808
444 260 808
808 260 444
2017 256 2197
2197 256 2017
256 2017 2197
2447 633 966
633 966 2447
966 633 2447
1360 1460 2699
2699 1360 1460
1460 1360 2699
34 331 2590
2590 34 331
331 34 2590
2739 390 2203
2203 390 2739
390 2203 2739
1803 2018 2482
2018 1803 2482
2482 1803 2018
1567 2582 2933
2582 1567 2933
2933 1567 2582
2676 828 1958
828 1958 2676
1958 828 2676
110 885 2927
885 110 2927
2927 110 885
662 196 2836
196 662 2836
2836 196 662
141 790 1621
1621 141 790
790 141 1621
1553 822 1724
1724 822 1553
822 1553 1724
388 512 2593
2593 388 512
512 388 2593
2865 1108 2846
1108 2846 2865
2846 1108 2865
1535 481 536
536 481 1535
481 536 1535
1680 612 2849
612 1680 2849
2849 612 1680
1721 1231 2275
2275 1231 1721
1231 1721 2275
427 2316 2468
2468 427 2316
2316 427 2468
2547 2218 2756
2756 2218 2547
2218 2547 2756
1129 696 2362
2362 696 1129
696 1129 2362
759 1786 2647
1786 759 2647
2647 759 1786
825 1847 2548
1847 825 2548
2548 825 1847
779 2173 2639
2639 779 2173
2173 779 2639
1365 880 1728
880 1365 1728
1728 880 1365
2950 2641 2778
2778 2641 2950
2641 2778 2950
954 344 2762
2762 344 954
344 954 2762
2667 46 1414
46 1414 2667
1414 46 2667
2184 1339 2428
1339 2184 2428
2428 1339 2184
565 806 1446
1446 565 806
806 565 1446
1127 499 2240
2240 499 1127
499 1127 2240
111 965 2652
965 111 2652
2652 111 965
316 1971 2931
1971 316 2931
2931 316 1971
1708 18 352
352 18 1708
18 352 1708
2078 1754 1939
1939 1754 2078
1754 1939 2078
1876 841 1003
841 1003 1876
1003 841 1876
873 1459 2692
1459 873 2692
2692 873 1459
1038 128 2195
2195 128 1038
128 1038 2195
695 725 2434
2434 695 725
725 695 2434
1252 1547 1809
1809 1252 1547
1547 1252 1809
2464 311 2452
311 2452 2464
2452 311 2464
1750 659 883
883 659 1750
659 883 1750
497 1156 2006
1156 497 2006
2006 497 1156
604 801 2094
801 604 2094
2094 604 801
972 1490 2436
1490 972 2436
2436 972 1490
2448 802 1717
1717 802 2448
802 1717 2448
1221 35 320
35 320 1221
320 35 1221
2720 952 1251
1251 952 2720
952 1251 2720
986 626 2553
626 986 2553
2553 626 986
2068 1195 2211
1195 2068 2211
2211 1195 2068
2238 321 1860
1860 321 2238
321 1860 2238
1979 2223 2921
2921 1979 2223
2223 1979 2921
1855 797 1174
797 1174 1855
1174 797 1855
785 396 2265
396 785 2265
2265 396 785
1072 1654 1938
1938 1072 1654
1654 1072 1938
742 195 226
226 195 742
195 226 742
2276 2216 2605
2216 2276 2605
2605 2216 2276
2394 2165 2588
2165 2394 2588
2588 2165 2394
1354 339 1550
1550 339 1354
339 1354 1550
538 302 1330
302 538 1330
1330 302 538
1540 2199 2422
2422 1540 2199
2199 1540 2422
1840 634 2929
634 1840 2929
2929 634 1840
2718 1542 2766
2766 1542 2718
1542 2718 2766
1707 1271 1838
1271 1707 1838
1838 1271 1707
1543 253 2895
253 1543 2895
2895 253 1543
513 37 2977
37 513 2977
2977 37 513
1303 877 1903
877 1303 1903
1903 877 1303
1135 2824 2980
2980 1135 2824
2824 1135 2980
2382 528 594
594 528 2382
528 594 2382
19 689 1638
1638 19 689
689 19 1638
1296 2349 2584
2349 1296 2584
2584 1296 2349
1428 678 2949
2949 678 1428
678 1428 2949
426 2603 2934
2934 426 2603
2603 426 2934
112 714 2280
2280 112 714
714 112 2280
397 597 2957
2957 397 597
597 397 2957
1494 1300 2854
1300 1494 2854
2854 1300 1494
1565 1239 2084
1239 1565 2084
2084 1239 1565
1233 602 1675
1675 602 1233
602 1233 1675
99 786 2923
786 99 2923
2923 99 786
12 2339 2862
2339 12 2862
2862 12 2339
1783 1244 1533
1244 1533 1783
1533 1244 1783
2940 845 1761
845 1761 2940
1761 845 2940
815 649 1325
1325 649 815
649 815 1325
63 1499 2956
1499 63 2956
2956 63 1499
31 534 1785
1785 31 534
534 31 1785
593 495 2621
2621 495 593
495 593 2621
2651 2120 2732
2120 2651 2732
2732 2120 2651
2600 1538 2894
2894 1538 2600
1538 2600 2894
562 1990 2365
1990 562 2365
2365 562 1990
1421 393 1424
1424 393 1421
393 1421 1424
1890 2807 2907
2807 1890 2907
2907 1890 2807
1335 216 1909
216 1335 1909
1909 216 1335
1194 1235 1583
1583 1194 1235
1235 1194 1583
2988 1042 2883
1042 2883 2988
2883 1042 2988
81 67 1624
1624 67 81
67 81 1624
227 14 2279
14 227 2279
2279 14 227
1693 1536 2046
2046 1536 1693
1536 1693 2046
1867 381 1799
381 1799 1867
1799 381 1867
2151 1386 2804
1386 2151 2804
2804 1386 2151
2891 191 2799
2799 191 2891
191 2799 2891
2666 1028 2861
1028 2666 2861
2861 1028 2666
2880 571 1670
1670 571 2880
571 1670 2880
1720 66 102
102 66 1720
66 102 1720
617 769 900
900 617 769
769 617 900
2689 418 944
418 944 2689
944 418 2689
2026 1019 1800
1800 1019 2026
1019 1800 2026
2967 526 994
994 526 2967
526 994 2967
2939 2258 2975
2975 2258 2939
2258 2939 2975
1848 778 2978
2978 778 1848
778 1848 2978
2053 2637 2662
2637 2053 2662
2662 2053 2637
2220 105 1978
1978 105 2220
105 1978 2220
745 498 2594
498 745 2594
2594 498 745
2946 846 1797
846 1797 2946
1797 846 2946
1393 160 2104
2104 160 1393
160 1393 2104
135 25 1333
25 135 1333
1333 25 135
800 421 2115
2115 421 800
421 800 2115
2425 223 2796
2796 223 2425
223 2425 2796
1186 157 567
567 157 1186
157 567 1186
693 370 1151
1151 370 693
370 693 1151
1063 601 1982
1982 601 1063
601 1063 1982
971 1064 1511
1511 971 1064
1064 971 1511
1667 197 616
616 197 1667
197 616 1667
2066 353 535
535 353 2066
353 535 2066
2253 1358 2383
1358 2253 2383
2383 1358 2253
2476 399 665
665 399 2476
399 665 2476
2181 690 1403
1403 690 2181
690 1403 2181
1154 448 1074
1074 448 1154
448 1074 1154
1418 3 739
3 739 1418
739 3 1418
2713 1584 2920
2920 1584 2713
1584 2713 2920
1789 137 1901
137 1789 1901
1901 137 1789
1098 2186 2269
2269 1098 2186
2186 1098 2269
1065 408 2755
2755 408 1065
408 1065 2755
2673 233 391
233 391 2673
391 233 2673
52 823 2126
2126 52 823
823 52 2126
423 2119 2185
2185 423 2119
2119 423 2185
780 685 1743
1743 685 780
685 780 1743
1071 123 2838
2838 123 1071
123 1071 2838
2580 183 270
270 183 2580
183 270 2580
2291 1987 2535
2535 1987 2291
1987 2291 2535
2813 2042 2868
2042 2813 2868
2868 2042 2813
2645 588 2057
2057 588 2645
588 2057 2645
1218 360 2742
360 1218 2742
2742 360 1218
2457 1348 2922
2922 1348 2457
1348 2457 2922
2930 1674 2209
1674 2209 2930
2209 1674 2930
1331 1337 1457
1457 1331 1337
1337 1331 1457
1462 967 2445
2445 967 1462
967 1462 2445
676 1652 1952
1952 676 1652
1652 676 1952
2819 266 1635
266 1635 2819
1635 266 2819
2424 622 2117
622 2117 2424
2117 622 2424
2890 938 1965
1965 938 2890
938 1965 2890
2845 1087 2286
1087 2286 2845
2286 1087 2845
224 2024 2925
2024 224 2925
2925 224 2024
1665 1257 2135
2135 1257 1665
1257 1665 2135
2697 365 1825
1825 365 2697
365 1825 2697
2864 729 1057
729 1057 2864
1057 729 2864
1297 1606 2871
2871 1297 1606
1606 1297 2871
1476 2627 2915
2915 1476 2627
2627 1476 2915
44 1947 2554
2554 44 1947
1947 44 2554
211 2089 2099
2089 211 2099
2099 211 2089
62 116 2910
116 62 2910
2910 62 116
2406 2297 2502
2502 2297 2406
2297 2406 2502
199 547 2944
2944 199 547
547 199 2944
2698 245 1076
245 1076 2698
1076 245 2698
1908 542 595
595 542 1908
542 595 1908
1727 2171 2867
2171 1727 2867
2867 1727 2171
1480 2702 2992
2992 1480 2702
2702 1480 2992
469 733 2221
2221 469 733
733 469 2221
68 669 2831
669 68 2831
2831 68 669
232 159 501
159 232 501
501 159 232
1367 1614 2108
1614 1367 2108
2108 1367 1614
2881 222 1596
1596 222 2881
222 1596 2881
445 493 1212
1212 445 493
493 445 1212
1498 1478 1872
1872 1478 1498
1478 1498 1872
2227 1873 2677
1873 2227 2677
2677 1873 2227
2478 1293 1552
1293 1552 2478
1552 1293 2478
2206 207 2419
2419 207 2206
207 2206 2419
2462 43 2239
2239 43 2462
43 2239 2462
916 281 2723
281 916 2723
2723 281 916
2029 1118 2405
1118 2029 2405
2405 1118 2029
1216 146 569
146 569 1216
569 146 1216
2653 184 1203
184 1203 2653
1203 184 2653
1037 1453 2001
2001 1037 1453
1453 1037 2001
2571 1951 2174
1951 2174 2571
2174 1951 2571
2721 2367 2671
2671 2367 2721
2367 2671 2721
346 1092 1802
1092 346 1802
1802 346 1092
1613 1433 1461
1433 1461 1613
1461 1433 1613
2696 29 2459
29 2459 2696
2459 29 2696
2808 820 1020
1020 820 2808
820 1020 2808
2212 336 958
336 958 2212
958 336 2212
1581 214 757
214 757 1581
757 214 1581
2390 2705 2972
2972 2390 2705
2705 2390 2972
489 2472 2971
2971 489 2472
2472 489 2971
629 641 766
766 629 641
641 629 766
2928 337 2228
337 2228 2928
2228 337 2928
2493 1631 2051
1631 2051 2493
2051 1631 2493
24 1259 2919
2919 24 1259
1259 24 2919
358 1369 1881
1369 358 1881
1881 358 1369
2477 2376 2963
2963 2376 2477
2376 2477 2963
2268 518 1926
1926 518 2268
518 1926 2268
856 620 2147
620 856 2147
2147 620 856
2794 2090 2851
2090 2794 2851
2851 2090 2794
1849 459 726
459 726 1849
726 459 1849
2450 2631 2979
2979 2450 2631
2631 2450 2979
758 992 2374
2374 758 992
992 758 2374
1528 537 1948
537 1528 1948
1948 537 1528
22 878 1220
1220 22 878
878 22 1220
2129 984 2759
2759 984 2129
984 2129 2759
377 1493 2101
1493 377 2101
2101 377 1493
2935 1787 1852
1787 1852 2935
1852 1787 2935
2200 541 748
748 541 2200
541 748 2200
598 1810 2608
2608 598 1810
1810 598 2608
872 1370 1966
1370 872 1966
1966 872 1370
1046 2613 2912
2912 1046 2613
2613 1046 2912
2123 990 1319
990 1319 2123
1319 990 2123
1345 440 1734
1734 440 1345
440 1345 1734
1472 259 2937
259 1472 2937
2937 259 1472
1651 1182 1407
1407 1182 1651
1182 1407 1651
1397 371 1645
371 1397 1645
1645 371 1397
203 2234 2338
2338 203 2234
2234 203 2338
1831 1949 2626
1949 1831 2626
2626 1831 1949
2730 465 2911
465 2730 2911
2911 465 2730
1121 433 2569
433 1121 2569
2569 433 1121
853 849 1295
1295 849 853
849 853 1295
1426 2157 2680
2680 1426 2157
2157 1426 2680
109 76 1753
1753 76 109
76 109 1753
1163 2033 2402
2033 1163 2402
2402 1163 2033
863 1615 2315
1615 863 2315
2315 863 1615
2159 1023 1434
1434 1023 2159
1023 1434 2159
1385 1516 2073
1516 1385 2073
2073 1385 1516
1207 1832 2403
2403 1207 1832
1832 1207 2403
983 1152 2926
1152 983 2926
2926 983 1152
1959 279 737
737 279 1959
279 737 1959
1078 920 1274
1274 920 1078
920 1078 1274
2526 833 2015
2015 833 2526
833 2015 2526
1713 361 908
361 908 1713
908 361 1713
1275 219 2827
2827 219 1275
219 1275 2827
2788 42 783
783 42 2788
42 783 2788
2741 857 942
857 942 2741
942 857 2741
2116 1969 2340
1969 2116 2340
2340 1969 2116
2782 704 2097
2097 704 2782
704 2097 2782
735 2267 2848
2848 735 2267
2267 735 2848
2137 1205 2585
1205 2137 2585
2585 1205 2137
2144 1456 1891
1891 1456 2144
1456 1891 2144
2494 995 1005
1005 995 2494
995 1005 2494
2709 98 1902
98 1902 2709
1902 98 2709
134 1739 1814
1814 134 1739
1739 134 1814
1980 325 2816
2816 325 1980
325 1980 2816
1746 1359 2630
2630 1359 1746
1359 1746 2630
409 788 2960
2960 409 788
788 409 2960
781 1467 2850
1467 781 2850
2850 781 1467
804 1018 1594
1594 804 1018
1018 804 1594
2686 57 763
57 763 2686
763 57 2686
1634 1416 2801
1416 1634 2801
2801 1416 1634
241 650 2160
650 241 2160
2160 241 650
1448 2465 2951
2951 1448 2465
2465 1448 2951
539 712 2167
2167 539 712
712 539 2167
2323 1422 2354
1422 2323 2354
2354 1422 2323
300 2075 2541
2541 300 2075
2075 300 2541
480 2623 2685
2623 480 2685
2685 480 2623
2638 190 666
190 666 2638
666 190 2638
2965 1846 2719
1846 2719 2965
2719 1846 2965
1124 1473 2337
2337 1124 1473
1473 1124 2337
561 1629 1773
1629 561 1773
1773 561 1629
200 1993 2074
1993 200 2074
2074 200 1993
1582 869 1964
1964 869 1582
869 1582 1964
555 338 2763
2763 338 555
338 555 2763
803 927 2750
2750 803 927
927 803 2750
1930 100 1660
1660 100 1930
100 1660 1930
1130 936 2791
2791 936 1130
936 1130 2791
1544 1996 2955
2955 1544 1996
1996 1544 2955
2986 697 1798
1798 697 2986
697 1798 2986
428 2473 2479
2473 428 2479
2479 428 2473
609 2041 2149
2041 609 2149
2149 609 2041
1568 1111 2335
2335 1111 1568
1111 1568 2335
1117 16 356
356 16 1117
16 356 1117
2820 441 1928
441 1928 2820
1928 441 2820
871 2282 2334
2334 871 2282
2282 871 2334
753 687 2795
687 753 2795
2795 687 753
345 1722 2085
1722 345 2085
2085 345 1722
292 382 1973
382 292 1973
1973 292 382
456 741 2328
2328 456 741
741 456 2328
1712 2295 2484
2295 1712 2484
2484 1712 2295
2550 701 716
716 701 2550
701 716 2550
1481 1767 2246
2246 1481 1767
1767 1481 2246
1954 1039 2141
2141 1039 1954
1039 1954 2141
229 74 1625
74 229 1625
1625 74 229
1264 496 1815
1815 496 1264
496 1264 1815
578 549 796
796 549 578
549 578 796
21 2188 2453
2188 21 2453
2453 21 2188
677 1012 1080
1080 677 1012
1012 677 1080
761 2177 2423
2177 761 2423
2423 761 2177
1673 485 2000
2000 485 1673
485 1673 2000
2562 1688 2414
2414 1688 2562
1688 2414 2562
1392 854 1742
854 1392 1742
1742 854 1392
1871 720 2455
2455 720 1871
720 1871 2455
2665 519 635
635 519 2665
519 635 2665
1289 289 603
603 289 1289
289 603 1289
54 430 1677
1677 54 430
430 54 1677
2133 2091 2109
2091 2109 2133
2109 2091 2133
2127 772 2481
2481 772 2127
772 2127 2481
1874 722 2330
2330 722 1874
722 1874 2330
1755 59 2519
2519 59 1755
59 1755 2519
2703 1445 2252
1445 2252 2703
2252 1445 2703
2254 993 2460
993 2254 2460
2460 993 2254
72 447 1093
1093 72 447
447 72 1093
782 580 2242
580 782 2242
2242 580 782
1469 1420 2304
2304 1420 1469
1420 1469 2304
2991 1518 2543
1518 2543 2991
2543 1518 2991
23 1237 1595
1595 23 1237
1237 23 1595
1782 1650 2364
2364 1650 1782
1650 1782 2364
723 1556 1884
1556 723 1884
1884 723 1556
557 506 2968
506 557 2968
2968 506 557
2792 1807 2148
2148 1807 2792
1807 2148 2792
776 2082 2361
2361 776 2082
2082 776 2361
1225 1929 1931
1929 1225 1931
1931 1225 1929
1324 210 303
210 303 1324
303 210 1324
1653 411 1649
411 1649 1653
1649 411 1653
2740 819 2737
819 2737 2740
2737 819 2740
2885 1398 2372
2372 1398 2885
1398 2372 2885
2644 2037 2511
2037 2511 2644
2511 2037 2644
374 1479 2052
2052 374 1479
1479 374 2052
2598 1316 2224
1316 2224 2598
2224 1316 2598
731 90 2131
2131 90 731
90 731 2131
1150 1253 2429
2429 1150 1253
1253 1150 2429
2430 434 2156
2156 434 2430
434 2156 2430
1294 387 2516
387 1294 2516
2516 387 1294
1357 630 2005
630 1357 2005
2005 630 1357
1666 2618 2821
2821 1666 2618
2618 1666 2821
1757 85 1647
85 1647 1757
1647 85 1757
2312 743 1122
1122 743 2312
743 1122 2312
133 1180 2130
2130 133 1180
1180 133 2130
2828 700 1953
1953 700 2828
700 1953 2828
1643 268 943
268 943 1643
943 268 1643
1598 1391 2388
1391 1598 2388
2388 1391 1598
1924 1187 2663
1187 1924 2663
2663 1187 1924
1067 151 2690
2690 151 1067
151 1067 2690
1116 1664 2803
1664 1116 2803
2803 1116 1664
1035 1888 2749
2749 1035 1888
1888 1035 2749
1128 2416 2540
2540 1128 2416
2416 1128 2540
1041 653 1590
1590 653 1041
653 1041 1590
61 738 1877
738 61 1877
1877 61 738
970 527 2917
527 970 2917
2917 527 970
1441 510 1955
510 1441 1955
1955 510 1441
228 1751 2175
2175 228 1751
1751 228 2175
1747 554 1388
1388 554 1747
554 1388 1747
884 821 1178
821 884 1178
1178 821 884
2982 1399 1487
1487 1399 2982
1399 1487 2982
2202 15 2128
15 2128 2202
2128 15 2202
2333 2243 2563
2243 2333 2563
2563 2243 2333
2924 1503 2993
2993 1503 2924
1503 2924 2993
1796 964 1808
1808 964 1796
964 1796 1808
692 205 1805
1805 205 692
205 692 1805
494 2259 2501
2501 494 2259
2259 494 2501
2060 126 1968
126 1968 2060
1968 126 2060
225 2669 2743
2743 225 2669
2669 225 2743
1371 479 1328
1328 479 1371
479 1328 1371
764 2321 2775
2321 764 2775
2775 764 2321
2615 2059 2611
2611 2059 2615
2059 2611 2615
2961 919 2787
2787 919 2961
919 2787 2961
1557 250 1844
250 1557 1844
1844 250 1557
483 492 997
492 483 997
997 483 492
2981 287 2973
287 2973 2981
2973 287 2981
2687 2008 2527
2008 2527 2687
2527 2008 2687
937 348 1125
1125 348 937
348 937 1125
2420 39 1496
1496 39 2420
39 1496 2420
1577 899 1305
899 1305 1577
1305 899 1577
2753 474 1268
1268 474 2753
474 1268 2753
529 2035 2551
2035 529 2551
2551 529 2035
373 83 1280
83 373 1280
1280 83 373
875 969 2599
969 875 2599
2599 875 969
1258 431 2633
2633 431 1258
431 1258 2633
2586 1 2852
1 2586 2852
2852 1 2586
654 886 1517
886 654 1517
1517 654 886
830 584 2020
584 830 2020
2020 584 830
2466 566 2004
566 2004 2466
2004 566 2466
1089 364 792
792 364 1089
364 792 1089
663 1699 2969
1699 663 2969
2969 663 1699
403 368 953
368 403 953
953 368 403
1748 2287 2309
2309 1748 2287
2287 1748 2309
956 172 1845
172 956 1845
1845 172 956
2083 1766 2230
1766 2083 2230
2230 1766 2083
794 120 941
941 120 794
120 794 941
1520 178 1541
1541 178 1520
178 1520 1541
852 879 1147
1147 852 879
879 852 1147
637 452 756
756 452 637
452 637 756
163 1492 2528
2528 163 1492
1492 163 2528
2266 1265 2779
1265 2266 2779
2779 1265 2266
2366 278 1482
278 1482 2366
1482 278 2366
2360 1917 2399
1917 2360 2399
2399 1917 2360
40 921 2785
2785 40 921
921 40 2785
275 895 2704
895 275 2704
2704 275 895
1179 1164 1794
1164 1179 1794
1794 1164 1179
384 903 2900
903 384 2900
2900 384 903
1401 323 1655
1655 323 1401
323 1401 1655
2522 9 1208
9 1208 2522
1208 9 2522
1327 974 2134
974 1327 2134
2134 974 1327
17 1935 2870
2870 17 1935
1935 17 2870
2007 139 1040
139 1040 2007
1040 139 2007
793 2112 2727
2112 793 2727
2727 793 2112
462 1546 2163
2163 462 1546
1546 462 2163
2747 145 774
774 145 2747
145 774 2747
2508 1759 1865
1759 1865 2508
1865 1759 2508
117 131 1588
131 117 1588
1588 117 131
56 1795 2966
2966 56 1795
1795 56 2966
1560 1603 2591
2591 1560 1603
1603 1560 2591
2389 1102 1681
1681 1102 2389
1102 1681 2389
1822 305 824
824 305 1822
305 824 1822
2347 181 718
718 181 2347
181 718 2347
2643 1224 1458
1458 1224 2643
1224 1458 2643
1438 524 1095
524 1095 1438
1095 524 1438
2684 2332 2681
2332 2681 2684
2681 2332 2684
2656 628 2081
628 2081 2656
2081 628 2656
1641 188 1639
1639 188 1641
188 1639 1641
1427 328 1366
1366 328 1427
328 1366 1427
1988 476 2096
476 1988 2096
2096 476 1988
1377 429 2418
2418 429 1377
429 1377 2418
1155 1374 1912
