941 820 1492
820 941 1492
1492 820 941
1298 226 450
450 226 1298
226 450 1298
59 399 1566
399 59 1566
1566 59 399
1060 142 2126
142 1060 2126
2126 142 1060
2447 175 2786
2786 175 2447
175 2447 2786
1691 137 1494
1494 137 1691
137 1494 1691
313 1835 2051
2051 313 1835
1835 313 2051
1768 393 2698
393 1768 2698
2698 393 1768
1406 793 1981
1981 793 1406
793 1406 1981
2314 13 1549
13 1549 2314
1549 13 2314
1213 276 982
982 276 1213
276 982 1213
2004 191 2401
191 2004 2401
2401 191 2004
239 1219 1599
1219 239 1599
1599 239 1219
145 292 1485
292 145 1485
1485 145 292
2467 596 758
758 596 2467
596 758 2467
148 1668 2324
2324 148 1668
1668 148 2324
2839 478 925
478 925 2839
925 478 2839
1361 1709 2894
2894 1361 1709
1709 1361 2894
2557 1952 2063
2063 1952 2557
1952 2063 2557
832 236 373
373 236 832
236 373 832
381 2236 2348
2236 381 2348
2348 381 2236
2754 11 2485
2485 11 2754
11 2485 2754
792 1916 2599
1916 792 2599
2599 792 1916
1908 120 618
618 120 1908
120 618 1908
608 1618 2149
2149 608 1618
1618 608 2149
2288 704 1652
704 1652 2288
1652 704 2288
430 2224 2864
2224 430 2864
2864 430 2224
1352 1183 1763
1763 1183 1352
1183 1352 1763
2453 324 2891
324 2453 2891
2891 324 2453
614 1673 2709
1673 614 2709
2709 614 1673
2196 957 2297
2297 957 2196
957 2196 2297
2046 1651 2166
1651 2046 2166
2166 1651 2046
2561 689 2538
689 2538 2561
2538 689 2561
426 235 2533
235 426 2533
2533 235 426
2788 2127 2342
2127 2342 2788
2342 2127 2788
734 468 1553
1553 468 734
468 734 1553
1629 51 477
51 477 1629
477 51 1629
1821 1070 2279
1070 1821 2279
2279 1070 1821
408 303 1157
303 408 1157
1157 303 408
46 2773 2886
2773 46 2886
2886 46 2773
2302 1374 1504
1374 1504 2302
1504 1374 2302
778 1280 2927
1280 778 2927
2927 778 1280
2525 1960 2518
1960 2518 2525
2518 1960 2525
2365 2017 2117
2117 2017 2365
2017 2117 2365
652 217 2604
217 652 2604
2604 217 652
1046 1054 1145
1054 1046 1145
1145 1046 1054
655 1434 2946
2946 655 1434
1434 655 2946
2273 1262 1279
1262 1279 2273
1279 1262 2273
1386 304 1387
304 1386 1387
1387 304 1386
2065 900 1505
1505 900 2065
900 1505 2065
1127 931 1452
931 1127 1452
1452 931 1127
1999 791 1091
1091 791 1999
791 1091 1999
856 2271 2606
2271 856 2606
2606 856 2271
1093 1008 2097
1008 1093 2097
2097 1008 1093
2757 414 1400
414 1400 2757
1400 414 2757
1784 302 1186
1186 302 1784
302 1186 1784
1255 1879 1950
1879 1255 1950
1950 1255 1879
113 38 1720
38 113 1720
1720 38 113
2036 160 1289
160 1289 2036
1289 160 2036
1997 423 2027
2027 423 1997
423 1997 2027
2583 186 2854
2854 186 2583
186 2583 2854
380 394 1242
1242 380 394
394 380 1242
1422 2705 2730
2705 1422 2730
2730 1422 2705
521 1760 2099
2099 521 1760
1760 521 2099
2717 2292 2550
2550 2292 2717
2292 2550 2717
1984 782 1251
782 1251 1984
1251 782 1984
2237 893 1715
1715 893 2237
893 1715 2237
1804 1062 2971
2971 1062 1804
1062 1804 2971
821 1043 2022
2022 821 1043
1043 821 2022
2499 23 2367
2367 23 2499
23 2367 2499
1455 727 962
962 727 1455
727 962 1455
1876 1688 2600
2600 1688 1876
1688 1876 2600
830 1822 1978
1978 830 1822
1822 830 1978
1894 1064 1773
1064 1773 1894
1773 1064 1894
190 1558 2136
2136 190 1558
1558 190 2136
20 1656 2897
2897 20 1656
1656 20 2897
2595 106 2003
2003 106 2595
106 2003 2595
347 300 1912
1912 300 347
300 347 1912
357 338 365
338 357 365
365 338 357
1163 817 2152
2152 817 1163
817 1163 2152
826 887 2259
887 826 2259
2259 826 887
3 1153 1808
1153 3 1808
1808 3 1153
1116 250 1428
1428 250 1116
250 1116 1428
979 1980 2900
2900 979 1980
1980 979 2900
1910 1474 2960
2960 1474 1910
1474 1910 2960
1418 326 1443
326 1418 1443
1443 326 1418
549 626 993
993 549 626
626 549 993
916 242 1633
242 916 1633
1633 242 916
1609 418 2391
418 1609 2391
2391 418 1609
883 950 2162
2162 883 950
950 883 2162
859 567 2352
2352 567 859
567 859 2352
1631 1941 2687
2687 1631 1941
1941 1631 2687
1024 419 869
869 419 1024
419 869 1024
1750 713 2930
2930 713 1750
713 1750 2930
1009 1187 1644
1644 1009 1187
1187 1009 1644
1874 152 1132
152 1132 1874
1132 152 1874
1313 1156 2358
1156 1313 2358
2358 1156 1313
2913 751 961
751 961 2913
961 751 2913
926 146 2223
2223 146 926
146 926 2223
2287 1381 2209
2209 1381 2287
1381 2209 2287
348 542 2870
2870 348 542
542 348 2870
2548 1433 2174
2174 1433 2548
1433 2174 2548
2037 1995 2066
2066 1995 2037
1995 2037 2066
2335 502 1902
502 1902 2335
1902 502 2335
241 185 251
251 185 241
185 241 251
209 1069 2874
2874 209 1069
1069 209 2874
1800 1194 2464
1194 1800 2464
2464 1194 1800
166 260 881
881 166 260
260 166 881
201 1190 1803
1803 201 1190
1190 201 1803
2904 2199 2997
2997 2199 2904
2199 2904 2997
924 181 850
850 181 924
181 850 924
1192 827 1744
827 1192 1744
1744 827 1192
1126 2227 2577
2227 1126 2577
2577 1126 2227
822 223 2996
223 822 2996
2996 223 822
600 719 1399
1399 600 719
719 600 1399
790 891 1888
1888 790 891
891 790 1888
1412 415 2769
415 1412 2769
2769 415 1412
897 56 1956
1956 56 897
56 897 1956
2210 1081 2634
2634 1081 2210
1081 2210 2634
424 587 2572
587 424 2572
2572 424 587
1235 572 2418
2418 572 1235
572 1235 2418
1853 1756 2475
2475 1756 1853
1756 1853 2475
1028 1519 1852
1519 1028 1852
1852 1028 1519
1308 1431 2756
1431 1308 2756
2756 1308 1431
1037 724 2881
2881 724 1037
724 1037 2881
2053 932 2867
2867 932 2053
932 2053 2867
2091 588 1540
588 1540 2091
1540 588 2091
2380 200 1353
200 1353 2380
1353 200 2380
1097 923 2112
2112 923 1097
923 1097 2112
2140 1281 2800
2800 1281 2140
1281 2140 2800
1702 1149 2952
2952 1149 1702
1149 1702 2952
24 690 1449
1449 24 690
690 24 1449
2339 295 2582
2582 295 2339
295 2339 2582
2311 1199 1284
1199 1284 2311
1284 1199 2311
2427 1131 2219
1131 2219 2427
2219 1131 2427
1134 999 2570
2570 999 1134
999 1134 2570
717 320 913
913 320 717
320 717 913
1224 156 780
156 780 1224
780 156 1224
2494 522 669
669 522 2494
522 669 2494
2909 576 1098
576 1098 2909
1098 576 2909
1223 2128 2872
2128 1223 2872
2872 1223 2128
650 1883 2807
1883 650 2807
2807 650 1883
212 173 2214
2214 173 212
173 212 2214
1521 2552 2697
2697 1521 2552
2552 1521 2697
1741 284 1460
284 1460 1741
1460 284 1741
140 1606 2878
2878 140 1606
1606 140 2878
647 754 2793
2793 647 754
754 647 2793
2493 1662 2207
1662 2207 2493
2207 1662 2493
2108 1722 2633
1722 2108 2633
2633 1722 2108
207 238 2613
238 207 2613
2613 207 238
1333 1003 1605
1605 1003 1333
1003 1333 1605
772 1303 2888
1303 772 2888
2888 772 1303
2478 2317 2729
2317 2478 2729
2729 2317 2478
609 81 2362
81 609 2362
2362 81 609
248 586 1726
1726 248 586
586 248 1726
1039 1598 2735
2735 1039 1598
1598 1039 2735
602 757 2714
757 602 2714
2714 602 757
2334 461 2178
461 2178 2334
2178 461 2334
1277 179 2084
179 1277 2084
2084 179 1277
2176 279 2581
279 2176 2581
2581 279 2176
1395 829 1510
1510 829 1395
829 1395 1510
1812 161 633
633 161 1812
161 633 1812
554 1813 2495
1813 554 2495
2495 554 1813
2638 2165 2458
2165 2458 2638
2458 2165 2638
2873 2255 2359
2255 2359 2873
2359 2255 2873
2432 2310 2824
2824 2310 2432
2310 2432 2824
898 744 849
744 849 898
849 744 898
2137 1526 1601
1526 1601 2137
1601 1526 2137
2751 519 1071
1071 519 2751
519 1071 2751
1712 473 2075
2075 473 1712
473 1712 2075
1877 659 2002
659 1877 2002
2002 659 1877
2869 918 1140
918 1140 2869
1140 918 2869
2977 1437 2670
2670 1437 2977
1437 2670 2977
277 1030 2012
1030 277 2012
2012 277 1030
1693 911 1309
911 1309 1693
1309 911 1693
2877 2201 2611
2201 2611 2877
2611 2201 2877
1294 460 696
460 696 1294
696 460 1294
101 400 785
785 101 400
400 101 785
1898 448 1082
1082 448 1898
448 1082 1898
563 396 646
396 563 646
646 396 563
1964 1471 2280
2280 1471 1964
1471 1964 2280
2962 60 2074
60 2074 2962
2074 60 2962
2776 761 2813
761 2776 2813
2813 761 2776
665 1915 2733
2733 665 1915
1915 665 2733
1220 1375 2059
2059 1220 1375
1375 1220 2059
905 818 895
818 895 905
895 818 905
2078 1495 2661
1495 2078 2661
2661 1495 2078
2529 168 2612
168 2529 2612
2612 168 2529
385 613 2708
2708 385 613
613 385 2708
491 949 2088
2088 491 949
949 491 2088
2511 69 1148
69 1148 2511
1148 69 2511
627 455 2415
2415 455 627
455 627 2415
1592 428 1579
1579 428 1592
428 1579 1592
695 1042 2234
1042 695 2234
2234 695 1042
2969 506 2690
506 2690 2969
2690 506 2969
1401 407 2934
2934 407 1401
407 1401 2934
9 930 2945
2945 9 930
930 9 2945
720 1380 2860
1380 720 2860
2860 720 1380
1591 278 1639
278 1591 1639
1639 278 1591
686 1914 2124
2124 686 1914
1914 686 2124
2532 527 591
591 527 2532
527 591 2532
2345 508 2131
508 2131 2345
2131 508 2345
2138 409 623
623 409 2138
409 623 2138
672 1045 2067
2067 672 1045
1045 672 2067
2883 1979 2340
1979 2340 2883
2340 1979 2883
2959 1168 2767
1168 2767 2959
2767 1168 2959
4 1218 2546
2546 4 1218
1218 4 2546
180 1083 2388
1083 180 2388
2388 180 1083
1053 1212 2966
1212 1053 2966
2966 1053 1212
611 732 871
732 611 871
871 611 732
1716 749 1442
749 1442 1716
1442 749 1716
1906 111 1696
111 1696 1906
1696 111 1906
2719 257 1118
257 1118 2719
1118 257 2719
605 291 2761
291 605 2761
2761 291 605
130 2562 2835
2835 130 2562
2562 130 2835
1721 114 1560
114 1560 1721
1560 114 1721
2908 2076 2589
2589 2076 2908
2076 2589 2908
2771 592 2748
592 2748 2771
2748 592 2771
725 1125 1326
1326 725 1125
1125 725 1326
2689 1348 2123
2123 1348 2689
1348 2123 2689
2650 2354 2826
2826 2354 2650
2354 2650 2826
92 1059 1402
1059 92 1402
1402 92 1059
1736 386 2725
2725 386 1736
386 1736 2725
2781 95 1865
1865 95 2781
95 1865 2781
2517 914 1867
1867 914 2517
914 1867 2517
964 402 1684
402 964 1684
1684 402 964
1239 2069 2501
2069 1239 2501
2501 1239 2069
846 1509 2663
2663 846 1509
1509 846 2663
1974 167 1454
1454 167 1974
167 1454 1974
1031 319 1078
1078 319 1031
319 1031 1078
2618 86 559
559 86 2618
86 559 2618
2307 1115 2605
2605 1115 2307
1115 2307 2605
760 1160 2180
1160 760 2180
2180 760 1160
2413 82 1573
82 1573 2413
1573 82 2413
2498 213 621
213 621 2498
621 213 2498
1970 1522 2903
1522 1970 2903
2903 1522 1970
1889 1948 2644
2644 1889 1948
1948 1889 2644
2370 1689 2156
1689 2156 2370
2156 1689 2370
2931 552 1683
552 1683 2931
1683 552 2931
1859 952 2491
952 1859 2491
2491 952 1859
2964 280 2283
280 2283 2964
2283 280 2964
121 35 1229
35 121 1229
1229 35 121
1207 1887 2235
1887 1207 2235
2235 1207 1887
1989 441 1012
1012 441 1989
441 1012 1989
335 155 2481
2481 155 335
155 335 2481
481 995 1738
1738 481 995
995 481 1738
1567 31 2253
2253 31 1567
31 1567 2253
2361 803 1616
803 1616 2361
1616 803 2361
1457 629 1335
629 1335 1457
1335 629 1457
1672 2010 2135
2135 1672 2010
2010 1672 2135
553 454 1602
1602 454 553
454 553 1602
2603 855 2524
2524 855 2603
855 2524 2603
1692 874 2202
2202 874 1692
874 1692 2202
2680 459 1862
459 1862 2680
1862 459 2680
358 64 702
64 358 702
702 64 358
1904 1438 2375
2375 1438 1904
1438 1904 2375
1632 33 403
33 403 1632
403 33 1632
227 1241 2827
2827 227 1241
1241 227 2827
2967 1000 2791
1000 2791 2967
2791 1000 2967
2820 2289 2585
2585 2289 2820
2289 2585 2820
1846 1585 1634
1585 1634 1846
1634 1585 1846
1191 564 1481
564 1191 1481
1481 564 1191
1937 1275 1290
1275 1290 1937
1290 1275 1937
2852 1659 1982
1659 1982 2852
1982 1659 2852
2185 694 1142
1142 694 2185
694 1142 2185
1128 1019 1845
1019 1128 1845
1845 1019 1128
1805 136 2200
136 1805 2200
2200 136 1805
700 265 2208
265 700 2208
2208 265 700
3000 1114 2385
1114 2385 3000
2385 1114 3000
1516 507 2181
2181 507 1516
507 1516 2181
2830 1475 1700
1475 1700 2830
1700 1475 2830
2970 1884 2654
1884 2654 2970
2654 1884 2970
2421 1318 2025
2025 1318 2421
1318 2025 2421
526 1458 1697
1458 526 1697
1697 526 1458
406 1623 2580
2580 406 1623
1623 406 2580
677 802 2782
802 677 2782
2782 677 802
1446 548 2514
2514 548 1446
548 1446 2514
1946 2246 2309
2246 1946 2309
2309 1946 2246
286 1854 2092
2092 286 1854
1854 286 2092
1476 1678 1919
1678 1476 1919
1919 1476 1678
2285 1180 1195
1180 1195 2285
1195 1180 2285
492 1261 2390
2390 492 1261
1261 492 2390
317 594 2702
2702 317 594
594 317 2702
658 597 1501
1501 597 658
597 658 1501
2225 638 1797
638 1797 2225
1797 638 2225
2238 392 2879
392 2238 2879
2879 392 2238
1382 711 2161
711 1382 2161
2161 711 1382
2743 339 746
339 746 2743
746 339 2743
1364 1231 1737
1737 1231 1364
1231 1364 1737
1893 1637 1674
1637 1674 1893
1674 1637 1893
892 939 2691
2691 892 939
939 892 2691
2056 310 1391
310 1391 2056
1391 310 2056
1435 1122 1957
1122 1435 1957
1957 1122 1435
2106 617 723
617 723 2106
723 617 2106
2573 2096 2765
2096 2573 2765
2765 2096 2573
1226 1935 2222
2222 1226 1935
1935 1226 2222
354 293 890
890 293 354
293 354 890
2360 1488 1819
1819 1488 2360
1488 1819 2360
462 144 2685
144 462 2685
2685 144 462
1299 1230 2636
2636 1230 1299
1230 1299 2636
469 759 934
934 469 759
759 469 934
2849 2476 2939
2939 2476 2849
2476 2849 2939
2118 2008 2567
2567 2008 2118
2008 2118 2567
1100 981 1626
1626 981 1100
981 1100 1626
988 944 2405
2405 944 988
944 988 2405
529 1323 1478
1478 529 1323
1323 529 1478
1338 153 1860
153 1338 1860
1860 153 1338
1944 1543 1953
1543 1944 1953
1953 1543 1944
536 2356 2471
2471 536 2356
2356 536 2471
2990 523 1614
523 1614 2990
1614 523 2990
769 870 1795
1795 769 870
870 769 1795
1587 1571 2107
2107 1571 1587
1571 1587 2107
1610 413 1725
413 1610 1725
1725 413 1610
1932 22 247
22 247 1932
247 22 1932
1810 1051 1638
1638 1051 1810
1051 1638 1810
1480 907 1531
907 1480 1531
1531 907 1480
2629 722 2306
2306 722 2629
722 2306 2629
735 1563 2184
1563 735 2184
2184 735 1563
379 1087 1958
1087 379 1958
1958 379 1087
2282 48 1929
48 1929 2282
1929 48 2282
1493 230 2040
230 1493 2040
2040 230 1493
1228 198 839
839 198 1228
198 839 1228
1998 1138 1340
1340 1138 1998
1138 1340 1998
2451 299 674
674 299 2451
299 674 2451
2821 1489 2057
2057 1489 2821
1489 2057 2821
2376 1264 2278
1264 2278 2376
2278 1264 2376
1232 862 2984
862 1232 2984
2984 862 1232
2576 1588 2409
2409 1588 2576
1588 2409 2576
1513 1205 2597
2597 1205 1513
1205 1513 2597
687 1222 1794
1222 687 1794
1794 687 1222
2775 1499 2492
2492 1499 2775
1499 2492 2775
1049 959 978
959 978 1049
978 959 1049
581 285 1569
285 581 1569
1569 285 581
2318 624 1020
1020 624 2318
624 1020 2318
2627 1546 1933
1933 1546 2627
1546 1933 2627
1215 1104 1930
1930 1104 1215
1104 1215 1930
2428 1739 2673
1739 2428 2673
2673 1739 2428
1745 1667 1758
1667 1745 1758
1758 1667 1745
1421 589 994
589 994 1421
994 589 1421
975 1777 2460
1777 975 2460
2460 975 1777
661 1351 1742
1742 661 1351
1351 661 1742
2355 634 2062
2062 634 2355
634 2062 2355
1189 2110 2167
2110 1189 2167
2167 1189 2110
1124 2366 2768
2366 1124 2768
2768 1124 2366
342 484 1484
1484 342 484
484 342 1484
1146 1539 2461
1539 1146 2461
2461 1146 1539
1603 630 1608
630 1603 1608
1608 630 1603
1312 2276 2321
2276 1312 2321
2321 1312 2276
372 867 1074
1074 372 867
867 372 1074
1007 1568 1759
1759 1007 1568
1568 1007 1759
2683 815 2154
815 2154 2683
2154 815 2683
489 2745 2954
2745 489 2954
2954 489 2745
1130 1482 1990
1990 1130 1482
1482 1130 1990
2953 78 1928
78 1928 2953
1928 78 2953
528 275 2980
2980 275 528
275 528 2980
487 750 2231
2231 487 750
750 487 2231
1994 346 2523
346 1994 2523
2523 346 1994
673 1708 2265
1708 673 2265
2265 673 1708
2087 951 1171
951 1171 2087
1171 951 2087
2397 598 2674
2674 598 2397
598 2397 2674
2443 784 1393
784 1393 2443
1393 784 2443
1963 1344 1665
1665 1344 1963
1344 1665 1963
1939 1383 1550
1383 1550 1939
1550 1383 1939
983 1210 2213
2213 983 1210
1210 983 2213
796 435 1018
1018 435 796
435 796 1018
1621 270 698
698 270 1621
270 698 1621
1682 733 2811
2811 733 1682
733 1682 2811
1545 1245 2545
2545 1245 1545
1245 1545 2545
1447 74 374
374 74 1447
74 374 1447
840 349 1436
349 840 1436
1436 349 840
954 298 2919
298 954 2919
2919 298 954
534 267 1023
1023 267 534
267 534 1023
2144 824 1017
1017 824 2144
824 1017 2144
325 515 2357
2357 325 515
515 325 2357
2462 1611 1796
1796 1611 2462
1611 1796 2462
2182 169 2509
169 2182 2509
2509 169 2182
755 670 2920
670 755 2920
2920 670 755
421 1661 2189
1661 421 2189
2189 421 1661
453 584 1394
584 453 1394
1394 453 584
458 18 2444
18 458 2444
2444 18 458
1175 922 2193
2193 922 1175
922 1175 2193
2657 1427 1561
1561 1427 2657
1427 1561 2657
2469 1172 2724
2724 1172 2469
1172 2469 2724
2395 748 1586
748 1586 2395
1586 748 2395
1154 370 2319
370 1154 2319
2319 370 1154
730 1816 1842
1842 730 1816
1816 730 1842
1479 49 1379
49 1379 1479
1379 49 1479
607 1518 2346
1518 607 2346
2346 607 1518
1133 2549 2564
2564 1133 2549
2549 1133 2564
537 71 1026
71 537 1026
1026 71 537
2486 660 2510
2510 660 2486
660 2486 2510
929 715 1099
1099 715 929
715 929 1099
1523 359 1600
359 1523 1600
1600 359 1523
703 2648 2981
2648 703 2981
2981 703 2648
2547 1123 1404
1123 1404 2547
1404 1123 2547
2738 525 1473
1473 525 2738
525 1473 2738
2267 318 2579
2579 318 2267
318 2267 2579
404 737 1384
1384 404 737
737 404 1384
312 543 1021
1021 312 543
543 312 1021
401 517 1556
1556 401 517
517 401 1556
205 465 2454
465 205 2454
2454 205 465
789 19 439
19 439 789
439 19 789
2995 1370 2052
1370 2052 2995
2052 1370 2995
1788 574 2363
574 1788 2363
2363 574 1788
1288 2179 2206
2206 1288 2179
2179 1288 2206
858 1090 1940
1090 858 1940
1940 858 1090
1776 2133 2632
2133 1776 2632
2632 1776 2133
1317 603 1719
1719 603 1317
603 1317 1719
1025 382 2856
382 1025 2856
2856 382 1025
842 128 177
128 177 842
177 128 842
953 656 2155
656 953 2155
2155 656 953
1653 504 544
544 504 1653
504 544 1653
2148 327 2100
327 2100 2148
2100 327 2148
2799 2044 2290
2290 2044 2799
2044 2290 2799
2158 1161 1891
1891 1161 2158
1161 1891 2158
159 333 984
333 159 984
984 159 333
1270 1781 2810
1781 1270 2810
2810 1270 1781
1646 1486 2759
1486 1646 2759
2759 1486 1646
2739 1377 1679
1679 1377 2739
1377 1679 2739
1450 666 864
666 864 1450
864 666 1450
676 39 2722
39 676 2722
2722 39 676
1962 946 2445
2445 946 1962
946 1962 2445
1010 2578 2949
2949 1010 2578
2578 1010 2949
1869 712 1461
712 1461 1869
1461 712 1869
1670 834 1319
1319 834 1670
834 1319 1670
345 788 2484
788 345 2484
2484 345 788
2172 1113 2005
1113 2005 2172
2005 1113 2172
765 1429 2020
2020 765 1429
1429 765 2020
2974 305 2844
305 2844 2974
2844 305 2974
485 2610 2944
2610 485 2944
2944 485 2610
2190 1327 2048
2048 1327 2190
1327 2048 2190
2368 1490 2926
1490 2368 2926
2926 1490 2368
1517 948 2249
2249 948 1517
948 1517 2249
1520 58 1786
58 1520 1786
1786 58 1520
2855 361 2988
361 2855 2988
2988 361 2855
1938 681 2477
681 1938 2477
2477 681 1938
2763 1655 2914
2914 1655 2763
1655 2763 2914
2104 1246 1285
1285 1246 2104
1246 1285 2104
2630 2350 2596
2350 2596 2630
2596 2350 2630
2441 405 436
405 436 2441
436 405 2441
233 5 154
154 5 233
5 154 233
2094 50 615
615 50 2094
50 615 2094
896 1013 1647
1013 896 1647
1647 896 1013
2322 1166 2244
1166 2244 2322
2244 1166 2322
663 1058 2090
1058 663 2090
2090 663 1058
1694 688 2410
688 1694 2410
2410 688 1694
2866 149 1001
1001 149 2866
149 1001 2866
1249 2300 2880
2880 1249 2300
2300 1249 2880
2513 2006 2386
2006 2386 2513
2386 2006 2513
479 1389 1596
1389 479 1596
1596 479 1389
308 1179 2626
2626 308 1179
1179 308 2626
2898 1778 2072
1778 2072 2898
2072 1778 2898
860 2014 2466
2466 860 2014
2014 860 2466
1137 463 912
912 463 1137
463 912 1137
192 8 1703
1703 8 192
8 192 1703
1208 1451 1826
1826 1208 1451
1451 1208 1826
1924 1119 1398
1119 1398 1924
1398 1119 1924
2252 1014 2134
1014 2134 2252
2134 1014 2252
1858 1487 1986
1986 1487 1858
1487 1858 1986
1849 776 2378
2378 776 1849
776 1849 2378
266 2703 2979
2703 266 2979
2979 266 2703
1234 2275 2468
2275 1234 2468
2468 1234 2275
1961 395 1734
1734 395 1961
395 1734 1961
1880 1355 2901
2901 1355 1880
1355 1880 2901
259 47 2925
2925 47 259
47 259 2925
245 1258 2601
1258 245 2601
2601 245 1258
98 2341 2863
2863 98 2341
2341 98 2863
2693 2211 2574
2211 2574 2693
2574 2211 2693
1630 1121 1850
1121 1630 1850
1850 1121 1630
1092 573 1920
1920 573 1092
573 1092 1920
391 654 1108
1108 391 654
654 391 1108
244 570 2058
570 244 2058
2058 244 570
290 2038 2841
2841 290 2038
2038 290 2841
1310 2347 2465
2347 1310 2465
2465 1310 2347
868 1164 1754
1754 868 1164
1164 868 1754
1073 967 2658
967 1073 2658
2658 967 1073
1055 29 2102
2102 29 1055
29 1055 2102
1088 667 1841
1841 667 1088
667 1088 1841
2660 1036 1559
1036 1559 2660
1559 1036 2660
1749 767 974
767 974 1749
974 767 1749
1677 1075 2439
1075 1677 2439
2439 1075 1677
1005 578 1706
1706 578 1005
578 1005 1706
2712 705 2394
2394 705 2712
705 2394 2712
2089 273 2950
273 2089 2950
2950 273 2089
649 2115 2750
2750 649 2115
2115 649 2750
1793 1297 1747
1297 1747 1793
1747 1297 1793
1577 321 632
632 321 1577
321 632 1577
1612 1589 1594
1589 1594 1612
1594 1589 1612
501 2216 2584
2216 501 2584
2584 501 2216
1304 1278 2351
2351 1278 1304
1278 1304 2351
231 100 2400
2400 100 231
100 231 2400
263 1329 2556
1329 263 2556
2556 263 1329
2676 476 1799
1799 476 2676
476 1799 2676
707 756 2120
756 707 2120
2120 707 756
2284 2653 2700
2700 2284 2653
2653 2284 2700
2470 75 625
75 625 2470
625 75 2470
256 412 442
442 256 412
412 256 442
728 1535 1927
1535 728 1927
1927 728 1535
2742 464 2150
2150 464 2742
464 2150 2742
1780 45 2448
2448 45 1780
45 1780 2448
1555 53 2221
53 1555 2221
2221 53 1555
445 2143 2449
2449 445 2143
2143 445 2449
2736 296 2681
296 2681 2736
2681 296 2736
1221 662 2770
662 1221 2770
2770 662 1221
1316 1077 1576
1576 1077 1316
1077 1316 1576
1252 550 1201
1201 550 1252
550 1201 1252
341 533 901
533 341 901
901 341 533
1649 1038 1542
1038 1542 1649
1542 1038 1649
831 1150 1363
1363 831 1150
1150 831 1363
2389 2861 2989
2861 2389 2989
2989 2389 2861
125 556 1881
556 125 1881
1881 125 556
2667 1503 1628
1628 1503 2667
1503 1628 2667
2623 1193 2615
1193 2615 2623
2615 1193 2623
1844 969 1824
969 1824 1844
1824 969 1844
1354 261 2991
261 1354 2991
2991 261 1354
958 199 1027
1027 199 958
199 958 1027
176 1817 1971
1971 176 1817
1817 176 1971
1666 1711 2591
2591 1666 1711
1711 1666 2591
2850 2188 2537
2188 2537 2850
2537 2188 2850
1136 2416 2929
2929 1136 2416
2416 1136 2929
833 1015 2241
1015 833 2241
2241 833 1015
356 590 1173
590 356 1173
1173 356 590
2446 2239 2778
2778 2239 2446
2239 2446 2778
1751 1771 2000
2000 1751 1771
1771 1751 2000
2145 2536 2649
2649 2145 2536
2536 2145 2649
480 524 2608
2608 480 524
524 480 2608
510 1200 1987
1987 510 1200
1200 510 1987
369 1483 2669
1483 369 2669
2669 369 1483
2955 986 2645
986 2645 2955
2645 986 2955
2678 762 794
762 794 2678
794 762 2678
2774 873 2858
2858 873 2774
873 2774 2858
2916 84 2932
2932 84 2916
84 2916 2932
2508 718 1385
1385 718 2508
718 1385 2508
88 1818 2772
1818 88 2772
2772 88 1818
1527 377 960
377 960 1527
960 377 1527
708 232 2598
2598 232 708
232 708 2598
85 162 1176
162 85 1176
1176 85 162
138 1917 2218
1917 138 2218
2218 138 1917
1642 89 2720
2720 89 1642
89 1642 2720
2187 764 2701
2701 764 2187
764 2187 2701
838 158 2026
158 838 2026
2026 158 838
2105 122 919
122 919 2105
919 122 2105
620 1831 2707
2707 620 1831
1831 620 2707
595 1873 2240
1873 595 2240
2240 595 1873
429 371 2326
371 429 2326
2326 371 429
108 1274 1532
1274 108 1532
1532 108 1274
440 1413 1584
1413 440 1584
1584 440 1413
1095 127 466
127 466 1095
466 127 1095
1918 739 2305
2305 739 1918
739 1918 2305
2083 989 2164
2164 989 2083
989 2083 2164
2061 1216 2832
1216 2061 2832
2832 1216 2061
2976 353 2796
353 2796 2976
2796 353 2976
26 1217 1690
1217 26 1690
1690 26 1217
1196 1710 2541
1710 1196 2541
2541 1196 1710
384 488 1472
488 384 1472
1472 384 488
398 601 1407
601 398 1407
1407 398 601
294 188 1347
188 294 1347
1347 188 294
2414 63 433
63 433 2414
433 63 2414
1506 1459 1856
1856 1459 1506
1459 1506 1856
2659 87 854
87 854 2659
854 87 2659
1079 848 888
848 888 1079
888 848 1079
1923 579 1802
1802 579 1923
579 1802 1923
2408 2515 2563
2515 2408 2563
2563 2408 2515
143 1783 2890
2890 143 1783
1783 143 2890
2760 1714 2710
2710 1714 2760
1714 2710 2760
783 799 2885
799 783 2885
2885 783 799
1357 2042 2101
2101 1357 2042
2042 1357 2101
2011 966 1336
966 1336 2011
1336 966 2011
165 112 490
112 165 490
490 112 165
214 57 1847
1847 57 214
57 214 1847
193 545 2937
545 193 2937
2937 193 545
1534 204 2923
204 1534 2923
2923 204 1534
1635 444 910
444 910 1635
910 444 1635
2393 699 2079
699 2079 2393
2079 699 2393
1774 315 1801
315 1774 1801
1801 315 1774
2837 1034 2790
2790 1034 2837
1034 2790 2837
1871 882 1699
882 1699 1871
1699 882 1871
1273 884 2614
884 1273 2614
2614 884 1273
1456 237 1065
237 1065 1456
1065 237 1456
2203 566 2554
566 2203 2554
2554 566 2203
889 938 2054
938 889 2054
2054 889 938
786 2338 2344
2338 786 2344
2344 786 2338
971 679 1439
1439 679 971
679 971 1439
2940 1868 2116
2116 1868 2940
1868 2116 2940
992 2030 2951
2030 992 2951
2951 992 2030
1345 742 1396
1396 742 1345
742 1345 1396
766 741 2753
741 766 2753
2753 741 766
1926 2403 2459
2459 1926 2403
2403 1926 2459
103 942 998
942 103 998
998 103 942
1243 641 1061
1061 641 1243
641 1061 1243
1011 447 643
447 643 1011
643 447 1011
2068 21 2435
21 2068 2435
2435 21 2068
1040 174 2789
2789 174 1040
174 1040 2789
1620 2406 2915
2406 1620 2915
2915 1620 2406
2696 928 1237
928 1237 2696
1237 928 2696
1465 1468 1931
1468 1465 1931
1931 1465 1468
2191 684 2328
684 2191 2328
2328 684 2191
2204 835 1892
1892 835 2204
835 1892 2204
1557 360 2463
2463 360 1557
360 1557 2463
863 132 264
264 132 863
132 264 863
2369 1903 2982
1903 2369 2982
2982 1903 2369
1390 1861 2343
1861 1390 2343
2343 1390 1861
1139 2226 2652
2226 1139 2652
2652 1139 2226
2422 828 2593
2593 828 2422
828 2422 2593
503 1002 1525
1525 503 1002
1002 503 1525
1524 945 1117
945 1117 1524
1117 945 1524
1829 2594 2746
2746 1829 2594
2594 1829 2746
2911 1169 2906
2906 1169 2911
1169 2906 2911
1909 540 2607
540 1909 2607
2607 540 1909
2488 593 1089
593 1089 2488
1089 593 2488
220 30 1129
30 220 1129
1129 30 220
555 642 885
885 555 642
642 555 885
2540 427 1718
427 1718 2540
1718 427 2540
216 1885 1936
1885 216 1936
1936 216 1885
2232 2882 2948
2882 2232 2948
2948 2232 2882
2812 99 1983
1983 99 2812
99 1983 2812
1143 378 798
798 378 1143
378 798 1143
2893 812 1967
1967 812 2893
812 1967 2893
1410 865 2682
865 1410 2682
2682 865 1410
375 499 2381
499 375 2381
2381 375 499
1830 1372 2706
2706 1372 1830
1372 1830 2706
2502 2157 2764
2764 2157 2502
2157 2502 2764
368 1050 1266
1050 368 1266
1266 368 1050
2956 234 2093
2093 234 2956
234 2093 2956
182 10 2023
10 182 2023
2023 10 182
645 470 1502
1502 470 645
470 645 1502
67 93 2575
2575 67 93
93 67 2575
97 877 917
877 97 917
917 97 877
1959 2798 2985
2985 1959 2798
2798 1959 2985
1276 351 808
351 808 1276
808 351 1276
2998 474 940
940 474 2998
474 940 2998
1954 496 2723
496 1954 2723
2723 496 1954
2500 311 2245
311 2245 2500
2245 311 2500
1562 968 1815
968 1562 1815
1815 968 1562
2871 1283 1755
1283 1755 2871
1755 1283 2871
1769 1735 2617
2617 1735 1769
1735 1769 2617
25 323 2440
323 25 2440
2440 25 323
691 314 1593
1593 314 691
314 691 1593
2802 55 1775
55 1775 2802
1775 55 2802
2792 73 2521
2521 73 2792
73 2521 2792
680 561 2530
561 680 2530
2530 561 680
336 1 1657
1 336 1657
1657 1 336
538 2325 2744
2325 538 2744
2744 538 2325
899 105 2983
105 899 2983
2983 105 899
344 1135 2308
1135 344 2308
2308 344 1135
1552 497 2168
497 1552 2168
2168 497 1552
2001 814 853
814 853 2001
853 814 2001
1663 2726 2895
2895 1663 2726
2726 1663 2895
2419 1607 2505
1607 2419 2505
2505 1607 2419
417 107 451
451 107 417
107 417 451
109 1250 2337
2337 109 1250
1250 109 2337
768 1687 2142
1687 768 2142
2142 768 1687
2024 475 2291
2291 475 2024
475 2024 2291
2049 483 2132
2132 483 2049
483 2049 2132
2631 872 2506
872 2506 2631
2506 872 2631
2043 289 2544
2544 289 2043
289 2043 2544
1530 1197 1762
1762 1197 1530
1197 1530 1762
2197 1582 2383
2383 1582 2197
1582 2197 2383
1757 1761 2423
2423 1757 1761
1761 1757 2423
2851 281 1301
281 1301 2851
1301 281 2851
203 1872 2512
2512 203 1872
1872 203 2512
935 43 115
115 43 935
43 115 935
96 2254 2957
2957 96 2254
2254 96 2957
1636 1955 2752
1955 1636 2752
2752 1636 1955
2822 422 432
422 432 2822
432 422 2822
2721 1580 2828
1580 2721 2828
2828 1580 2721
2684 637 1466
1466 637 2684
637 1466 2684
648 1886 2316
1886 648 2316
2316 648 1886
1508 806 2396
806 1508 2396
2396 806 1508
2170 740 2999
2999 740 2170
740 2170 2999
1643 880 1897
880 1643 1897
1897 880 1643
1356 2033 2217
2217 1356 2033
2033 1356 2217
985 452 1943
1943 452 985
452 985 1943
1934 150 1409
1409 150 1934
150 1409 1934
1839 322 2490
322 1839 2490
2490 322 1839
2842 157 1469
157 1469 2842
1469 157 2842
1640 1864 2542
1864 1640 2542
2542 1640 1864
657 843 2566
2566 657 843
843 657 2566
2480 1766 2922
2922 1766 2480
1766 2480 2922
2711 2487 2917
2917 2487 2711
2487 2711 2917
2015 124 1746
1746 124 2015
124 1746 2015
178 367 2818
2818 178 367
367 178 2818
1048 1765 2294
2294 1048 1765
1765 1048 2294
2103 1707 1767
1767 1707 2103
1707 1767 2103
2785 163 2114
2114 163 2785
163 2114 2785
1300 1965 2531
2531 1300 1965
1965 1300 2531
2534 362 2331
2331 362 2534
362 2331 2534
943 282 1968
1968 282 943
282 943 1968
1988 189 2543
189 1988 2543
2543 189 1988
2260 1548 1866
1866 1548 2260
1548 1866 2260
34 456 980
456 34 980
980 34 456
446 1292 2846
1292 446 2846
2846 446 1292
80 495 1680
495 80 1680
1680 80 495
411 118 1419
118 411 1419
1419 118 411
340 2268 2620
2268 340 2620
2620 340 2268
753 805 1328
805 753 1328
1328 753 805
1972 1085 1625
1625 1085 1972
1085 1625 1972
1993 1330 2353
1330 1993 2353
2353 1330 1993
990 32 2892
32 990 2892
2892 32 990
903 745 2080
2080 745 903
745 903 2080
482 580 1188
1188 482 580
580 482 1188
2175 1581 2662
2662 1581 2175
1581 2175 2662
183 710 1209
1209 183 710
710 183 1209
467 1302 2312
2312 467 1302
1302 467 2312
2028 202 571
202 571 2028
571 202 2028
1155 1743 2411
2411 1155 1743
1743 1155 2411
582 836 2229
2229 582 836
836 582 2229
1096 933 1305
1305 933 1096
933 1096 1305
1314 1321 1675
1675 1314 1321
1321 1314 1675
565 1424 2424
2424 565 1424
1424 565 2424
604 2 1086
1086 2 604
2 604 1086
1790 1619 2968
2968 1619 1790
1619 1790 2968
2081 253 2853
2853 253 2081
253 2081 2853
2784 274 1067
274 1067 2784
1067 274 2784
2177 1770 2834
1770 2177 2834
2834 1770 2177
1843 847 2963
847 1843 2963
2963 847 1843
721 37 2539
37 721 2539
2539 37 721
102 709 2153
2153 102 709
709 102 2153
2258 1324 2018
1324 2018 2258
2018 1324 2258
2320 697 1337
1337 697 2320
697 1337 2320
1367 1214 2228
1214 1367 2228
2228 1214 1367
1423 770 1035
1035 770 1423
770 1035 1423
976 1256 1547
1256 976 1547
1547 976 1256
1181 2129 2535
2535 1181 2129
2129 1181 2535
1107 811 2741
2741 811 1107
811 1107 2741
963 558 1671
1671 558 963
558 963 1671
606 1029 1648
1029 606 1648
1648 606 1029
2047 1748 2060
1748 2047 2060
2060 1748 2047
2021 1730 2327
1730 2021 2327
2327 1730 2021
886 2041 2332
2332 886 2041
2041 886 2332
2935 246 2938
246 2935 2938
2938 246 2935
1257 866 1165
1165 866 1257
866 1165 1257
692 1204 1528
1204 692 1528
1528 692 1204
2665 1332 2412
2412 1332 2665
1332 2412 2665
1170 44 1838
1838 44 1170
44 1170 1838
1905 2457 2507
2507 1905 2457
2457 1905 2507
309 2050 2843
2843 309 2050
2050 309 2843
268 228 1068
1068 228 268
228 268 1068
668 79 1339
1339 79 668
79 668 1339
2628 1977 2713
1977 2628 2713
2713 1977 2628
2804 316 1444
316 1444 2804
1444 316 2804
2651 671 678
678 671 2651
671 678 2651
129 62 2215
62 129 2215
2215 62 129
1360 2516 2819
2516 1360 2819
2819 1360 2516
2806 568 2875
568 2806 2875
2875 568 2806
509 1814 2270
1814 509 2270
2270 509 1814
2417 206 513
513 206 2417
206 513 2417
908 28 337
28 337 908
337 28 908
2336 1408 2718
2718 1408 2336
1408 2336 2718
2823 851 1325
1325 851 2823
851 1325 2823
701 622 1211
1211 622 701
622 701 1211
2248 2286 2399
2399 2248 2286
2286 2248 2399
1564 486 557
486 557 1564
557 486 1564
1047 1463 1470
1470 1047 1463
1463 1047 1470
2933 243 2098
2098 243 2933
243 2098 2933
1415 2264 2609
2609 1415 2264
2264 1415 2609
306 1225 1996
1996 306 1225
1225 306 1996
2429 1411 2169
1411 2169 2429
2169 1411 2429
2777 2588 2899
2899 2588 2777
2588 2777 2899
1057 639 1907
639 1057 1907
1907 639 1057
1405 1346 2263
1346 1405 2263
2263 1346 1405
1397 2085 2233
2233 1397 2085
2085 1397 2233
1084 363 2992
363 1084 2992
2992 363 1084
416 1823 2186
1823 416 2186
2186 416 1823
1890 1202 1899
1202 1890 1899
1899 1202 1890
996 1342 1420
1420 996 1342
1342 996 1420
530 560 1101
560 530 1101
1101 530 560
1167 2122 2384
2122 1167 2384
2384 1167 2122
2565 164 1947
1947 164 2565
164 1947 2565
2483 1178 2171
1178 2171 2483
2171 1178 2483
27 1174 1574
1574 27 1174
1174 27 1574
2808 801 816
816 801 2808
801 816 2808
1507 651 1645
651 1507 1645
1645 651 1507
1306 2433 2479
2479 1306 2433
2433 1306 2479
2373 1806 2887
1806 2373 2887
2887 1806 2373
516 224 1785
1785 224 516
224 516 1785
2571 809 2590
809 2571 2590
2590 809 2571
518 494 2737
2737 494 518
494 518 2737
2452 795 2456
2456 795 2452
795 2452 2456
287 2560 2918
2918 287 2560
2560 287 2918
1514 1570 2624
2624 1514 1570
1570 1514 2624
2619 1378 2993
1378 2619 2993
2993 1378 2619
1686 1244 2009
1244 1686 2009
2009 1244 1686
2151 2013 2640
2640 2013 2151
2013 2151 2640
2942 547 2551
547 2551 2942
2551 547 2942
531 1334 2198
2198 531 1334
1334 531 2198
2303 1350 1440
1350 1440 2303
1440 1350 2303
2194 845 1041
1041 845 2194
845 1041 2194
2382 2195 2910
2195 2382 2910
2910 2195 2382
771 1752 2489
1752 771 2489
2489 771 1752
443 636 1464
636 443 1464
1464 443 636
2715 1233 2257
2257 1233 2715
1233 2257 2715
1627 184 1544
1544 184 1627
184 1544 1627
1704 141 1753
141 1704 1753
1753 141 1704
2641 921 991
921 991 2641
991 921 2641
1512 68 2528
2528 68 1512
68 1512 2528
779 1851 2398
1851 779 2398
2398 779 1851
2437 1511 2160
2160 1511 2437
1511 2160 2437
1182 861 1565
1565 861 1182
861 1182 1565
2230 1951 2656
2656 1951 2230
1951 2230 2656
1613 726 2972
726 1613 2972
2972 726 1613
2740 546 1500
1500 546 2740
546 1500 2740
1837 262 2371
2371 262 1837
262 1837 2371
2242 1658 1798
1658 1798 2242
1798 1658 2242
1032 1094 2379
1094 1032 2379
2379 1032 1094
1426 800 2430
800 1426 2430
2430 800 1426
743 777 1840
777 743 1840
1840 743 777
683 1151 2643
1151 683 2643
2643 683 1151
937 387 1664
1664 387 937
387 937 1664
329 147 635
147 329 635
635 147 329
42 471 1358
471 42 1358
1358 42 471
252 1448 2082
1448 252 2082
2082 252 1448
2803 90 331
90 331 2803
331 90 2803
773 1022 2848
2848 773 1022
1022 773 2848
2247 1782 2668
1782 2247 2668
2668 1782 2247
2825 902 906
906 902 2825
902 906 2825
2329 1857 2402
2402 1857 2329
1857 2329 2402
135 76 2073
76 135 2073
2073 76 135
1359 2426 2716
2716 1359 2426
2426 1359 2716
366 54 2019
2019 54 366
54 366 2019
610 254 1259
1259 254 610
254 610 1259
1641 425 2586
2586 425 1641
425 1641 2586
151 12 498
12 151 498
498 12 151
2436 334 585
585 334 2436
334 585 2436
2055 857 2139
2139 857 2055
857 2055 2139
283 972 2159
972 283 2159
2159 283 972
2639 823 1622
1622 823 2639
823 1622 2639
2845 583 644
644 583 2845
583 644 2845
1836 343 569
343 569 1836
569 343 1836
1076 1365 1740
1740 1076 1365
1365 1076 1740
1572 271 2095
271 1572 2095
2095 271 1572
208 1311 2295
1311 208 2295
2295 208 1311
1975 197 2555
197 1975 2555
2555 197 1975
410 211 1417
1417 211 410
211 410 1417
2568 2035 2251
2035 2251 2568
2251 2035 2568
1541 1477 2642
2642 1477 1541
1477 1541 2642
2298 493 1203
1203 493 2298
493 1203 2298
628 1497 2364
2364 628 1497
1497 628 2364
2504 70 1811
1811 70 2504
70 1811 2504
187 36 1414
1414 36 187
36 187 1414
2496 1669 2734
1669 2496 2734
2734 1669 2496
2071 837 2783
837 2071 2783
2783 837 2071
1376 2064 2637
2064 1376 2637
2637 1376 2064
936 390 2666
390 936 2666
2666 390 936
2553 352 2958
352 2553 2958
2958 352 2553
297 2032 2965
2965 297 2032
2032 297 2965
1184 2587 2672
2672 1184 2587
2587 1184 2672
1467 664 1254
664 1254 1467
1254 664 1467
2758 17 2677
17 2677 2758
2677 17 2758
2526 383 1185
1185 383 2526
383 1185 2526
844 977 2330
977 844 2330
2330 844 977
1832 2816 2943
2816 1832 2943
2943 1832 2816
1006 1295 1911
1911 1006 1295
1295 1006 1911
1772 1177 2986
1177 1772 2986
2986 1177 1772
1597 1238 1875
1875 1238 1597
1238 1597 1875
2299 675 1604
1604 675 2299
675 1604 2299
2809 2220 2692
2220 2692 2809
2692 2220 2809
457 1120 2301
2301 457 1120
1120 457 2301
1681 612 2173
612 1681 2173
2173 612 1681
2323 1111 1269
1269 1111 2323
1111 1269 2323
1537 1441 1538
1538 1441 1537
1441 1537 1538
1942 1147 1834
1834 1147 1942
1147 1834 1942
1253 307 1263
307 1253 1263
1263 307 1253
1945 2622 2755
2755 1945 2622
2622 1945 2755
2281 1052 1615
1052 1615 2281
1615 1052 2281
1343 301 1717
301 1343 1717
1717 301 1343
2625 1236 1966
1966 1236 2625
1236 1966 2625
1112 269 1713
1713 269 1112
269 1112 1713
2936 514 1103
514 1103 2936
1103 514 2936
2675 1820 2296
1820 2296 2675
2296 1820 2675
1063 330 1341
1341 330 1063
330 1063 1341
1595 2558 2859
2859 1595 2558
2558 1595 2859
6 1080 1247
1080 6 1247
1247 6 1080
2425 66 965
965 66 2425
66 965 2425
2559 219 1791
1791 219 2559
219 1791 2559
1268 876 2978
2978 876 1268
876 1268 2978
2130 1624 1764
1764 1624 2130
1624 1764 2130
1498 139 2527
139 1498 2527
2527 139 1498
2876 927 1695
1695 927 2876
927 1695 2876
520 221 747
747 221 520
221 520 747
2815 272 1322
272 1322 2815
1322 272 2815
2857 2896 2912
2896 2857 2912
2912 2857 2896
970 1287 2921
2921 970 1287
1287 970 2921
1685 1787 2902
2902 1685 1787
1787 1685 2902
215 1141 2973
2973 215 1141
1141 215 2973
915 1109 1416
1416 915 1109
1109 915 1416
2266 134 685
685 134 2266
134 685 2266
1901 1529 2994
2994 1529 1901
1529 1901 2994
328 210 2450
210 328 2450
2450 210 328
577 920 2503
920 577 2503
2503 577 920
878 364 1807
364 878 1807
1807 364 878
388 1792 2616
2616 388 1792
1792 388 2616
2797 123 1362
123 1362 2797
1362 123 2797
420 1293 2731
2731 420 1293
1293 420 2731
852 288 1462
288 852 1462
1462 288 852
2868 1991 2472
1991 2472 2868
2472 1991 2868
1969 2034 2121
2034 1969 2121
2121 1969 2034
1296 1895 2838
2838 1296 1895
1895 1296 2838
2387 61 1789
1789 61 2387
61 1789 2387
2762 2704 2831
2704 2762 2831
2831 2704 2762
2029 1331 1900
1331 1900 2029
1900 1331 2029
2646 616 2647
616 2646 2647
2647 616 2646
2928 1368 1848
1368 1848 2928
1848 1368 2928
1729 1102 2987
2987 1102 1729
1102 1729 2987
2250 541 551
551 541 2250
541 551 2250
1515 500 1913
1913 500 1515
500 1515 1913
2522 126 2147
126 2147 2522
2147 126 2522
1110 249 1731
249 1110 1731
1731 249 1110
2836 1072 1728
1072 1728 2836
1728 1072 2836
2749 955 2269
955 2269 2749
2269 955 2749
2947 1878 2732
1878 2732 2947
2732 1878 2947
763 1617 2671
2671 763 1617
1617 763 2671
1066 1349 1949
1349 1066 1949
1949 1066 1349
1162 225 438
438 225 1162
225 438 1162
2109 332 1425
1425 332 2109
332 1425 2109
1366 781 2801
2801 781 1366
781 1366 2801
1973 1105 1733
1105 1733 1973
1733 1105 1973
2392 1291 2031
1291 2031 2392
2031 1291 2392
2372 65 2865
2865 65 2372
65 2372 2865
2699 797 1320
1320 797 2699
797 1320 2699
532 1554 1925
1925 532 1554
1554 532 1925
1551 1159 1248
1248 1159 1551
1159 1248 1551
1992 511 1430
511 1430 1992
1430 511 1992
133 716 2434
2434 133 716
716 133 2434
104 171 1496
1496 104 171
171 104 1496
1660 40 1240
40 1240 1660
1240 40 1660
2077 505 736
505 736 2077
736 505 2077
195 222 2315
222 195 2315
2315 195 222
682 2694 2780
2694 682 2780
2780 682 2694
7 804 2833
2833 7 804
804 7 2833
1227 255 2924
255 1227 2924
2924 255 1227
2635 825 2313
825 2313 2635
2313 825 2635
1922 2438 2728
2728 1922 2438
2438 1922 2728
2045 116 810
116 810 2045
810 116 2045
2884 389 2420
2420 389 2884
389 2420 2884
2787 619 1870
619 1870 2787
1870 619 2787
1809 1575 2520
2520 1575 1809
1575 1809 2520
2975 1158 2688
1158 2688 2975
2688 1158 2975
91 2407 2766
2407 91 2766
2766 91 2407
2569 52 2482
52 2482 2569
2482 52 2569
2111 1432 2474
2474 1432 2111
1432 2111 2474
2272 1578 2119
1578 2119 2272
2119 1578 2272
2442 774 2274
774 2274 2442
2274 774 2442
1882 15 72
72 15 1882
15 72 1882
987 1272 2146
2146 987 1272
1272 987 2146
1282 1260 2817
1260 1282 2817
2817 1260 1282
2602 904 1004
904 1004 2602
1004 904 2602
1033 1896 2007
2007 1033 1896
1896 1033 2007
1779 77 1985
1985 77 1779
77 1779 1985
2695 807 2349
807 2349 2695
2349 807 2695
1676 1307 2333
1307 1676 2333
2333 1307 1676
2473 512 1198
512 1198 2473
1198 512 2473
2779 172 2163
172 2163 2779
2163 172 2779
2377 631 1267
631 1267 2377
1267 631 2377
2621 1650 2727
1650 2621 2727
2727 1650 2621
909 110 196
110 196 909
196 110 909
973 1590 2941
1590 973 2941
2941 973 1590
2907 1825 2795
1825 2795 2907
2795 1825 2907
1016 1271 2404
2404 1016 1271
1271 1016 2404
