95 119 286
286 95 119
119 95 286
247 123 154
154 123 247
123 154 247
249 87 137
137 87 249
87 137 249
215 30 185
30 185 215
185 30 215
45 102 281
281 45 102
102 45 281
192 59 96
96 59 192
59 96 192
116 36 295
295 36 116
36 116 295
31 13 180
13 31 180
180 13 31
53 122 145
145 53 122
122 53 145
236 25 52
52 25 236
25 52 236
211 127 142
127 142 211
142 127 211
135 70 200
70 135 200
200 70 135
299 93 250
250 93 299
93 250 299
163 198 300
300 163 198
198 163 300
175 158 251
158 175 251
251 158 175
272 125 196
125 196 272
196 125 272
208 117 276
117 208 276
276 117 208
178 62 252
62 178 252
252 62 178
150 10 268
268 10 150
10 150 268
18 151 290
151 18 290
290 18 151
273 2 190
190 2 273
2 190 273
134 89 233
89 134 233
233 89 134
132 9 238
9 132 238
238 9 132
157 39 222
39 157 222
222 39 157
181 170 205
170 181 205
205 170 181
280 32 107
107 32 280
32 107 280
298 168 183
183 168 298
168 183 298
239 271 287
287 239 271
271 239 287
285 4 26
26 4 285
4 26 285
37 109 221
221 37 109
109 37 221
143 155 291
291 143 155
155 143 291
100 80 184
80 100 184
184 80 100
54 201 226
226 54 201
201 54 226
283 27 129
27 129 283
129 27 283
214 169 216
169 214 216
216 169 214
149 133 171
133 149 171
171 133 149
130 209 257
257 130 209
209 130 257
182 28 64
64 28 182
28 64 182
128 6 68
6 68 128
68 6 128
40 228 259
228 40 259
259 40 228
15 44 71
44 15 71
71 15 44
191 74 263
263 74 191
74 191 263
255 14 224
224 14 255
14 224 255
110 48 92
92 48 110
48 92 110
29 115 136
136 29 115
115 29 136
225 56 187
56 187 225
187 56 225
220 98 139
98 139 220
139 98 220
124 156 258
156 124 258
258 124 156
270 7 131
7 131 270
131 7 270
174 46 47
47 46 174
46 47 174
60 103 126
103 60 126
126 60 103
113 91 94
94 91 113
91 94 113
277 97 245
97 245 277
245 97 277
195 43 101
101 43 195
43 101 195
66 79 240
79 66 240
240 66 79
207 58 78
78 58 207
58 78 207
197 219 260
260 197 219
219 197 260
69 118 217
217 69 118
118 69 217
63 51 179
51 63 179
179 51 63
5 152 256
256 5 152
152 5 256
65 16 19
19 16 65
16 19 65
1 86 244
244 1 86
86 1 244
254 146 206
146 206 254
206 146 254
223 147 237
237 147 223
147 223 237
253 140 231
140 231 253
231 140 253
85 8 246
246 8 85
8 85 246
24 12 114
114 12 24
12 24 114
50 161 266
161 50 266
266 50 161
242 42 288
288 42 242
42 242 288
144 138 279
279 138 144
138 144 279
73 23 204
23 73 204
204 23 73
153 57 141
57 141 153
141 57 153
3 83 213
83 3 213
213 3 83
203 173 186
186 173 203
173 186 203
275 189 210
210 189 275
189 210 275
243 202 284
284 202 243
202 243 284
293 232 292
292 232 293
232 292 293
106 49 120
49 106 120
120 49 106
262 148 235
235 148 262
148 235 262
176 38 289
289 38 176
38 176 289
75 41 264
41 75 264
264 41 75
261 188 269
188 261 269
269 188 261
297 160 199
160 199 297
199 160 297
172 17 22
22 17 172
17 22 172
88 111 274
274 88 111
111 88 274
11 177 267
267 11 177
177 11 267
164 99 167
167 99 164
99 164 167
265 108 112
112 108 265
108 112 265
76 77 82
82 76 77
77 76 82
241 81 234
234 81 241
81 234 241
61 33 90
33 61 90
90 33 61
105 165 218
218 105 165
165 105 218
230 55 296
296 55 230
55 230 296
282 72 229
229 72 282
72 229 282
166 162 212
212 162 166
162 166 212
104 159 194
159 104 194
194 104 159
227 21 67
67 21 227
21 67 227
121 20 35
20 35 121
35 20 121
278 248 294
248 278 294
294 248 278
34 84 193
84 34 193
193 34 84
