247 56 238
238 56 247
56 238 247
258 234 260
260 234 258
234 258 260
64 125 212
212 64 125
125 64 212
198 67 181
181 67 198
67 181 198
160 41 132
132 41 160
41 132 160
63 131 252
131 63 252
252 63 131
4 13 242
242 4 13
13 4 242
294 93 244
93 244 294
244 93 294
241 218 236
236 218 241
218 236 241
203 20 200
20 200 203
200 20 203
22 44 152
44 22 152
152 22 44
237 5 147
147 5 237
5 147 237
68 34 193
34 68 193
193 34 68
231 32 166
166 32 231
32 166 231
249 98 226
98 226 249
226 98 249
288 62 296
62 288 296
296 62 288
162 88 97
97 88 162
88 97 162
66 173 220
220 66 173
173 66 220
283 103 214
214 103 283
103 214 283
99 115 277
277 99 115
115 99 277
101 113 297
297 101 113
113 101 297
278 61 186
61 186 278
186 61 278
109 26 42
26 42 109
42 26 109
16 77 140
140 16 77
77 16 140
47 46 117
117 46 47
46 47 117
279 85 281
85 279 281
281 85 279
31 174 300
300 31 174
174 31 300
14 21 89
89 14 21
21 14 89
9 287 289
289 9 287
287 9 289
221 71 149
149 71 221
71 149 221
43 159 295
295 43 159
159 43 295
83 48 176
48 83 176
176 48 83
126 49 187
187 49 126
49 126 187
184 60 248
248 60 184
60 184 248
28 8 151
151 8 28
8 28 151
239 110 256
110 239 256
256 110 239
70 45 274
274 45 70
45 70 274
208 177 182
182 177 208
177 182 208
282 124 213
213 124 282
124 213 282
112 265 266
265 112 266
266 112 265
291 6 80
6 80 291
80 6 291
73 255 263
255 73 263
263 73 255
250 23 229
23 229 250
229 23 250
27 169 172
172 27 169
169 27 172
53 155 170
170 53 155
155 53 170
95 75 267
75 95 267
267 75 95
3 201 230
201 3 230
230 3 201
179 148 167
148 167 179
167 148 179
18 123 292
292 18 123
123 18 292
195 52 116
52 116 195
116 52 195
280 108 135
108 135 280
135 108 280
246 38 223
38 223 246
223 38 246
137 24 37
37 24 137
24 37 137
87 10 259
10 87 259
259 10 87
25 157 268
157 25 268
268 25 157
57 143 216
216 57 143
143 57 216
154 111 264
111 154 264
264 111 154
161 122 205
122 161 205
205 122 161
192 120 286
120 192 286
286 120 192
35 86 180
86 35 180
180 35 86
90 150 219
219 90 150
150 90 219
299 82 199
82 199 299
199 82 299
78 7 74
7 74 78
74 7 78
29 130 253
253 29 130
130 29 253
197 158 222
158 197 222
222 158 197
293 119 285
119 285 293
285 119 293
188 76 139
76 139 188
139 76 188
217 178 245
178 217 245
245 178 217
215 144 153
153 144 215
144 153 215
211 94 225
225 94 211
94 211 225
240 54 196
196 54 240
54 196 240
175 69 183
69 175 183
183 69 175
254 191 233
233 191 254
191 233 254
163 107 228
107 163 228
228 107 163
55 128 257
257 55 128
128 55 257
165 168 210
210 165 168
168 165 210
136 96 100
100 96 136
96 100 136
298 164 270
270 164 298
164 270 298
72 65 272
272 65 72
65 72 272
206 207 243
243 206 207
207 206 243
235 11 284
11 235 284
284 11 235
91 59 127
59 91 127
127 59 91
19 209 251
251 19 209
209 19 251
15 121 290
121 15 290
290 15 121
194 104 118
104 118 194
118 104 194
40 156 271
156 40 271
271 40 156
275 17 138
138 17 275
17 138 275
146 190 202
202 146 190
190 146 202
92 79 232
79 92 232
232 79 92
145 1 133
1 133 145
133 1 145
106 134 262
262 106 134
134 106 262
142 129 261
129 142 261
261 129 142
58 2 224
224 2 58
2 58 224
227 50 141
50 141 227
141 50 227
81 33 269
269 33 81
33 81 269
114 84 105
105 84 114
84 105 114
276 39 171
171 39 276
39 171 276
30 12 102
102 12 30
12 30 102
51 189 273
189 51 273
273 51 189
36 185 204
204 36 185
185 36 204
