369 546 1675
1675 369 546
546 369 1675
2323 1091 1723
1091 1723 2323
1723 1091 2323
830 999 2810
999 830 2810
2810 830 999
1473 1409 1481
1481 1409 1473
1409 1473 1481
676 440 712
440 676 712
712 440 676
2825 980 1433
980 1433 2825
1433 980 2825
2031 1066 2820
1066 2031 2820
2820 1066 2031
1648 519 2768
2768 519 1648
519 1648 2768
318 605 2198
2198 318 605
605 318 2198
1931 1374 1797
1797 1374 1931
1374 1797 1931
600 375 556
556 375 600
375 556 600
2943 1079 2902
1079 2902 2943
2902 1079 2943
1876 1693 2650
2650 1693 1876
1693 1876 2650
2786 1346 2859
1346 2786 2859
2859 1346 2786
1052 326 1706
1706 326 1052
326 1052 1706
1910 2605 2706
2706 1910 2605
2605 1910 2706
651 968 2657
968 651 2657
2657 651 968
2673 1237 1663
1237 1663 2673
1663 1237 2673
2028 1041 2426
1041 2028 2426
2426 1041 2028
1915 1894 2556
2556 1894 1915
1894 1915 2556
784 248 2281
248 784 2281
2281 248 784
1064 44 2054
44 1064 2054
2054 44 1064
2283 140 235
140 235 2283
235 140 2283
2393 588 2115
588 2115 2393
2115 588 2393
2249 1254 2019
1254 2019 2249
2019 1254 2249
194 361 1618
1618 194 361
361 194 1618
709 549 1137
1137 549 709
549 709 1137
2619 1365 1529
1529 1365 2619
1365 1529 2619
1887 868 1349
868 1349 1887
1349 868 1887
756 732 1194
1194 732 756
732 756 1194
557 541 2550
541 557 2550
2550 541 557
250 230 725
725 230 250
230 250 725
1977 970 1387
970 1387 1977
1387 970 1977
501 932 1937
1937 501 932
932 501 1937
711 1403 1717
1403 711 1717
1717 711 1403
1792 488 765
765 488 1792
488 765 1792
1253 1009 1685
1685 1009 1253
1009 1253 1685
1867 188 2427
2427 188 1867
188 1867 2427
1405 1138 1390
1138 1390 1405
1390 1138 1405
876 1400 1651
1400 876 1651
1651 876 1400
1594 1157 2762
1157 1594 2762
2762 1157 1594
1825 1350 2217
2217 1350 1825
1350 1825 2217
1092 71 1573
1573 71 1092
71 1092 1573
1274 398 1127
398 1127 1274
1127 398 1274
2560 325 912
912 325 2560
325 912 2560
1955 665 2643
2643 665 1955
665 1955 2643
2916 147 836
147 836 2916
836 147 2916
1279 2744 2747
2747 1279 2744
2744 1279 2747
1459 316 2100
316 1459 2100
2100 316 1459
2287 2493 2972
2972 2287 2493
2493 2287 2972
2257 319 2480
2480 319 2257
319 2257 2480
1489 1058 1441
1441 1058 1489
1058 1441 1489
264 1498 1522
1522 264 1498
1498 264 1522
1819 1281 2297
2297 1281 1819
1281 1819 2297
84 881 2783
2783 84 881
881 84 2783
2778 528 530
528 530 2778
530 528 2778
2475 339 2406
339 2406 2475
2406 339 2475
736 811 1986
811 736 1986
1986 736 811
2015 341 2839
2839 341 2015
341 2015 2839
1461 399 1776
1776 399 1461
399 1461 1776
2260 619 2039
619 2039 2260
2039 619 2260
2975 1846 2344
2344 1846 2975
1846 2344 2975
1336 20 2745
20 1336 2745
2745 20 1336
150 467 2769
467 150 2769
2769 150 467
583 174 2880
174 583 2880
2880 174 583
1891 1149 2051
2051 1149 1891
1149 1891 2051
815 476 1344
1344 476 815
476 815 1344
1585 1313 1620
1313 1585 1620
1620 1313 1585
1678 323 2829
323 1678 2829
2829 323 1678
1732 1667 2190
2190 1667 1732
1667 1732 2190
196 251 1850
1850 196 251
251 196 1850
633 837 2265
2265 633 837
837 633 2265
1187 2422 2504
2422 1187 2504
2504 1187 2422
2515 1320 2613
2613 1320 2515
1320 2515 2613
423 679 1451
1451 423 679
679 423 1451
329 1054 1426
1426 329 1054
1054 329 1426
1852 1587 2001
1587 1852 2001
2001 1587 1852
1512 267 2781
2781 267 1512
267 1512 2781
2664 1446 1580
1446 1580 2664
1580 1446 2664
434 938 1895
1895 434 938
938 434 1895
1225 1530 2123
2123 1225 1530
1530 1225 2123
1316 507 2713
2713 507 1316
507 1316 2713
405 1173 2294
2294 405 1173
1173 405 2294
1191 432 2098
432 1191 2098
2098 432 1191
145 342 1964
1964 145 342
342 145 1964
2346 390 2566
2566 390 2346
390 2346 2566
2532 266 2502
2502 266 2532
266 2502 2532
1205 1228 2723
2723 1205 1228
1228 1205 2723
2707 262 2579
2579 262 2707
262 2579 2707
1415 357 2245
2245 357 1415
357 1415 2245
225 848 1818
848 225 1818
1818 225 848
2360 65 427
65 427 2360
427 65 2360
1105 1457 2222
2222 1105 1457
1457 1105 2222
819 117 718
718 117 819
117 718 819
164 590 940
940 164 590
590 164 940
1932 785 2341
2341 785 1932
785 1932 2341
1953 1465 1686
1465 1686 1953
1686 1465 1953
1177 487 2202
2202 487 1177
487 1177 2202
27 1804 2682
2682 27 1804
1804 27 2682
2999 1366 2575
1366 2575 2999
2575 1366 2999
790 321 1223
321 790 1223
1223 321 790
1715 1938 2681
1938 1715 2681
2681 1715 1938
2470 666 2151
2151 666 2470
666 2151 2470
2178 1117 2599
2599 1117 2178
1117 2178 2599
2997 851 1668
851 1668 2997
1668 851 2997
607 2609 2705
2705 607 2609
2609 607 2705
2103 643 2460
643 2103 2460
2460 643 2103
2698 1760 2106
2106 1760 2698
1760 2106 2698
1886 2544 2718
2718 1886 2544
2544 1886 2718
2793 484 2971
484 2793 2971
2971 484 2793
1492 746 1665
746 1492 1665
1665 746 1492
2442 2266 2674
2674 2266 2442
2266 2442 2674
677 1145 2935
1145 677 2935
2935 677 1145
2318 726 2542
726 2318 2542
2542 726 2318
1464 444 2949
444 1464 2949
2949 444 1464
2274 2091 2413
2091 2274 2413
2413 2091 2274
2608 83 216
216 83 2608
83 216 2608
1359 582 1455
1455 582 1359
582 1359 1455
1199 510 2719
510 1199 2719
2719 510 1199
245 1023 1104
1104 245 1023
1023 245 1104
649 1578 1754
1754 649 1578
1578 649 1754
1535 146 993
146 993 1535
993 146 1535
2882 1912 1947
1912 1947 2882
1947 1912 2882
2780 1380 2434
2434 1380 2780
1380 2434 2780
200 1984 2164
2164 200 1984
1984 200 2164
885 13 2377
13 885 2377
2377 13 885
2589 646 1810
646 1810 2589
1810 646 2589
2463 751 1815
751 1815 2463
1815 751 2463
1909 861 949
949 861 1909
861 949 1909
499 502 2255
502 499 2255
2255 499 502
895 1379 2553
2553 895 1379
1379 895 2553
1828 333 1570
333 1570 1828
1570 333 1828
2759 1748 2708
2708 1748 2759
1748 2708 2759
538 303 1644
303 538 1644
1644 303 538
1081 1007 1699
1007 1081 1699
1699 1007 1081
1139 1317 2200
1317 1139 2200
2200 1139 1317
1500 1322 2772
2772 1322 1500
1322 1500 2772
1959 2149 2174
2149 1959 2174
2174 1959 2149
545 402 1188
1188 402 545
402 545 1188
2592 2340 2742
2340 2592 2742
2742 2340 2592
624 1404 1884
1404 624 1884
1884 624 1404
1356 109 1519
109 1356 1519
1519 109 1356
2040 548 1654
1654 548 2040
548 1654 2040
2497 175 2210
175 2210 2497
2210 175 2497
2767 239 1731
239 1731 2767
1731 239 2767
670 1212 2312
1212 670 2312
2312 670 1212
1980 337 1684
1684 337 1980
337 1684 1980
286 998 1861
998 286 1861
1861 286 998
2301 1554 2189
2189 1554 2301
1554 2189 2301
1634 888 2576
888 1634 2576
2576 888 1634
710 1923 2514
1923 710 2514
2514 710 1923
1220 1235 2625
1235 1220 2625
2625 1220 1235
176 373 752
373 176 752
752 176 373
2785 871 2047
2047 871 2785
871 2047 2785
359 622 1728
1728 359 622
622 359 1728
2023 249 276
249 276 2023
276 249 2023
1619 1830 2728
2728 1619 1830
1830 1619 2728
1765 567 2771
2771 567 1765
567 1765 2771
160 1490 1872
1872 160 1490
1490 160 1872
2885 22 110
22 110 2885
110 22 2885
610 2036 2342
2342 610 2036
2036 610 2342
2760 2630 2915
2915 2630 2760
2630 2760 2915
962 1024 2184
2184 962 1024
1024 962 2184
92 587 1084
587 92 1084
1084 92 587
991 1131 1158
1158 991 1131
1131 991 1158
2180 2087 2359
2359 2087 2180
2087 2180 2359
922 8 2410
8 922 2410
2410 8 922
1381 1494 1658
1494 1381 1658
1658 1381 1494
1951 255 2211
255 1951 2211
2211 255 1951
199 322 1428
1428 199 322
322 199 1428
2716 1839 2787
1839 2716 2787
2787 1839 2716
2320 1511 1888
1511 1888 2320
1888 1511 2320
612 473 935
935 473 612
473 612 935
2136 222 1113
1113 222 2136
222 1113 2136
2909 1195 2905
1195 2905 2909
2905 1195 2909
1805 46 755
755 46 1805
46 755 1805
2068 2141 2501
2141 2068 2501
2501 2068 2141
2448 2221 2911
2911 2221 2448
2221 2448 2911
994 389 742
742 389 994
389 742 994
2273 791 1528
1528 791 2273
791 1528 2273
315 620 2233
620 315 2233
2233 315 620
2861 1392 1874
1874 1392 2861
1392 1874 2861
1 2181 2366
2181 1 2366
2366 1 2181
2060 1639 2437
1639 2060 2437
2437 1639 2060
2127 1402 2982
2982 1402 2127
1402 2127 2982
163 381 893
381 163 893
893 163 381
648 565 2551
2551 565 648
565 648 2551
2924 928 2887
2887 928 2924
928 2887 2924
2376 1552 2953
2953 1552 2376
1552 2376 2953
182 1972 2832
1972 182 2832
2832 182 1972
204 48 1557
1557 48 204
48 204 1557
2730 50 664
664 50 2730
50 664 2730
183 1070 1170
1170 183 1070
1070 183 1170
1430 1352 1661
1661 1352 1430
1352 1430 1661
1263 2235 2960
2235 1263 2960
2960 1263 2235
1236 1207 2555
1207 1236 2555
2555 1207 1236
1695 111 1908
111 1695 1908
1908 111 1695
241 156 1928
1928 156 241
156 241 1928
2254 550 1156
550 1156 2254
1156 550 2254
1558 910 911
911 910 1558
910 911 1558
1328 1985 2755
1985 1328 2755
2755 1328 1985
2632 98 973
973 98 2632
98 973 2632
2191 271 2988
271 2191 2988
2988 271 2191
367 768 1595
1595 367 768
768 367 1595
1075 1472 1917
1472 1075 1917
1917 1075 1472
40 1449 2857
1449 40 2857
2857 40 1449
1716 478 2209
2209 478 1716
478 1716 2209
1421 1256 2458
1256 1421 2458
2458 1256 1421
334 1218 1378
1218 334 1378
1378 334 1218
2212 1260 1610
1610 1260 2212
1260 1610 2212
1657 1354 2243
1354 1657 2243
2243 1354 1657
1252 223 2354
223 1252 2354
2354 223 1252
2329 149 917
149 917 2329
917 149 2329
23 352 1259
1259 23 352
352 23 1259
2816 609 2488
2488 609 2816
609 2488 2816
1035 31 2238
2238 31 1035
31 1035 2238
1523 165 981
165 981 1523
981 165 1523
64 1808 1922
1922 64 1808
1808 64 1922
2956 1416 1879
1879 1416 2956
1416 1879 2956
1424 715 2603
2603 715 1424
715 1424 2603
2642 1238 1803
1238 1803 2642
1803 1238 2642
1515 1752 2333
2333 1515 1752
1752 1515 2333
960 793 1645
793 960 1645
1645 793 960
2384 2052 2063
2063 2052 2384
2052 2063 2384
1227 1019 2012
1019 1227 2012
2012 1019 1227
599 2086 2251
2086 599 2251
2251 599 2086
536 1017 1296
1017 536 1296
1296 536 1017
305 1442 1640
1442 305 1640
1640 305 1442
2386 78 219
219 78 2386
78 219 2386
90 128 148
128 90 148
148 90 128
617 2371 2918
2371 617 2918
2918 617 2371
1602 616 2606
2606 616 1602
616 1602 2606
761 1215 2733
1215 761 2733
2733 761 1215
2833 611 2428
2428 611 2833
611 2428 2833
1249 1161 2165
1161 1249 2165
2165 1161 1249
2204 1780 2901
1780 2204 2901
2901 1780 2204
1920 1630 2641
1630 1920 2641
2641 1630 1920
687 504 1525
504 687 1525
1525 504 687
2085 555 1940
555 1940 2085
1940 555 2085
1978 29 2828
29 1978 2828
2828 29 1978
2071 190 2500
190 2071 2500
2500 190 2071
2061 494 1474
494 1474 2061
1474 494 2061
872 787 1314
1314 787 872
787 872 1314
1958 1745 2808
1745 1958 2808
2808 1745 1958
966 2469 2925
2925 966 2469
2469 966 2925
403 173 1921
1921 173 403
173 403 1921
1707 967 1881
967 1707 1881
1881 967 1707
2199 1144 1763
1763 1144 2199
1144 1763 2199
1873 220 1907
1907 220 1873
220 1873 1907
2078 1102 2870
1102 2078 2870
2870 1102 2078
351 471 864
471 351 864
864 351 471
2250 338 1327
1327 338 2250
338 1327 2250
153 2307 2588
2307 153 2588
2588 153 2307
641 762 1285
1285 641 762
762 641 1285
592 1031 1506
1506 592 1031
1031 592 1506
1076 1480 2306
1480 1076 2306
2306 1076 1480
1562 246 2648
246 1562 2648
2648 246 1562
1440 172 1142
172 1142 1440
1142 172 1440
391 671 805
671 391 805
805 391 671
463 479 2683
479 463 2683
2683 463 479
2381 719 2584
719 2381 2584
2584 719 2381
1773 2316 2933
2316 1773 2933
2933 1773 2316
450 1271 1612
1271 450 1612
1612 450 1271
900 2373 2479
2373 900 2479
2479 900 2373
2966 285 2088
2088 285 2966
285 2088 2966
422 937 1382
937 422 1382
1382 422 937
1831 1090 2741
1090 1831 2741
2741 1090 1831
854 314 2749
2749 314 854
314 854 2749
2161 294 2236
294 2161 2236
2236 294 2161
2138 26 2322
2322 26 2138
26 2138 2322
1088 508 2849
508 1088 2849
2849 508 1088
1063 525 1095
525 1063 1095
1095 525 1063
1037 547 1398
1398 547 1037
547 1037 1398
317 1589 1982
1982 317 1589
1589 317 1982
413 2155 2298
2298 413 2155
2155 413 2298
1892 115 207
115 207 1892
207 115 1892
2907 238 1772
238 1772 2907
1772 238 2907
169 1154 2586
1154 169 2586
2586 169 1154
740 181 2958
2958 181 740
181 740 2958
242 428 894
894 242 428
428 242 894
1747 1010 1318
1010 1318 1747
1318 1010 1747
1536 1629 2892
2892 1536 1629
1629 1536 2892
2499 451 1136
451 1136 2499
1136 451 2499
2827 106 1419
106 1419 2827
1419 106 2827
722 658 2029
2029 658 722
658 722 2029
2491 19 472
19 472 2491
472 19 2491
563 562 976
562 563 976
976 562 563
529 15 995
15 529 995
995 15 529
2172 2396 2467
2396 2172 2467
2467 2172 2396
2429 1292 2041
2041 1292 2429
1292 2041 2429
1649 34 232
232 34 1649
34 232 1649
2807 1284 1591
1284 1591 2807
1591 1284 2807
918 705 1682
1682 705 918
705 918 1682
217 447 1948
1948 217 447
447 217 1948
1486 1283 1975
1283 1486 1975
1975 1283 1486
817 812 2623
812 817 2623
2623 812 817
353 425 1822
1822 353 425
425 353 1822
231 1836 1995
1995 231 1836
1836 231 1995
1900 1047 1364
1364 1047 1900
1047 1364 1900
952 748 2855
748 952 2855
2855 748 952
2163 1526 2595
1526 2163 2595
2595 1526 2163
2018 1783 1821
1821 1783 2018
1783 1821 2018
1098 2522 2869
2869 1098 2522
2522 1098 2869
1737 1880 2268
2268 1737 1880
1880 1737 2268
2473 2269 2777
2269 2473 2777
2777 2269 2473
324 796 1674
796 324 1674
1674 324 796
779 669 2109
669 779 2109
2109 669 779
2615 1343 2043
2043 1343 2615
1343 2043 2615
2739 105 608
105 608 2739
608 105 2739
2011 564 799
564 799 2011
799 564 2011
1914 171 1607
171 1607 1914
1607 171 1914
253 486 1456
1456 253 486
486 253 1456
186 121 1040
1040 121 186
121 186 1040
846 2156 2951
2156 846 2951
2951 846 2156
2939 1089 1224
1224 1089 2939
1089 1224 2939
1135 1176 2349
1176 1135 2349
2349 1135 1176
2336 578 1182
578 1182 2336
1182 578 2336
1681 170 997
997 170 1681
170 997 1681
2754 695 2400
2400 695 2754
695 2400 2754
2913 721 2853
721 2853 2913
2853 721 2913
2850 1324 1691
1691 1324 2850
1324 1691 2850
2450 1179 2541
2541 1179 2450
1179 2450 2541
942 598 1463
1463 598 942
598 942 1463
234 95 2186
2186 95 234
95 234 2186
1143 1476 2814
2814 1143 1476
1476 1143 2814
1412 1643 1755
1755 1412 1643
1643 1412 1755
2696 2319 2711
2319 2696 2711
2711 2319 2696
2856 1219 1992
1992 1219 2856
1219 1992 2856
2169 1111 1966
1966 1111 2169
1111 1966 2169
2626 1742 1983
1742 1983 2626
1983 1742 2626
1842 1001 2838
2838 1001 1842
1001 1842 2838
2383 88 1733
88 1733 2383
1733 88 2383
2521 2070 2203
2203 2070 2521
2070 2203 2521
2790 118 668
118 668 2790
668 118 2790
1436 1664 2345
1664 1436 2345
2345 1436 1664
2937 1045 2037
2037 1045 2937
1045 2037 2937
688 343 1216
343 688 1216
1216 343 688
1257 205 2981
2981 205 1257
205 1257 2981
1856 54 132
54 132 1856
132 54 1856
1631 142 475
142 475 1631
475 142 1631
2709 1193 1385
1193 1385 2709
1385 1193 2709
652 360 2732
2732 360 652
360 652 2732
1060 2125 2979
2979 1060 2125
2125 1060 2979
296 934 1141
1141 296 934
934 296 1141
1429 466 1930
466 1429 1930
1930 466 1429
883 673 2920
673 883 2920
2920 673 883
2726 1946 2891
2891 1946 2726
1946 2726 2891
773 365 1134
365 773 1134
1134 365 773
438 2559 2952
2559 438 2952
2952 438 2559
1719 2124 2374
2374 1719 2124
2124 1719 2374
1162 208 340
208 340 1162
340 208 1162
2110 1989 2893
2893 1989 2110
1989 2110 2893
2510 849 2817
849 2510 2817
2817 849 2510
1739 464 1435
464 1435 1739
1435 464 1739
771 1437 2936
1437 771 2936
2936 771 1437
2520 916 2903
916 2520 2903
2903 916 2520
1214 1226 1592
1592 1214 1226
1226 1214 1592
2056 786 923
923 786 2056
786 923 2056
1326 901 1933
901 1326 1933
1933 901 1326
388 561 1133
1133 388 561
561 388 1133
2503 707 1683
707 1683 2503
1683 707 2503
2049 774 1250
1250 774 2049
774 1250 2049
2858 496 1375
1375 496 2858
496 1375 2858
890 1798 2569
1798 890 2569
2569 890 1798
1167 1294 2185
2185 1167 1294
1294 1167 2185
647 327 1744
1744 327 647
327 647 1744
2143 637 2526
2526 637 2143
637 2143 2526
1813 301 2262
301 1813 2262
2262 301 1813
261 410 2495
410 261 2495
2495 261 410
1967 1866 2378
1866 1967 2378
2378 1866 1967
873 187 407
187 407 873
407 187 873
177 1794 2914
1794 177 2914
2914 177 1794
1369 47 1467
47 1369 1467
1467 47 1369
1603 443 1918
443 1603 1918
1918 443 1603
634 1452 1837
1837 634 1452
1452 634 1837
2824 1504 2492
2492 1504 2824
1504 2492 2824
801 1596 2072
1596 801 2072
2072 801 1596
813 863 1453
1453 813 863
863 813 1453
2658 1460 2241
1460 2241 2658
2241 1460 2658
701 629 1871
629 701 1871
1871 629 701
2621 959 1046
959 1046 2621
1046 959 2621
2764 2152 2854
2152 2764 2854
2854 2152 2764
1261 1521 2284
2284 1261 1521
1521 1261 2284
2684 772 1712
772 1712 2684
1712 772 2684
454 1119 2616
2616 454 1119
1119 454 2616
2662 214 2455
214 2455 2662
2455 214 2662
1196 2667 2822
2822 1196 2667
2667 1196 2822
919 144 418
144 418 919
418 144 919
1616 495 1120
495 1120 1616
1120 495 1616
2516 2131 2228
2131 2228 2516
2228 2131 2516
1671 4 1979
4 1671 1979
1979 4 1671
2177 596 2954
2954 596 2177
596 2177 2954
601 892 2871
2871 601 892
892 601 2871
2610 2441 2964
2964 2441 2610
2441 2610 2964
924 574 950
950 574 924
574 924 950
1759 2024 2325
2024 1759 2325
2325 1759 2024
2746 11 1150
11 1150 2746
1150 11 2746
14 154 909
909 14 154
154 14 909
2919 119 1505
1505 119 2919
119 1505 2919
674 644 2299
644 674 2299
2299 644 674
151 972 1726
1726 151 972
972 151 1726
2600 272 1673
272 1673 2600
1673 272 2600
2506 2077 2992
2992 2077 2506
2077 2506 2992
2472 660 1617
660 1617 2472
1617 660 2472
1108 685 2289
2289 685 1108
685 1108 2289
1611 1334 2763
1334 1611 2763
2763 1334 1611
1555 1757 2620
1757 1555 2620
2620 1555 1757
2976 1295 1870
1295 1870 2976
1870 1295 2976
1513 441 933
933 441 1513
441 933 1513
1013 2261 2431
2431 1013 2261
2261 1013 2431
184 91 448
91 184 448
448 91 184
1186 754 2505
2505 754 1186
754 1186 2505
640 2395 2585
2585 640 2395
2395 640 2585
2280 1342 1388
1388 1342 2280
1342 1388 2280
1613 412 2877
2877 412 1613
412 1613 2877
2462 2338 2425
2338 2425 2462
2425 2338 2462
385 717 2965
717 385 2965
2965 385 717
735 675 1774
1774 675 735
675 735 1774
591 814 2107
2107 591 814
814 591 2107
1297 127 613
127 613 1297
613 127 1297
2315 702 733
702 733 2315
733 702 2315
1122 1132 2587
2587 1122 1132
1132 1122 2587
558 983 2459
2459 558 983
983 558 2459
2457 1053 1288
1288 1053 2457
1053 1288 2457
1488 18 2104
2104 18 1488
18 1488 2104
1370 571 1961
1961 571 1370
571 1370 1961
2562 25 1160
1160 25 2562
25 1160 2562
1126 544 2846
544 1126 2846
2846 544 1126
2302 1074 2207
2207 1074 2302
1074 2207 2302
1454 1784 2931
2931 1454 1784
1784 1454 2931
2598 659 2974
2974 659 2598
659 2598 2974
2986 2934 2990
2934 2986 2990
2990 2934 2986
1304 800 1945
1945 800 1304
800 1304 1945
520 1407 2188
1407 520 2188
2188 520 1407
956 2328 2528
2328 956 2528
2528 956 2328
808 2097 2440
2097 808 2440
2440 808 2097
2059 1016 2881
2881 1016 2059
1016 2059 2881
1756 2494 2724
2494 1756 2724
2724 1756 2494
2686 581 777
581 777 2686
777 581 2686
2984 724 1796
724 1796 2984
1796 724 2984
2142 855 2055
855 2055 2142
2055 855 2142
2977 41 1376
1376 41 2977
41 1376 2977
1721 929 1242
1242 929 1721
929 1242 1721
2973 159 1298
159 1298 2973
1298 159 2973
682 1183 2676
2676 682 1183
1183 682 2676
2240 2471 2784
2471 2240 2784
2784 2240 2471
1408 152 382
152 382 1408
382 152 1408
1507 1206 2889
1206 1507 2889
2889 1206 1507
2942 2182 2813
2182 2813 2942
2813 2182 2942
1277 1487 2111
1487 1277 2111
2111 1277 1487
349 1034 1501
1034 349 1501
1501 349 1034
1514 2536 2867
2867 1514 2536
2536 1514 2867
1393 1410 1862
1862 1393 1410
1410 1393 1862
470 1270 2000
1270 470 2000
2000 470 1270
2179 1301 2694
1301 2179 2694
2694 1301 2179
878 2267 2957
2267 878 2957
2957 878 2267
1653 384 2215
2215 384 1653
384 1653 2215
162 1208 2414
1208 162 2414
2414 162 1208
576 2083 2194
2194 576 2083
2083 576 2194
1262 1201 2847
2847 1201 1262
1201 1262 2847
639 1125 1209
1125 639 1209
1209 639 1125
2921 1114 1974
1974 1114 2921
1114 1974 2921
1384 2699 2948
2699 1384 2948
2948 1384 2699
1943 1814 2978
1814 1943 2978
2978 1814 1943
2748 758 2680
2680 758 2748
758 2680 2748
860 310 1502
310 860 1502
1502 310 860
1832 1101 1575
1101 1575 1832
1575 1101 1832
2420 2415 2987
2987 2415 2420
2415 2420 2987
2168 312 775
312 775 2168
775 312 2168
1935 1005 2008
2008 1005 1935
1005 1935 2008
1642 195 1556
1556 195 1642
195 1556 1642
939 1340 2232
1340 939 2232
2232 939 1340
1166 716 1565
1565 716 1166
716 1166 1565
2335 1606 2735
2735 1606 2335
1606 2335 2735
1965 1877 2836
2836 1877 1965
1877 1965 2836
89 537 2372
537 89 2372
2372 89 537
943 540 690
690 540 943
540 690 943
2969 2524 2628
2628 2524 2969
2524 2628 2969
2612 107 2117
107 2117 2612
2117 107 2612
1609 713 2651
713 1609 2651
2651 713 1609
667 1309 2639
2639 667 1309
1309 667 2639
2693 459 2534
459 2534 2693
2534 459 2693
2389 807 1749
1749 807 2389
807 1749 2389
663 299 461
461 299 663
299 461 663
2128 97 2535
97 2128 2535
2535 97 2128
36 274 1720
274 36 1720
1720 36 274
1032 1956 2160
2160 1032 1956
1956 1032 2160
1713 1750 1869
1750 1713 1869
1869 1713 1750
2436 1200 2132
1200 2132 2436
2132 1200 2436
1444 1293 2866
2866 1293 1444
1293 1444 2866
852 964 1475
964 852 1475
1475 852 964
2252 335 2486
335 2252 2486
2486 335 2252
1168 990 2922
2922 990 1168
990 1168 2922
233 414 971
971 233 414
414 233 971
1094 552 1302
552 1094 1302
1302 552 1094
2995 49 689
689 49 2995
49 689 2995
2489 867 2310
2310 867 2489
867 2310 2489
760 416 1690
1690 416 760
416 760 1690
2993 1677 2509
1677 2509 2993
2509 1677 2993
727 1981 2197
1981 727 2197
2197 727 1981
514 2549 2811
2811 514 2549
2549 514 2811
2099 877 2563
877 2099 2563
2563 877 2099
2629 53 2259
2259 53 2629
53 2259 2629
1148 1192 1655
1192 1148 1655
1655 1148 1192
2208 2303 2874
2874 2208 2303
2303 2208 2874
2533 594 1048
594 1048 2533
1048 594 2533
202 120 280
280 120 202
120 202 280
957 1590 1741
1741 957 1590
1590 957 1741
632 1280 1764
1280 632 1764
1764 632 1280
168 1244 2879
1244 168 2879
2879 168 1244
882 500 2571
2571 500 882
500 882 2571
1534 211 1823
211 1534 1823
1823 211 1534
1669 1401 2295
2295 1401 1669
1401 1669 2295
2636 804 1362
804 1362 2636
1362 804 2636
2761 1394 1998
1394 1998 2761
1998 1394 2761
1030 744 1834
1834 744 1030
744 1030 1834
1062 2122 2408
2408 1062 2122
2122 1062 2408
2355 1325 1761
1761 1325 2355
1325 1761 2355
838 1468 1800
1800 838 1468
1468 838 1800
387 532 2669
2669 387 532
532 387 2669
2487 862 2358
862 2358 2487
2358 862 2487
2362 1919 2089
1919 2089 2362
2089 1919 2362
1397 1020 2175
2175 1020 1397
1020 1397 2175
1949 907 1000
1000 907 1949
907 1000 1949
542 977 989
989 542 977
977 542 989
1725 2594 2617
2617 1725 2594
2594 1725 2617
1118 1601 2774
1601 1118 2774
2774 1118 1601
2798 439 2602
2602 439 2798
439 2602 2798
570 38 1950
1950 38 570
38 570 1950
1172 139 279
279 139 1172
139 279 1172
79 2042 2370
2042 79 2370
2370 79 2042
2025 2409 2433
2433 2025 2409
2409 2025 2433
1355 192 2277
192 1355 2277
2277 192 1355
1820 308 1863
1863 308 1820
308 1820 1863
2401 1790 2093
1790 2093 2401
2093 1790 2401
2035 30 1762
1762 30 2035
30 1762 2035
586 636 1420
636 586 1420
1420 586 636
218 763 2135
763 218 2135
2135 218 763
896 2466 2756
2756 896 2466
2466 896 2756
1963 551 1339
551 1339 1963
1339 551 1963
2815 215 1022
215 1022 2815
1022 215 2815
539 431 1604
1604 431 539
431 539 1604
2837 386 2548
2548 386 2837
386 2548 2837
1025 631 2868
631 1025 2868
2868 631 1025
797 1299 1679
1679 797 1299
1299 797 1679
1527 123 2353
123 1527 2353
2353 123 1527
2113 468 2392
468 2113 2392
2392 468 2113
1018 2150 2337
2150 1018 2337
2337 1018 2150
2140 270 1234
1234 270 2140
270 1234 2140
2788 1151 2026
2026 1151 2788
1151 2026 2788
635 281 2792
2792 281 635
281 635 2792
2032 684 2985
2985 684 2032
684 2032 2985
203 518 2791
2791 203 518
518 203 2791
1563 2474 2804
2474 1563 2804
2804 1563 2474
2220 302 914
302 914 2220
914 302 2220
368 657 1778
657 368 1778
1778 368 657
1735 377 2291
2291 377 1735
377 1735 2291
986 850 2126
850 986 2126
2126 850 986
783 638 1072
1072 638 783
638 783 1072
1265 201 263
263 201 1265
201 263 1265
2045 1883 2387
1883 2045 2387
2387 1883 2045
1916 579 2218
579 1916 2218
2218 579 1916
1351 880 1827
880 1351 1827
1827 880 1351
806 614 1439
614 806 1439
1439 614 806
2841 1106 1626
1626 1106 2841
1106 1626 2841
1857 185 788
185 788 1857
788 185 1857
1925 875 2543
875 1925 2543
2543 875 1925
1865 681 1078
681 1078 1865
1078 681 1865
1510 2058 2079
2079 1510 2058
2058 1510 2079
304 1276 2894
1276 304 2894
2894 304 1276
902 1787 2286
1787 902 2286
2286 902 1787
2878 2173 2537
2173 2537 2878
2537 2173 2878
792 1251 2314
1251 792 2314
2314 792 1251
1268 1898 2084
1898 1268 2084
2084 1268 1898
517 300 2607
2607 300 517
300 517 2607
1413 1338 2095
2095 1338 1413
1338 1413 2095
2350 650 680
680 650 2350
650 680 2350
1508 825 936
936 825 1508
825 936 1508
2731 531 1708
531 1708 2731
1708 531 2731
698 1703 2247
2247 698 1703
1703 698 2247
947 580 2635
580 947 2635
2635 580 947
1864 822 1312
822 1312 1864
1312 822 1864
346 2139 2572
2572 346 2139
2139 346 2572
1605 17 104
17 104 1605
104 17 1605
2446 1768 2656
1768 2446 2656
2656 1768 2446
2512 254 1372
1372 254 2512
254 1372 2512
2944 1632 2096
2096 1632 2944
1632 2096 2944
1422 1597 1689
1597 1422 1689
1689 1422 1597
70 1711 1962
1711 70 1962
1962 70 1711
795 1411 1906
1411 795 1906
1906 795 1411
782 1551 2685
1551 782 2685
2685 782 1551
2511 74 1541
1541 74 2511
74 1541 2511
2439 1584 2946
1584 2439 2946
2946 1584 2439
2753 56 1499
56 1499 2753
1499 56 2753
834 7 380
7 380 834
380 7 834
2647 347 955
955 347 2647
347 955 2647
1290 696 1493
696 1290 1493
1493 696 1290
1181 394 843
394 843 1181
843 394 1181
1434 1178 1509
1509 1178 1434
1178 1434 1509
816 1184 1230
1230 816 1184
1184 816 1230
985 1146 1491
1491 985 1146
1146 985 1491
2146 1788 2962
1788 2146 2962
2962 1788 2146
1175 2659 2895
2895 1175 2659
2659 1175 2895
51 62 1656
62 51 1656
1656 51 62
411 462 2540
462 411 2540
2540 411 462
2577 1425 1577
1577 1425 2577
1425 1577 2577
841 101 284
284 101 841
101 284 841
1057 694 2897
694 1057 2897
2897 694 1057
1564 2016 2453
2453 1564 2016
2016 1564 2453
2530 2580 2845
2580 2530 2845
2845 2530 2580
275 1524 2961
1524 275 2961
2961 275 1524
2044 457 2704
2704 457 2044
457 2044 2704
2851 1734 2799
1734 2799 2851
2799 1734 2851
1049 277 1373
277 1049 1373
1373 277 1049
2860 102 2405
102 2405 2860
2405 102 2860
1332 604 2007
2007 604 1332
604 1332 2007
2863 708 886
886 708 2863
708 886 2863
1567 135 2176
2176 135 1567
135 1567 2176
1971 291 2634
291 1971 2634
2634 291 1971
1960 2368 2789
2789 1960 2368
2368 1960 2789
1586 130 1221
1221 130 1586
130 1221 1586
3 533 770
770 3 533
533 3 770
2464 884 1851
884 1851 2464
1851 884 2464
2484 1231 1241
1241 1231 2484
1231 1241 2484
1321 1335 1835
1335 1321 1835
1835 1321 1335
193 363 1240
363 193 1240
1240 193 363
1395 269 1777
1777 269 1395
269 1395 1777
1546 401 2465
401 1546 2465
2465 401 1546
2009 409 623
409 623 2009
623 409 2009
1495 589 2513
2513 589 1495
589 1495 2513
602 1386 2282
1386 602 2282
2282 602 1386
1319 265 1115
265 1115 1319
1115 265 1319
2631 1847 2722
2722 1847 2631
1847 2631 2722
1308 72 1517
72 1308 1517
1517 72 1308
313 358 723
358 313 723
723 313 358
2736 1152 1547
1152 1547 2736
1547 1152 2736
1770 1531 2835
2835 1531 1770
1531 1770 2835
1348 1267 1569
1267 1348 1569
1569 1267 1348
753 833 2899
833 753 2899
2899 753 833
2583 1676 2660
2660 1676 2583
1676 2583 2660
521 759 1700
1700 521 759
759 521 1700
2264 415 1431
1431 415 2264
415 1431 2264
297 167 376
167 297 376
376 167 297
1164 628 1061
628 1061 1164
1061 628 1164
1059 2347 2539
2539 1059 2347
2347 1059 2539
506 626 2582
626 506 2582
2582 506 626
1438 331 2154
2154 331 1438
331 1438 2154
906 683 1147
683 906 1147
1147 683 906
2565 568 1496
1496 568 2565
568 1496 2565
2476 1581 1709
1581 1709 2476
1709 1581 2476
114 1469 2105
1469 114 2105
2105 114 1469
419 1067 2411
2411 419 1067
1067 419 2411
730 1969 2782
2782 730 1969
1969 730 2782
1055 126 516
516 126 1055
126 516 1055
2094 1103 1307
1307 1103 2094
1103 1307 2094
221 1198 1273
1273 221 1198
1198 221 1273
1853 1840 2214
2214 1840 1853
1840 1853 2214
2187 1477 1568
1568 1477 2187
1477 1568 2187
1809 905 1826
1826 905 1809
905 1809 1826
1447 2545 2912
2912 1447 2545
2545 1447 2912
143 1021 2831
1021 143 2831
2831 143 1021
2618 378 1099
1099 378 2618
378 1099 2618
686 704 1417
704 686 1417
1417 686 704
750 100 256
256 100 750
100 256 750
2290 2842 2932
2932 2290 2842
2842 2290 2932
2435 2483 2927
2927 2435 2483
2483 2435 2927
2004 197 996
996 197 2004
197 996 2004
2896 953 958
958 953 2896
953 958 2896
2452 559 915
915 559 2452
559 915 2452
827 1383 2248
2248 827 1383
1383 827 2248
2324 1258 2022
2022 1258 2324
1258 2022 2324
1600 1775 2908
1775 1600 2908
2908 1600 1775
926 1901 2092
1901 926 2092
2092 926 1901
1991 469 2272
2272 469 1991
469 1991 2272
28 364 2751
364 28 2751
2751 28 364
2244 1427 2074
2074 1427 2244
1427 2074 2244
2864 1003 1539
1539 1003 2864
1003 1539 2864
1305 738 1904
738 1305 1904
1904 738 1305
606 1169 1574
1169 606 1574
1574 606 1169
524 2133 2153
2153 524 2133
2133 524 2153
820 5 720
720 5 820
5 720 820
697 1688 2672
1688 697 2672
2672 697 1688
2661 656 2403
2403 656 2661
656 2403 2661
2145 2224 2929
2224 2145 2929
2929 2145 2224
1696 1799 2570
1799 1696 2570
2570 1696 1799
776 345 1229
345 776 1229
1229 345 776
1672 383 703
383 703 1672
703 383 1672
60 1791 2729
2729 60 1791
1791 60 2729
737 138 287
287 138 737
138 287 737
2397 2090 2697
2697 2090 2397
2090 2397 2697
2700 603 778
778 603 2700
603 778 2700
166 1582 2518
1582 166 2518
2518 166 1582
1389 81 2862
2862 81 1389
81 1389 2862
2365 1124 2394
2394 1124 2365
1124 2365 2394
3000 2205 2765
2205 2765 3000
2765 2205 3000
1248 1670 2886
2886 1248 1670
1670 1248 2886
2321 908 2644
908 2321 2644
2644 908 2321
289 585 1056
1056 289 585
585 289 1056
227 987 1845
1845 227 987
987 227 1845
2253 840 2388
840 2253 2388
2388 840 2253
2048 404 2980
404 2048 2980
2980 404 2048
1769 527 1816
1816 527 1769
527 1769 1816
2794 1714 2225
1714 2225 2794
2225 1714 2794
1458 282 2258
2258 282 1458
282 1458 2258
236 505 2014
505 236 2014
2014 236 505
662 1086 1913
1086 662 1913
1913 662 1086
424 2013 2402
2013 424 2402
2402 424 2013
2118 577 2795
2795 577 2118
577 2118 2795
2444 1123 2382
2382 1123 2444
1123 2382 2444
1576 1548 2332
2332 1548 1576
1548 1576 2332
16 2075 2725
2075 16 2725
2725 16 2075
55 2519 2567
2519 55 2567
2567 55 2519
903 178 2812
2812 178 903
178 903 2812
2848 954 1996
954 1996 2848
1996 954 2848
826 835 2171
835 826 2171
2171 826 835
1008 523 2454
2454 523 1008
523 1008 2454
1988 483 1006
483 1006 1988
1006 483 1988
1140 1627 1779
1627 1140 1779
1779 1140 1627
1532 492 2330
2330 492 1532
492 1532 2330
2482 366 2910
2910 366 2482
366 2482 2910
2872 292 2166
2166 292 2872
292 2166 2872
1599 417 706
706 417 1599
417 706 1599
1860 810 2701
810 1860 2701
2701 810 1860
1942 33 179
179 33 1942
33 179 1942
1360 435 1652
435 1360 1652
1652 435 1360
258 512 2750
512 258 2750
2750 258 512
94 2279 2970
2970 94 2279
2279 94 2970
2046 58 2129
58 2046 2129
2129 58 2046
575 1011 2529
2529 575 1011
1011 575 2529
96 371 2834
371 96 2834
2834 96 371
1868 866 2423
866 1868 2423
2423 866 1868
1155 858 1718
858 1155 1718
1718 858 1155
2064 2351 2633
2633 2064 2351
2351 2064 2633
137 630 1572
630 137 1572
1572 137 630
1096 252 1889
252 1096 1889
1889 252 1096
273 2162 2671
2671 273 2162
2162 273 2671
429 397 2057
2057 397 429
397 429 2057
2311 406 1044
406 1044 2311
1044 406 2311
24 678 2275
678 24 2275
2275 24 678
2802 653 891
891 653 2802
653 891 2802
781 2438 2449
2438 781 2449
2449 781 2438
1239 2 453
453 2 1239
2 453 1239
21 1899 2485
2485 21 1899
1899 21 2485
1406 767 1999
1999 767 1406
767 1406 1999
627 61 2183
61 627 2183
2183 61 627
2067 426 1128
426 1128 2067
1128 426 2067
1593 961 2638
961 1593 2638
2638 961 1593
1050 1927 2900
2900 1050 1927
1927 1050 2900
1571 298 2288
2288 298 1571
298 1571 2288
392 1110 2758
2758 392 1110
1110 392 2758
699 489 2385
489 699 2385
2385 489 699
1233 43 988
43 988 1233
988 43 1233
1483 2213 2996
2996 1483 2213
2213 1483 2996
739 136 2065
2065 136 739
136 739 2065
355 2102 2653
2102 355 2653
2653 355 2102
354 116 2317
116 354 2317
2317 116 354
1636 458 823
823 458 1636
458 823 1636
2670 824 1785
1785 824 2670
824 1785 2670
498 430 1471
430 498 1471
1471 430 498
1097 920 1077
1077 920 1097
920 1077 1097
945 2114 2517
2517 945 2114
2114 945 2517
2930 1266 2223
1266 2223 2930
2223 1266 2930
2805 1957 2578
1957 2578 2805
2578 1957 2805
2649 268 925
925 268 2649
268 925 2649
2343 243 1085
1085 243 2343
243 1085 2343
2611 2246 2843
2843 2246 2611
2246 2611 2843
2020 75 2800
75 2020 2800
2800 75 2020
283 1701 1878
1701 283 1878
1878 283 1701
2574 395 2654
2654 395 2574
395 2574 2654
1311 1107 1109
1107 1109 1311
1109 1107 1311
2352 898 2770
898 2352 2770
2770 898 2352
1802 436 1666
436 1666 1802
1666 436 1802
2624 1042 1083
1083 1042 2624
1042 1083 2624
1082 1740 2875
1740 1082 2875
2875 1082 1740
1743 481 2801
2801 481 1743
481 1743 2801
560 1540 1704
1540 560 1704
1704 560 1540
1824 992 2581
992 1824 2581
2581 992 1824
1990 213 1941
213 1941 1990
1941 213 1990
1924 67 946
67 946 1924
946 67 1924
2852 1722 1795
1795 1722 2852
1722 1795 2852
1841 1462 2380
1462 1841 2380
2380 1462 1841
2757 1190 2840
1190 2757 2840
2840 1190 2757
1287 1345 2170
1345 1287 2170
2170 1287 1345
1246 1934 2564
2564 1246 1934
1934 1246 2564
2884 853 2050
2050 853 2884
853 2050 2884
963 134 350
134 350 963
350 134 963
2923 2005 2928
2005 2923 2928
2928 2005 2923
2242 831 1859
1859 831 2242
831 1859 2242
700 856 948
856 700 948
948 700 856
1660 1423 2157
2157 1423 1660
1423 1660 2157
1973 480 1944
480 1944 1973
1944 480 1973
1399 1782 2120
2120 1399 1782
1782 1399 2120
2229 210 2002
2002 210 2229
210 2002 2229
2364 1180 2917
2917 1180 2364
1180 2364 2917
1758 1543 2192
1543 1758 2192
2192 1543 1758
930 42 2159
42 930 2159
2159 42 930
2080 446 2646
446 2080 2646
2646 446 2080
1368 857 2597
857 1368 2597
2597 857 1368
584 2017 2538
2538 584 2017
2017 584 2538
2873 1518 1976
1518 1976 2873
1976 1518 2873
1204 59 1624
59 1204 1624
1624 59 1204
1171 328 844
328 844 1171
844 328 1171
2116 2367 2983
2367 2116 2983
2983 2116 2367
237 553 1069
553 237 1069
1069 237 553
743 749 1736
1736 743 749
749 743 1736
1633 2416 2547
2547 1633 2416
2416 1633 2547
597 161 2830
161 597 2830
2830 161 597
1702 393 1849
1849 393 1702
393 1702 1849
1269 396 1189
396 1189 1269
1189 396 1269
1396 2144 2271
2271 1396 2144
2144 1396 2271
1970 1065 2081
2081 1065 1970
1065 1970 2081
829 1153 1185
1153 829 1185
1185 829 1153
1243 1357 2947
1357 1243 2947
2947 1243 1357
2108 595 642
642 595 2108
595 642 2108
2069 1174 1542
1542 1174 2069
1174 1542 2069
1771 141 2348
141 1771 2348
2348 141 1771
1516 2498 2573
2573 1516 2498
2498 1516 2573
2363 1470 1854
1470 1854 2363
1854 1470 2363
1051 1333 1647
1647 1051 1333
1333 1051 1647
1015 1315 2959
1315 1015 2959
2959 1015 1315
2419 226 2390
226 2390 2419
2390 226 2419
2451 1363 2955
1363 2451 2955
2955 1363 2451
2994 477 2720
477 2720 2994
2720 477 2994
449 728 1026
1026 449 728
728 449 1026
2292 847 2690
2690 847 2292
847 2292 2690
1801 1087 2313
1087 1801 2313
2313 1087 1801
618 1165 1289
1165 618 1289
1289 618 1165
1197 362 2665
362 1197 2665
2665 362 1197
625 260 1275
260 625 1275
1275 260 625
1282 228 984
228 984 1282
984 228 1282
336 1680 2967
1680 336 2967
2967 336 1680
1520 1361 2991
2991 1361 1520
1361 1520 2991
2033 1080 2361
1080 2033 2361
2361 1080 2033
859 1848 2590
1848 859 2590
2590 859 1848
931 818 2695
818 931 2695
2695 818 931
180 769 2819
769 180 2819
2819 180 769
2637 615 2752
615 2637 2752
2752 615 2637
869 1687 2219
1687 869 2219
2219 869 1687
108 2034 2379
2379 108 2034
2034 108 2379
2398 1727 1729
1729 1727 2398
1727 1729 2398
1903 125 1766
1766 125 1903
125 1766 1903
1217 566 1730
566 1217 1730
1730 566 1217
1367 2201 2230
2201 1367 2230
2230 1367 2201
2898 2112 2134
2112 2134 2898
2134 2112 2898
729 842 1347
1347 729 842
842 729 1347
491 573 1028
573 491 1028
1028 491 573
554 52 927
927 52 554
52 554 927
157 433 460
433 157 460
460 157 433
408 1329 1829
1829 408 1329
1329 408 1829
2073 229 2121
2121 229 2073
229 2073 2121
2478 2369 2375
2375 2369 2478
2369 2375 2478
2196 257 2826
257 2196 2826
2826 257 2196
780 1264 2082
1264 780 2082
2082 780 1264
2963 1272 2263
2263 1272 2963
1272 2263 2963
965 320 1890
1890 320 965
320 965 1890
1073 103 420
420 103 1073
103 420 1073
1093 1936 2391
1936 1093 2391
2391 1093 1936
741 2062 2645
2645 741 2062
2062 741 2645
2237 1213 2773
1213 2237 2773
2773 1213 2237
1968 2655 2689
2689 1968 2655
2655 1968 2689
2309 465 2356
465 2309 2356
2356 465 2309
2938 1549 1637
1637 1549 2938
1549 1637 2938
734 1310 2101
1310 734 2101
2101 734 1310
452 1002 2721
1002 452 2721
2721 452 1002
941 45 2357
45 941 2357
2357 45 941
344 874 1662
1662 344 874
874 344 1662
2227 1692 2557
2557 1692 2227
1692 2227 2557
2968 307 2076
2076 307 2968
307 2076 2968
2809 2327 2668
2668 2327 2809
2327 2668 2809
2604 1897 2552
1897 2552 2604
2552 1897 2604
1767 442 2554
442 1767 2554
2554 442 1767
1278 766 1875
1875 766 1278
766 1278 1875
2675 240 1588
1588 240 2675
240 1588 2675
2003 2206 2445
2445 2003 2206
2206 2003 2445
1377 1598 2276
1598 1377 2276
2276 1377 1598
2818 293 2296
2296 293 2818
293 2296 2818
1738 1159 2006
2006 1159 1738
1159 1738 2006
2256 1071 1432
1071 1432 2256
1432 1071 2256
1033 2418 2596
2596 1033 2418
2418 1033 2596
839 290 372
372 290 839
290 372 839
1466 661 1561
1561 661 1466
661 1466 1561
1646 474 2710
474 1646 2710
2710 474 1646
2797 979 2738
2738 979 2797
979 2738 2797
1482 1583 2823
2823 1482 1583
1583 1482 2823
515 1939 2285
2285 515 1939
1939 515 2285
2740 122 2558
122 2558 2740
2558 122 2740
2950 1503 2714
1503 2714 2950
2714 1503 2950
2158 1004 2652
2652 1004 2158
1004 2158 2652
2568 482 1817
482 1817 2568
1817 482 2568
1641 1353 2940
2940 1353 1641
1353 1641 2940
887 76 828
828 76 887
76 828 887
526 798 2326
798 526 2326
2326 526 798
2844 247 1537
1537 247 2844
247 1537 2844
969 1905 2687
1905 969 2687
2687 969 1905
809 747 1550
1550 747 809
747 809 1550
1479 1838 2904
2904 1479 1838
1838 1479 2904
2421 879 1450
1450 879 2421
879 1450 2421
497 77 1014
1014 77 497
77 497 1014
1566 1116 1545
1545 1116 1566
1116 1545 1566
1781 493 897
493 897 1781
897 493 1781
63 1994 2468
1994 63 2468
2468 63 1994
2481 1068 2734
2734 1068 2481
1068 2481 2734
921 692 2640
692 921 2640
2640 692 921
569 311 1323
311 569 1323
1323 311 569
509 133 437
437 133 509
133 437 509
1121 206 1893
206 1121 1893
1893 206 1121
1844 745 982
745 982 1844
982 745 1844
889 288 2737
2737 288 889
288 889 2737
87 1129 2216
1129 87 2216
2216 87 1129
1300 2270 2404
2270 1300 2404
2404 1300 2270
1625 348 2865
348 1625 2865
2865 348 1625
1163 865 2717
2717 865 1163
865 1163 2717
2278 693 2712
693 2278 2712
2712 693 2278
80 2304 2490
2490 80 2304
2304 80 2490
1303 2231 2666
2666 1303 2231
2231 1303 2666
2614 124 1855
1855 124 2614
124 1855 2614
1697 572 714
714 572 1697
572 714 1697
2888 2806 2941
2941 2806 2888
2806 2888 2941
2193 158 2591
2591 158 2193
158 2193 2591
131 2412 2663
2663 131 2412
2412 131 2663
534 330 951
951 330 534
330 534 951
1202 543 1614
1614 543 1202
543 1202 1614
2883 794 2546
2546 794 2883
794 2546 2883
2876 2010 2727
2010 2727 2876
2727 2010 2876
1833 2523 2525
2525 1833 2523
2523 1833 2525
2167 1544 1806
1544 1806 2167
1806 1544 2167
2998 1746 2430
2430 1746 2998
1746 2430 2998
1623 1330 2677
2677 1330 1623
1330 1623 2677
1659 731 1043
1043 731 1659
731 1043 1659
1130 212 2130
212 1130 2130
2130 212 1130
1882 85 2137
85 1882 2137
2137 85 1882
1291 1012 2066
1012 1291 2066
2066 1012 1291
2796 1100 2688
1100 2688 2796
2688 1100 2796
1484 86 309
86 309 1484
309 86 1484
1211 12 278
278 12 1211
12 278 1211
1751 1245 1710
1710 1245 1751
1245 1710 1751
1705 757 2766
2766 757 1705
757 1705 2766
2776 379 2147
379 2147 2776
2147 379 2776
2715 1029 2678
2678 1029 2715
1029 2678 2715
2622 421 2527
2527 421 2622
421 2527 2622
332 978 2021
2021 332 978
978 332 2021
2305 1036 1306
1036 1306 2305
1306 1036 2305
2743 37 2496
2496 37 2743
37 2496 2743
2477 870 1445
870 1445 2477
1445 870 2477
93 306 400
306 93 400
400 93 306
189 1039 1533
1039 189 1533
1533 189 1039
503 6 2779
6 503 2779
2779 6 503
68 155 2234
2234 68 155
155 68 2234
82 69 112
69 82 112
112 69 82
672 66 2593
2593 66 672
66 672 2593
1789 1448 2119
2119 1448 1789
1448 1789 2119
456 2432 2627
2627 456 2432
2432 456 2627
803 764 2906
2906 764 803
764 803 2906
535 1255 1807
1255 535 1807
1807 535 1255
1203 1443 2148
2148 1203 1443
1443 1203 2148
802 445 485
445 485 802
485 445 802
2890 32 1358
1358 32 2890
32 1358 2890
1553 655 2399
2399 655 1553
655 1553 2399
191 1579 1615
1615 191 1579
1579 191 1615
2226 1786 1954
