2368 359 2757
359 2368 2757
2757 359 2368
436 2566 2618
2566 436 2618
2618 436 2566
284 108 1096
108 284 1096
1096 108 284
18 2035 2786
2786 18 2035
2035 18 2786
1846 1564 2283
2283 1564 1846
1564 1846 2283
2443 62 561
62 561 2443
561 62 2443
647 317 2878
317 647 2878
2878 317 647
2846 991 1716
1716 991 2846
991 1716 2846
32 2398 2551
2398 32 2551
2551 32 2398
395 692 2318
2318 395 692
692 395 2318
1247 2549 2994
2994 1247 2549
2549 1247 2994
2653 1164 2771
1164 2653 2771
2771 1164 2653
1799 1607 2179
1607 1799 2179
2179 1607 1799
466 204 1792
1792 204 466
204 466 1792
2603 165 683
165 683 2603
683 165 2603
455 713 1565
713 455 1565
1565 455 713
28 1208 1766
1766 28 1208
1208 28 1766
2762 1740 1837
1740 1837 2762
1837 1740 2762
1477 763 2478
763 1477 2478
2478 763 1477
2624 1131 1871
1131 1871 2624
1871 1131 2624
978 830 1765
1765 830 978
830 978 1765
2683 842 1146
1146 842 2683
842 1146 2683
2229 1029 1640
1029 1640 2229
1640 1029 2229
2018 752 2221
752 2018 2221
2221 752 2018
667 2144 2671
2144 667 2671
2671 667 2144
1152 266 2781
2781 266 1152
266 1152 2781
1595 1044 1832
1832 1044 1595
1044 1595 1832
1027 887 1870
1870 887 1027
887 1027 1870
170 1515 2890
2890 170 1515
1515 170 2890
1632 271 926
271 926 1632
926 271 1632
2955 1600 2589
1600 2589 2955
2589 1600 2955
1206 1439 1999
1999 1206 1439
1439 1206 1999
560 1352 2754
2754 560 1352
1352 560 2754
2061 872 1310
872 1310 2061
1310 872 2061
2591 1629 1737
1737 1629 2591
1629 1737 2591
876 1211 2059
1211 876 2059
2059 876 1211
2258 316 1522
316 1522 2258
1522 316 2258
2901 861 1760
1760 861 2901
861 1760 2901
119 551 972
551 119 972
972 119 551
1644 122 1180
1180 122 1644
122 1180 1644
623 1037 2564
1037 623 2564
2564 623 1037
827 1748 2796
2796 827 1748
1748 827 2796
2984 559 2769
559 2769 2984
2769 559 2984
803 547 2834
2834 547 803
547 803 2834
1625 200 2270
2270 200 1625
200 1625 2270
1388 281 1541
281 1388 1541
1541 281 1388
1829 992 2052
992 1829 2052
2052 992 1829
2615 221 654
221 654 2615
654 221 2615
2941 379 2237
2237 379 2941
379 2237 2941
2361 831 1043
1043 831 2361
831 1043 2361
1271 1011 1058
1058 1011 1271
1011 1058 1271
241 1708 2168
1708 241 2168
2168 241 1708
133 1292 2931
1292 133 2931
2931 133 1292
1939 1284 2090
2090 1284 1939
1284 1939 2090
2156 671 2356
2356 671 2156
671 2156 2356
1502 610 2503
2503 610 1502
610 1502 2503
422 1348 2294
2294 422 1348
1348 422 2294
1374 1071 2801
2801 1071 1374
1071 1374 2801
2342 744 1685
1685 744 2342
744 1685 2342
2572 808 1217
1217 808 2572
808 1217 2572
1014 280 2803
2803 280 1014
280 1014 2803
1527 1350 2854
2854 1350 1527
1350 1527 2854
1920 169 2684
2684 169 1920
169 1920 2684
2605 464 2862
2862 464 2605
464 2605 2862
651 1269 1314
1269 651 1314
1314 651 1269
58 1443 1715
1715 58 1443
1443 58 1715
2996 652 1316
1316 652 2996
652 1316 2996
2484 1401 2599
2599 1401 2484
1401 2484 2599
1028 2424 2804
2804 1028 2424
2424 1028 2804
268 1057 1828
1828 268 1057
1057 268 1828
1524 810 1525
1525 810 1524
810 1524 1525
1154 265 577
265 577 1154
577 265 1154
2626 306 2353
2353 306 2626
306 2353 2626
285 161 1018
161 285 1018
1018 161 285
1692 326 1227
1227 326 1692
326 1227 1692
321 1665 2157
2157 321 1665
1665 321 2157
1911 1048 2832
2832 1048 1911
1048 1911 2832
1456 79 411
411 79 1456
79 411 1456
463 1047 2395
2395 463 1047
1047 463 2395
14 447 1753
1753 14 447
447 14 1753
1308 409 1996
1996 409 1308
409 1308 1996
229 2588 2868
2588 229 2868
2868 229 2588
2720 907 1393
1393 907 2720
907 1393 2720
2501 1682 1790
1682 1790 2501
1790 1682 2501
589 499 1800
499 589 1800
1800 499 589
2198 749 1039
1039 749 2198
749 1039 2198
2446 1531 2530
2530 1531 2446
1531 2446 2530
2122 838 2148
2148 838 2122
838 2122 2148
1095 457 2925
2925 457 1095
457 1095 2925
1088 1572 2174
1572 1088 2174
2174 1088 1572
509 1202 2359
1202 509 2359
2359 509 1202
937 776 1226
1226 776 937
776 937 1226
110 357 2445
2445 110 357
357 110 2445
2794 217 1307
1307 217 2794
217 1307 2794
1459 95 668
668 95 1459
95 668 1459
2783 78 2390
78 2390 2783
2390 78 2783
717 132 1336
1336 132 717
132 717 1336
2853 1077 1951
1077 1951 2853
1951 1077 2853
2608 703 1917
703 1917 2608
1917 703 2608
1495 194 2985
194 1495 2985
2985 194 1495
2991 1978 2743
1978 2743 2991
2743 1978 2991
2404 193 1256
1256 193 2404
193 1256 2404
2682 237 340
237 340 2682
340 237 2682
1714 2113 2153
2113 1714 2153
2153 1714 2113
832 1382 1756
1756 832 1382
1382 832 1756
2514 143 2669
143 2514 2669
2669 143 2514
2822 768 1890
1890 768 2822
768 1890 2822
485 1159 2578
1159 485 2578
2578 485 1159
947 850 1042
1042 850 947
850 947 1042
1921 1947 2692
1947 1921 2692
2692 1921 1947
101 189 2067
189 101 2067
2067 101 189
2525 540 2456
2456 540 2525
540 2456 2525
932 172 593
593 172 932
172 593 932
2367 183 2718
183 2367 2718
2718 183 2367
1638 855 1003
855 1003 1638
1003 855 1638
1287 1852 2244
2244 1287 1852
1852 1287 2244
1960 2510 2739
2739 1960 2510
2510 1960 2739
1711 556 786
786 556 1711
556 786 1711
2191 597 1488
597 1488 2191
1488 597 2191
1407 1923 2638
2638 1407 1923
1923 1407 2638
445 634 2561
634 445 2561
2561 445 634
848 410 535
535 410 848
410 535 848
2969 42 590
590 42 2969
42 590 2969
413 977 2378
2378 413 977
977 413 2378
1815 1167 2030
2030 1167 1815
1167 1815 2030
1494 105 846
846 105 1494
105 846 1494
2604 636 1418
1418 636 2604
636 1418 2604
2071 953 1667
953 1667 2071
1667 953 2071
613 1884 2461
1884 613 2461
2461 613 1884
2809 759 2789
2789 759 2809
759 2789 2809
2452 54 203
203 54 2452
54 203 2452
698 367 1344
367 698 1344
1344 367 698
315 762 1693
1693 315 762
762 315 1693
1304 1232 1315
1315 1232 1304
1232 1304 1315
2676 2251 2839
2839 2251 2676
2251 2676 2839
673 59 376
376 59 673
59 376 673
228 2312 2815
2312 228 2815
2815 228 2312
2233 900 1415
900 1415 2233
1415 900 2233
2308 248 1150
1150 248 2308
248 1150 2308
1550 2114 2210
2210 1550 2114
2114 1550 2210
723 1253 2960
1253 723 2960
2960 723 1253
2417 144 2199
144 2199 2417
2199 144 2417
1954 1376 1668
1668 1376 1954
1376 1668 1954
1050 93 525
525 93 1050
93 525 1050
320 37 1286
37 320 1286
1286 37 320
639 195 2553
2553 195 639
195 639 2553
2450 185 439
185 439 2450
439 185 2450
174 2206 2302
2302 174 2206
2206 174 2302
506 1274 2151
2151 506 1274
1274 506 2151
1302 77 503
77 503 1302
503 77 1302
2320 1055 2563
2563 1055 2320
1055 2320 2563
973 305 944
305 944 973
944 305 973
1173 368 2020
368 1173 2020
2020 368 1173
1670 85 154
154 85 1670
85 154 1670
2291 958 1684
1684 958 2291
958 1684 2291
1755 146 576
146 576 1755
576 146 1755
1903 945 2662
945 1903 2662
2662 945 1903
2117 1355 2400
1355 2117 2400
2400 1355 2117
393 2388 2845
2845 393 2388
2388 393 2845
2007 450 2670
450 2007 2670
2670 450 2007
1573 727 960
960 727 1573
727 960 1573
2371 704 2698
704 2371 2698
2698 704 2371
1660 515 1886
515 1660 1886
1886 515 1660
1707 1510 2042
2042 1510 1707
1510 1707 2042
1312 257 460
257 460 1312
460 257 1312
1453 7 2181
7 1453 2181
2181 7 1453
712 2076 2482
2076 712 2482
2482 712 2076
864 210 2158
210 864 2158
2158 210 864
2178 1204 1326
1204 1326 2178
1326 1204 2178
311 2006 2668
2006 311 2668
2668 311 2006
92 1808 2748
2748 92 1808
1808 92 2748
294 1250 1975
1975 294 1250
1250 294 1975
1722 114 2475
114 1722 2475
2475 114 1722
1703 570 2918
570 1703 2918
2918 570 1703
1583 15 1927
1927 15 1583
15 1583 1927
352 936 1194
936 352 1194
1194 352 936
19 400 2105
2105 19 400
400 19 2105
566 1750 2451
2451 566 1750
1750 566 2451
1642 1616 2431
1616 1642 2431
2431 1616 1642
454 1806 2463
2463 454 1806
1806 454 2463
1023 934 1346
1346 934 1023
934 1023 1346
2317 1470 1566
1470 1566 2317
1566 1470 2317
339 424 2240
424 339 2240
2240 339 424
2633 2268 2930
2930 2268 2633
2268 2633 2930
1069 1026 2193
1026 1069 2193
2193 1026 1069
1357 1004 1551
1551 1004 1357
1004 1357 1551
2072 482 2045
2045 482 2072
482 2045 2072
2938 472 804
804 472 2938
472 804 2938
1045 715 1020
1020 715 1045
715 1020 1045
335 2860 2989
2989 335 2860
2860 335 2989
1192 1333 2810
1333 1192 2810
2810 1192 1333
1579 1598 2881
1598 1579 2881
2881 1579 1598
1702 766 2084
766 1702 2084
2084 766 1702
1371 1949 2324
2324 1371 1949
1949 1371 2324
1153 283 2693
283 1153 2693
2693 283 1153
1802 530 1234
1234 530 1802
530 1234 1802
2713 1904 2659
2659 1904 2713
1904 2659 2713
2616 17 223
223 17 2616
17 223 2616
330 2209 2262
2262 330 2209
2209 330 2262
262 1533 2640
2640 262 1533
1533 262 2640
2912 2436 2579
2436 2579 2912
2579 2436 2912
1539 139 1995
1995 139 1539
139 1539 1995
756 518 1461
518 756 1461
1461 518 756
596 1534 2415
2415 596 1534
1534 596 2415
2976 2213 2641
2213 2641 2976
2641 2213 2976
2548 1034 1364
1364 1034 2548
1034 1364 2548
2827 27 917
917 27 2827
27 917 2827
670 800 2797
800 670 2797
2797 670 800
816 486 2019
486 816 2019
2019 486 816
999 1764 1770
1764 999 1770
1770 999 1764
2699 2584 2777
2584 2699 2777
2777 2584 2699
2274 2111 2119
2119 2111 2274
2111 2119 2274
1433 344 2295
2295 344 1433
344 1433 2295
176 1091 2325
1091 176 2325
2325 176 1091
479 1493 2726
2726 479 1493
1493 479 2726
1958 470 681
470 681 1958
681 470 1958
2089 151 2216
2216 151 2089
151 2089 2216
1724 1358 1679
1679 1358 1724
1358 1679 1724
10 665 1318
1318 10 665
665 10 1318
1022 814 2391
2391 814 1022
814 1022 2391
2663 541 770
770 541 2663
541 770 2663
2196 448 2632
448 2196 2632
2632 448 2196
511 1609 1797
1609 511 1797
1797 511 1609
1437 4 2276
2276 4 1437
4 1437 2276
2483 1440 2772
2772 1440 2483
1440 2483 2772
2944 437 2037
437 2037 2944
2037 437 2944
572 2679 2808
2808 572 2679
2679 572 2808
2559 818 1710
818 1710 2559
1710 818 2559
1261 148 1746
148 1261 1746
1746 148 1261
2306 546 641
546 641 2306
641 546 2306
61 724 2289
2289 61 724
724 61 2289
2493 738 2184
2184 738 2493
738 2184 2493
2664 1235 2041
2041 1235 2664
1235 2041 2664
1273 1706 2075
2075 1273 1706
1706 1273 2075
2795 346 2524
2524 346 2795
346 2524 2795
1553 1839 2592
2592 1553 1839
1839 1553 2592
1117 2883 2897
2883 1117 2897
2897 1117 2883
2929 127 373
373 127 2929
127 373 2929
2096 741 1059
741 1059 2096
1059 741 2096
292 1351 2729
2729 292 1351
1351 292 2729
2926 2344 2447
2447 2344 2926
2344 2447 2926
1327 875 1720
1720 875 1327
875 1327 1720
2515 112 2880
2880 112 2515
112 2515 2880
81 254 2950
2950 81 254
254 81 2950
2155 430 2840
2840 430 2155
430 2155 2840
821 71 1062
71 821 1062
1062 71 821
1383 1283 1400
1283 1383 1400
1400 1283 1383
115 921 1851
921 115 1851
1851 115 921
807 53 2242
53 807 2242
2242 53 807
167 1113 2021
2021 167 1113
1113 167 2021
369 591 1664
1664 369 591
591 369 1664
1311 297 2885
2885 297 1311
297 1311 2885
1669 1323 2661
2661 1323 1669
1323 1669 2661
1196 1338 1933
1933 1196 1338
1338 1196 1933
1067 56 1320
56 1067 1320
1320 56 1067
989 968 2499
2499 968 989
968 989 2499
1377 1111 1981
1981 1111 1377
1111 1377 1981
1596 1061 2036
2036 1061 1596
1061 1596 2036
1353 2687 2993
2993 1353 2687
2687 1353 2993
402 2135 2924
2924 402 2135
2135 402 2924
2541 896 1222
1222 896 2541
896 1222 2541
1590 2465 2600
2465 1590 2600
2600 1590 2465
1985 494 2287
494 1985 2287
2287 494 1985
2678 202 859
859 202 2678
202 859 2678
711 1195 2440
2440 711 1195
1195 711 2440
2486 63 2309
2309 63 2486
63 2309 2486
1016 301 1789
1789 301 1016
301 1016 1789
2792 598 758
598 758 2792
758 598 2792
695 619 1491
619 695 1491
1491 619 695
2614 2648 2731
2731 2614 2648
2648 2614 2731
2702 227 302
302 227 2702
227 302 2702
594 214 806
214 594 806
806 214 594
2376 428 2722
428 2376 2722
2722 428 2376
1221 520 633
520 633 1221
633 520 1221
67 446 893
446 67 893
893 67 446
1276 1329 2712
1329 1276 2712
2712 1276 1329
2044 289 1513
289 1513 2044
1513 289 2044
9 1295 2257
1295 9 2257
2257 9 1295
418 1008 1049
1008 418 1049
1049 418 1008
1454 675 1885
675 1454 1885
1885 675 1454
226 24 1366
24 226 1366
1366 24 226
961 230 895
895 230 961
230 895 961
2980 249 2402
249 2402 2980
2402 249 2980
1915 987 2721
2721 987 1915
987 1915 2721
792 384 1796
384 792 1796
1796 384 792
812 1063 2691
1063 812 2691
2691 812 1063
2472 164 425
164 425 2472
425 164 2472
2609 2185 2208
2185 2208 2609
2208 2185 2609
2022 206 840
206 840 2022
840 206 2022
777 475 1339
475 777 1339
1339 475 777
1798 674 2360
2360 674 1798
674 1798 2360
690 2049 2384
2049 690 2384
2384 690 2049
2894 1396 2027
2027 1396 2894
1396 2027 2894
2760 533 658
533 658 2760
658 533 2760
996 1242 1430
1242 996 1430
1430 996 1242
508 771 2785
2785 508 771
771 508 2785
2672 1133 2945
2945 1133 2672
1133 2672 2945
897 1182 2747
1182 897 2747
2747 897 1182
1763 1303 1457
1303 1457 1763
1457 1303 1763
616 238 2755
2755 238 616
238 616 2755
191 2307 2922
2307 191 2922
2922 191 2307
2876 1723 2162
2162 1723 2876
1723 2162 2876
2516 2767 2873
2767 2516 2873
2873 2516 2767
1086 366 2314
2314 366 1086
366 1086 2314
760 1621 2942
2942 760 1621
1621 760 2942
588 2176 2399
2399 588 2176
2176 588 2399
1399 2164 2380
2380 1399 2164
2164 1399 2380
269 406 1705
1705 269 406
406 269 1705
1451 1025 2779
1025 1451 2779
2779 1025 1451
2000 2737 2738
2738 2000 2737
2737 2000 2738
356 299 2346
2346 299 356
299 356 2346
587 1561 2521
2521 587 1561
1561 587 2521
990 747 2571
747 990 2571
2571 747 990
2562 1587 2166
2166 1587 2562
1587 2166 2562
2375 47 1082
1082 47 2375
47 1082 2375
1889 2330 2814
2814 1889 2330
2330 1889 2814
1181 983 1024
1024 983 1181
983 1024 1181
2798 1517 2606
2606 1517 2798
1517 2606 2798
2186 1126 2555
1126 2186 2555
2555 1126 2186
740 1216 1603
1216 740 1603
1603 740 1216
2477 1611 2695
1611 2477 2695
2695 1611 2477
458 233 628
233 458 628
628 233 458
2470 2824 2847
2824 2470 2847
2847 2470 2824
1406 1601 1619
1619 1406 1601
1601 1406 1619
2437 1040 2837
2837 1040 2437
1040 2437 2837
2628 679 2204
2204 679 2628
679 2204 2628
1473 156 2625
2625 156 1473
156 1473 2625
2149 180 419
180 419 2149
419 180 2149
44 583 809
583 44 809
809 44 583
2078 1013 1833
1833 1013 2078
1013 1833 2078
1934 48 1442
1442 48 1934
48 1442 1934
2080 746 2964
746 2080 2964
2964 746 2080
1937 372 2377
2377 372 1937
372 1937 2377
1663 1080 2192
1080 1663 2192
2192 1080 1663
605 1772 2576
1772 605 2576
2576 605 1772
1317 276 1452
276 1317 1452
1452 276 1317
187 2523 2861
2861 187 2523
2523 187 2861
1990 1490 1570
1570 1490 1990
1490 1570 1990
1970 473 2545
473 1970 2545
2545 473 1970
2219 69 2823
2823 69 2219
69 2219 2823
994 649 2389
649 994 2389
2389 649 994
159 734 2394
734 159 2394
2394 159 734
2631 113 500
500 113 2631
113 500 2631
701 2225 2879
2879 701 2225
2225 701 2879
2512 1476 2336
2336 1476 2512
1476 2336 2512
2802 1334 2753
2753 1334 2802
1334 2753 2802
1521 779 2643
779 1521 2643
2643 779 1521
1392 645 2401
645 1392 2401
2401 645 1392
381 348 2877
348 381 2877
2877 348 381
868 1147 1887
1887 868 1147
1147 868 1887
1009 687 2252
2252 687 1009
687 1009 2252
2434 111 1929
111 1929 2434
1929 111 2434
1197 1236 2629
2629 1197 1236
1236 1197 2629
2421 686 2211
2211 686 2421
686 2211 2421
2468 732 2654
732 2468 2654
2654 732 2468
772 2864 2920
2864 772 2920
2920 772 2864
2819 1712 2696
1712 2696 2819
2696 1712 2819
1448 1530 2529
2529 1448 1530
1530 1448 2529
2134 1210 2689
1210 2134 2689
2689 1210 2134
1844 140 2843
140 1844 2843
2843 140 1844
2383 1145 2093
2093 1145 2383
1145 2093 2383
1411 2271 2290
2290 1411 2271
2271 1411 2290
2177 57 1417
1417 57 2177
57 1417 2177
1588 1775 2310
2310 1588 1775
1775 1588 2310
635 1821 2871
1821 635 2871
2871 635 1821
1186 382 2063
382 1186 2063
2063 382 1186
684 1019 1556
1556 684 1019
1019 684 1556
2807 873 2034
2034 873 2807
873 2034 2807
2273 2716 2935
2716 2273 2935
2935 2273 2716
1863 2554 2956
2554 1863 2956
2956 1863 2554
1073 1263 2126
2126 1073 1263
1263 1073 2126
755 691 1773
691 755 1773
1773 691 755
313 1901 2121
1901 313 2121
2121 313 1901
823 949 1560
949 823 1560
1560 823 949
706 408 1328
1328 408 706
408 706 1328
817 857 1148
857 817 1148
1148 817 857
2466 1853 2110
2110 1853 2466
1853 2110 2466
2841 391 1581
391 1581 2841
1581 391 2841
531 595 2068
2068 531 595
595 531 2068
2656 1101 2362
2362 1101 2656
1101 2362 2656
682 1199 1324
1324 682 1199
1199 682 1324
1132 1104 1906
1906 1104 1132
1104 1132 1906
516 291 487
291 487 516
487 291 516
182 2142 2481
2142 182 2481
2481 182 2142
1161 1945 2895
2895 1161 1945
1945 1161 2895
2617 2423 2928
2928 2423 2617
2423 2617 2928
890 1138 2585
2585 890 1138
1138 890 2585
791 1730 2580
1730 791 2580
2580 791 1730
2856 123 2340
2340 123 2856
123 2340 2856
1144 2009 2403
2403 1144 2009
2009 1144 2403
160 648 1275
648 160 1275
1275 160 648
644 1414 2905
1414 644 2905
2905 644 1414
1546 834 2601
2601 834 1546
834 1546 2601
655 1309 1482
1482 655 1309
1309 655 1482
2630 718 1696
1696 718 2630
718 1696 2630
2370 2002 2374
2002 2370 2374
2374 2002 2370
2253 331 2968
2968 331 2253
331 2253 2968
1586 754 2805
2805 754 1586
754 1586 2805
979 236 1282
236 979 1282
1282 236 979
2355 1369 1936
1369 1936 2355
1936 1369 2355
2723 1239 2385
1239 2385 2723
2385 1239 2723
1379 731 2899
731 1379 2899
2899 731 1379
2773 168 1184
1184 168 2773
168 1184 2773
2277 764 1523
1523 764 2277
764 1523 2277
2746 1602 2087
1602 2087 2746
2087 1602 2746
1285 1634 2170
1634 1285 2170
2170 1285 1634
1384 1305 2921
2921 1305 1384
1305 1384 2921
1089 620 2990
2990 620 1089
620 1089 2990
1098 483 1532
483 1098 1532
1532 483 1098
526 1218 2986
1218 526 2986
2986 526 1218
1313 1405 2900
2900 1313 1405
1405 1313 2900
287 444 2422
2422 287 444
444 287 2422
1548 184 1238
184 1238 1548
1238 184 1548
1543 1010 2752
1010 1543 2752
2752 1010 1543
1661 106 451
451 106 1661
106 451 1661
2005 329 1882
329 1882 2005
1882 329 2005
705 218 536
536 218 705
218 536 705
920 390 1909
390 920 1909
1909 390 920
976 995 2776
2776 976 995
995 976 2776
2230 720 1856
720 1856 2230
1856 720 2230
2418 235 940
940 235 2418
235 940 2418
971 519 2444
2444 519 971
519 971 2444
1021 1158 1688
1688 1021 1158
1158 1021 1688
2778 1910 2051
2051 1910 2778
1910 2051 2778
142 504 1645
504 142 1645
1645 142 504
2934 334 1898
1898 334 2934
334 1898 2934
323 1779 2610
2610 323 1779
1779 323 2610
2382 954 1030
1030 954 2382
954 1030 2382
2558 1651 2506
1651 2506 2558
2506 1651 2558
885 1727 2303
1727 885 2303
2303 885 1727
1349 1466 2759
2759 1349 1466
1466 1349 2759
2338 190 324
190 324 2338
324 190 2338
643 1220 1518
1220 643 1518
1518 643 1220
1481 209 2733
2733 209 1481
209 1481 2733
879 571 982
571 879 982
982 571 879
680 1168 1656
1656 680 1168
1168 680 1656
2967 574 1237
574 1237 2967
1237 574 2967
1074 434 1240
434 1074 1240
1240 434 1074
2590 1617 2379
2379 1617 2590
1617 2379 2590
1157 2316 2745
2745 1157 2316
2316 1157 2745
1134 1112 2504
1112 1134 2504
2504 1112 1134
1322 493 550
550 493 1322
493 550 1322
924 750 852
852 750 924
750 852 924
1149 1036 1822
1036 1149 1822
1822 1036 1149
2793 117 2674
2674 117 2793
117 2674 2793
1803 2086 2439
2086 1803 2439
2439 1803 2086
1280 1817 2791
2791 1280 1817
1817 1280 2791
2649 2101 2108
2108 2101 2649
2101 2108 2649
82 103 421
421 82 103
103 82 421
1876 205 2327
205 1876 2327
2327 205 1876
296 568 2454
568 296 2454
2454 296 568
277 173 604
173 277 604
604 173 277
1754 2358 2711
2711 1754 2358
2358 1754 2711
417 80 2260
80 417 2260
2260 80 417
1725 1563 1983
1563 1725 1983
1983 1563 1725
2724 1064 2788
2788 1064 2724
1064 2724 2788
2734 1698 2675
1698 2675 2734
2675 1698 2734
1952 751 2852
2852 751 1952
751 1952 2852
1672 1872 2583
2583 1672 1872
1872 1672 2583
2442 1666 1998
1666 1998 2442
1998 1666 2442
2708 401 1777
1777 401 2708
401 1777 2708
2498 1423 2263
1423 2263 2498
2263 1423 2498
1686 948 2097
948 1686 2097
2097 948 1686
1683 1170 1342
1170 1342 1683
1342 1170 1683
1824 964 1575
964 1575 1824
1575 964 1824
1678 234 1554
234 1554 1678
1554 234 1678
16 1229 1908
1229 16 1908
1908 16 1229
1121 769 797
797 769 1121
769 797 1121
2065 813 2048
813 2048 2065
2048 813 2065
1972 2836 2975
2836 1972 2975
2975 1972 2836
2917 201 2343
201 2343 2917
2343 201 2917
145 2458 2574
2574 145 2458
2458 145 2574
1474 1594 2160
1594 1474 2160
2160 1474 1594
2859 708 1125
1125 708 2859
708 1125 2859
2728 1160 2136
1160 2136 2728
2136 1160 2728
575 1431 2247
1431 575 2247
2247 575 1431
2888 312 2055
2055 312 2888
312 2055 2888
919 1537 1574
1574 919 1537
1537 919 1574
1368 40 693
40 693 1368
693 40 1368
2152 915 1478
915 1478 2152
1478 915 2152
1695 49 524
524 49 1695
49 524 1695
1072 778 1260
778 1072 1260
1260 778 1072
1742 537 2799
537 1742 2799
2799 537 1742
2313 2056 2915
2056 2313 2915
2915 2056 2313
181 836 1555
1555 181 836
836 181 1555
2236 1422 1580
1580 1422 2236
1422 1580 2236
1223 815 2677
815 1223 2677
2677 815 1223
355 1332 2800
1332 355 2800
2800 355 1332
1984 2118 2536
2118 1984 2536
2536 1984 2118
1536 491 1700
1700 491 1536
491 1536 1700
2428 2765 2981
2765 2428 2981
2981 2428 2765
774 251 1897
251 774 1897
1897 251 774
1592 1390 2857
1390 1592 2857
2857 1390 1592
950 88 1458
88 950 1458
1458 88 950
2457 1114 2544
1114 2457 2544
2544 1114 2457
1394 2397 2528
2397 1394 2528
2528 1394 2397
1757 1122 2297
1122 1757 2297
2297 1122 1757
2203 656 2039
2039 656 2203
656 2039 2203
2933 35 1786
1786 35 2933
35 1786 2933
1562 1081 1299
1081 1299 1562
1299 1081 1562
1251 1859 2780
2780 1251 1859
1859 1251 2780
1103 1185 1867
1867 1103 1185
1185 1103 1867
1795 725 1130
1130 725 1795
725 1130 1795
2550 1241 1944
1241 1944 2550
1944 1241 2550
666 2188 2870
2188 666 2870
2870 666 2188
1465 833 2438
2438 833 1465
833 1465 2438
1774 423 1571
1571 423 1774
423 1571 1774
1781 1813 1864
1864 1781 1813
1813 1781 1864
736 392 642
642 392 736
392 642 736
860 231 1270
231 860 1270
1270 231 860
211 521 528
528 211 521
521 211 528
2172 1413 1751
1413 1751 2172
1751 1413 2172
2974 828 2054
2054 828 2974
828 2054 2974
1277 386 2913
386 1277 2913
2913 386 1277
1932 795 1386
1386 795 1932
795 1386 1932
2527 387 793
793 387 2527
387 793 2527
2010 728 2485
2485 728 2010
728 2010 2485
2953 1321 2140
2140 1321 2953
1321 2140 2953
2393 1201 1438
1201 1438 2393
1438 1201 2393
615 2266 2647
2647 615 2266
2266 615 2647
2657 1212 2131
2131 1212 2657
1212 2131 2657
542 33 222
222 33 542
33 222 542
869 544 1935
544 869 1935
1935 544 869
2963 1294 1739
1294 1739 2963
1739 1294 2963
1838 1265 2565
1265 1838 2565
2565 1265 1838
1434 1868 2842
1868 1434 2842
2842 1434 1868
1959 1060 1709
1060 1709 1959
1709 1060 1959
264 891 1193
1193 264 891
891 264 1193
1836 1891 2962
2962 1836 1891
1891 1836 2962
1787 854 1033
854 1033 1787
1033 854 1787
1100 282 913
282 913 1100
913 282 1100
2488 1359 2710
2710 1359 2488
1359 2488 2710
1426 2132 2459
2132 1426 2459
2459 1426 2132
957 495 1612
495 957 1612
1612 495 957
2218 198 2433
198 2218 2433
2433 198 2218
2951 787 2582
2582 787 2951
787 2582 2951
73 358 507
358 73 507
507 73 358
433 1486 2818
1486 433 2818
2818 433 1486
2965 337 2546
2546 337 2965
337 2546 2965
2115 245 714
245 714 2115
714 245 2115
545 1163 2983
1163 545 2983
2983 545 1163
1643 981 1914
1914 981 1643
981 1643 1914
1485 178 1976
1976 178 1485
178 1485 1976
2159 1090 1626
1626 1090 2159
1090 1626 2159
2352 916 1896
1896 916 2352
916 1896 2352
1880 1624 1671
1671 1624 1880
1624 1671 1880
939 1330 1449
1330 939 1449
1449 939 1330
60 46 104
46 60 104
104 46 60
2602 420 1051
1051 420 2602
420 1051 2602
1997 886 2366
2366 886 1997
886 1997 2366
322 1991 2304
1991 322 2304
2304 322 1991
1674 966 2768
2768 966 1674
966 1674 2768
2937 1788 2826
1788 2826 2937
2826 1788 2937
523 745 2884
745 523 2884
2884 523 745
1246 2646 2736
2646 1246 2736
2736 1246 2646
2714 345 2165
345 2165 2714
2165 345 2714
2732 66 1814
66 1814 2732
1814 66 2732
1258 553 2492
553 1258 2492
2492 553 1258
2910 1961 2914
1961 2910 2914
2914 1961 2910
584 1823 2838
2838 584 1823
1823 584 2838
1380 1965 2725
1965 1380 2725
2725 1380 1965
796 116 1883
1883 116 796
116 796 1883
1869 1450 1655
1450 1655 1869
1655 1450 1869
1835 1963 2665
1963 1835 2665
2665 1835 1963
1801 397 735
397 735 1801
735 397 1801
663 1200 2620
1200 663 2620
2620 663 1200
1652 124 1385
1385 124 1652
124 1385 1652
2639 2491 2596
2491 2596 2639
2596 2491 2639
1361 599 1785
1785 599 1361
599 1361 1785
2222 719 1578
719 1578 2222
1578 719 2222
1893 993 2619
993 1893 2619
2619 993 1893
922 1347 1427
1427 922 1347
1347 922 1427
1499 1849 2106
2106 1499 1849
1849 1499 2106
2173 2634 2685
2685 2173 2634
2634 2173 2685
565 70 2288
70 565 2288
2288 70 565
2690 858 2552
2552 858 2690
858 2552 2690
1855 1508 2430
2430 1508 1855
1508 1855 2430
2764 1109 1946
1946 1109 2764
1109 1946 2764
1228 380 676
676 380 1228
380 676 1228
2286 1007 1087
1087 1007 2286
1007 1087 2286
1732 371 2248
371 1732 2248
2248 371 1732
403 2215 2487
2487 403 2215
2215 403 2487
2194 2 1002
1002 2 2194
2 1002 2194
783 2116 2373
2373 783 2116
2116 783 2373
5 99 1084
99 5 1084
1084 5 99
2265 219 1980
219 1980 2265
1980 219 2265
239 290 733
733 239 290
290 239 733
694 438 1397
1397 438 694
438 694 1397
1511 1489 2557
2557 1489 1511
1489 1511 2557
1436 396 1848
396 1436 1848
1848 396 1436
2261 74 2372
74 2261 2372
2372 74 2261
811 581 1620
1620 581 811
581 811 1620
1627 2169 2259
2259 1627 2169
2169 1627 2259
2744 653 1469
653 1469 2744
1469 653 2744
2014 377 1943
377 1943 2014
1943 377 2014
1577 1487 1747
1747 1487 1577
1487 1577 1747
1176 1618 1931
1931 1176 1618
1618 1176 1931
1902 1306 1743
1306 1743 1902
1743 1306 1902
2077 517 1460
1460 517 2077
517 1460 2077
894 2033 2150
2033 894 2150
2150 894 2033
2381 1968 2448
1968 2381 2448
2448 1968 2381
1183 534 1950
534 1183 1950
1950 534 1183
2350 1589 2280
2280 1589 2350
1589 2280 2350
1498 2050 2680
2050 1498 2680
2680 1498 2050
23 383 1741
1741 23 383
383 23 1741
2254 1162 2497
1162 2254 2497
2497 1162 2254
1862 631 1141
631 1141 1862
1141 631 1862
2441 912 2073
2073 912 2441
912 2073 2441
1597 2107 2749
2107 1597 2749
2749 1597 2107
1830 1749 2364
1749 1830 2364
2364 1749 1830
956 1699 2137
2137 956 1699
1699 956 2137
216 767 2575
2575 216 767
767 216 2575
38 820 2947
820 38 2947
2947 38 820
100 548 1214
548 100 1214
1214 100 548
94 278 2480
2480 94 278
278 94 2480
2992 1462 2220
1462 2220 2992
2220 1462 2992
889 1432 1628
1628 889 1432
1432 889 1628
567 967 2667
967 567 2667
2667 567 967
1957 802 2285
802 1957 2285
2285 802 1957
492 1636 2411
2411 492 1636
1636 492 2411
1841 737 1409
1409 737 1841
737 1409 1841
2163 1622 2740
2740 1622 2163
1622 2163 2740
341 2469 2556
2469 341 2556
2556 341 2469
1894 646 1446
646 1446 1894
1446 646 1894
1099 748 1529
1529 748 1099
748 1099 1529
365 1615 2138
2138 365 1615
1615 365 2138
8 213 1268
213 8 1268
1268 8 213
2893 788 1647
788 1647 2893
1647 788 2893
480 1875 2146
1875 480 2146
2146 480 1875
1325 138 845
138 845 1325
845 138 1325
562 573 1468
573 562 1468
1468 562 573
2109 933 1738
1738 933 2109
933 1738 2109
672 310 443
443 310 672
310 443 672
2345 2949 2999
2999 2345 2949
2949 2345 2999
1558 2756 2849
2849 1558 2756
2756 1558 2849
923 664 1455
664 923 1455
1455 664 923
2586 404 2784
2784 404 2586
404 2586 2784
2224 1646 1941
1941 1646 2224
1646 1941 2224
1681 83 2830
2830 83 1681
83 1681 2830
1076 1356 2420
1356 1076 2420
2420 1076 1356
1094 930 2719
2719 930 1094
930 1094 2719
328 841 1410
1410 328 841
841 328 1410
1916 1257 2650
1257 1916 2650
2650 1257 1916
2829 378 1416
1416 378 2829
378 1416 2829
87 918 1731
918 87 1731
1731 87 918
1444 370 1528
370 1444 1528
1528 370 1444
2598 224 2770
2770 224 2598
224 2598 2770
1136 2449 2923
2923 1136 2449
2449 1136 2923
2540 557 986
986 557 2540
557 986 2540
2319 107 1938
1938 107 2319
107 1938 2319
2613 997 1690
997 1690 2613
1690 997 2613
394 11 1608
11 394 1608
1608 11 394
1735 2511 2812
2812 1735 2511
2511 1735 2812
1123 461 1657
461 1123 1657
1657 461 1123
2328 1721 1744
1721 1744 2328
1744 1721 2328
1759 162 2335
2335 162 1759
162 1759 2335
790 442 2927
2927 442 790
442 790 2927
1403 476 1188
1188 476 1403
476 1188 1403
2887 1809 2500
2500 1809 2887
1809 2500 2887
2201 1213 2228
2228 1213 2201
1213 2201 2228
2851 1298 1926
1298 1926 2851
1926 1298 2851
2180 2100 2850
2850 2100 2180
2100 2180 2850
849 1387 2806
2806 849 1387
1387 849 2806
1888 1653 2686
2686 1653 1888
1653 1888 2686
1151 272 1005
1005 272 1151
272 1005 1151
2321 1272 2513
1272 2321 2513
2513 1272 2321
152 1989 2943
2943 152 1989
1989 152 2943
592 469 2123
2123 469 592
469 592 2123
1464 1778 1986
1778 1464 1986
1986 1464 1778
1816 862 1928
862 1816 1928
1928 862 1816
2227 2908 2940
2908 2227 2940
2940 2227 2908
1717 829 2790
2790 829 1717
829 1717 2790
2813 149 844
149 844 2813
844 149 2813
2416 1420 2538
2538 1420 2416
1420 2416 2538
273 498 1068
1068 273 498
498 273 1068
1441 497 1017
1017 497 1441
497 1017 1441
2139 959 2226
2226 959 2139
959 2139 2226
625 608 1032
608 625 1032
1032 608 625
128 1955 2016
2016 128 1955
1955 128 2016
2522 1116 2275
2275 1116 2522
1116 2275 2522
2567 1301 1907
1301 1907 2567
1907 1301 2567
1840 407 510
510 407 1840
407 510 1840
2223 856 1761
856 1761 2223
1761 856 2223
90 622 1288
622 90 1288
1288 90 622
1254 761 2961
761 1254 2961
2961 761 1254
612 1545 2004
2004 612 1545
1545 612 2004
2952 837 2207
837 2207 2952
2207 837 2952
1209 1102 2060
1102 1209 2060
2060 1102 1209
332 1225 2040
2040 332 1225
1225 332 2040
274 1812 2973
2973 274 1812
1812 274 2973
1189 1767 2467
2467 1189 1767
1767 1189 2467
2278 288 2386
2386 288 2278
288 2278 2386
465 606 1988
1988 465 606
606 465 1988
177 126 1053
1053 126 177
126 177 1053
2775 427 2183
427 2183 2775
2183 427 2775
246 863 1768
1768 246 863
863 246 1768
2124 1639 2012
2012 1639 2124
1639 2012 2124
2866 247 1335
247 1335 2866
1335 247 2866
1038 502 697
502 697 1038
697 502 1038
1267 826 1689
826 1267 1689
1689 826 1267
1542 1475 2863
2863 1475 1542
1475 1542 2863
1467 347 2882
347 1467 2882
2882 347 1467
2081 477 739
739 477 2081
477 739 2081
1866 6 2869
2869 6 1866
6 1866 2869
1734 298 662
662 298 1734
298 662 1734
1559 1557 2239
1557 1559 2239
2239 1557 1559
308 1503 1649
1649 308 1503
1503 308 1649
2043 163 2835
163 2043 2835
2835 163 2043
1769 1599 1971
1599 1769 1971
1971 1599 1769
338 30 942
30 338 942
942 30 338
435 385 1538
1538 385 435
385 435 1538
45 1940 1974
1974 45 1940
1940 45 1974
2474 2214 2460
2214 2460 2474
2460 2214 2474
1337 1092 1694
1092 1337 1694
1694 1092 1337
131 1056 2414
1056 131 2414
2414 131 1056
580 2167 2305
2305 580 2167
2167 580 2305
2697 175 2008
175 2008 2697
2008 175 2697
1198 2351 2896
2896 1198 2351
2351 1198 2896
501 925 1820
1820 501 925
925 501 1820
2296 147 2408
147 2296 2408
2408 147 2296
1783 582 2570
2570 582 1783
582 1783 2570
2655 931 2867
2867 931 2655
931 2655 2867
2972 614 2238
614 2238 2972
2238 614 2972
1203 906 1471
1471 906 1203
906 1203 1471
660 1425 2299
2299 660 1425
1425 660 2299
2979 1398 2988
1398 2979 2988
2988 1398 2979
618 2412 2435
2435 618 2412
2412 618 2435
432 1293 2907
1293 432 2907
2907 432 1293
2232 988 1641
988 1641 2232
1641 988 2232
914 602 1421
602 914 1421
1421 602 914
1078 549 2202
2202 549 1078
549 1078 2202
883 199 805
805 199 883
199 805 883
388 75 1650
1650 75 388
75 388 1650
2889 364 1758
364 1758 2889
1758 364 2889
2154 621 1372
621 1372 2154
1372 621 2154
2751 89 974
974 89 2751
89 974 2751
2539 118 1857
118 1857 2539
1857 118 2539
2902 2595 2958
2595 2902 2958
2958 2595 2902
1967 186 2817
186 1967 2817
2817 186 1967
1879 955 2272
955 1879 2272
2272 955 1879
1445 505 2425
505 1445 2425
2425 505 1445
1484 120 336
336 120 1484
120 336 1484
1428 688 2645
2645 688 1428
688 1428 2645
2848 798 874
874 798 2848
798 874 2848
3 1035 2074
2074 3 1035
1035 3 2074
2128 1412 2427
1412 2128 2427
2427 1412 2128
121 484 2688
2688 121 484
484 121 2688
1966 125 2651
2651 125 1966
125 1966 2651
263 1075 2560
1075 263 2560
2560 263 1075
1899 2269 2432
2269 1899 2432
2432 1899 2269
512 20 2489
2489 20 512
20 512 2489
2419 898 1922
898 1922 2419
1922 898 2419
1255 1492 2763
2763 1255 1492
1492 1255 2763
603 1547 2025
2025 603 1547
1547 603 2025
1373 208 426
426 208 1373
208 426 1373
2735 1873 2130
2130 1873 2735
1873 2130 2735
2904 253 2593
253 2593 2904
2593 253 2904
2811 1729 2532
2532 1729 2811
1729 2532 2811
259 928 969
928 259 969
969 259 928
1172 155 1776
155 1172 1776
1776 155 1172
624 1363 2479
2479 624 1363
1363 624 2479
2365 1648 1826
1648 1826 2365
1826 1648 2365
884 611 2932
611 884 2932
2932 611 884
1858 478 2112
478 1858 2112
2112 478 1858
319 882 1497
882 319 1497
1497 319 882
405 1505 2326
1505 405 2326
2326 405 1505
600 1375 2058
2058 600 1375
1375 600 2058
2978 998 1780
998 1780 2978
1780 998 2978
252 471 2707
471 252 2707
2707 252 471
529 150 2577
150 529 2577
2577 150 529
2568 1110 1259
1259 1110 2568
1110 1259 2568
2496 2235 2627
2627 2235 2496
2235 2496 2627
899 1031 1854
1031 899 1854
1854 899 1031
1155 361 1526
1526 361 1155
361 1155 1526
951 2200 2891
2891 951 2200
2200 951 2891
2844 601 2001
601 2001 2844
2001 601 2844
2284 1860 2189
2189 1860 2284
1860 2189 2284
2337 853 1370
1370 853 2337
853 1370 2337
2070 2147 2948
2948 2070 2147
2147 2070 2948
1762 64 1118
64 1118 1762
1118 64 1762
617 1964 2825
1964 617 2825
2825 617 1964
2700 1613 2409
2409 1613 2700
1613 2409 2700
1584 1662 2129
1662 1584 2129
2129 1584 1662
2831 171 2816
171 2816 2831
2816 171 2831
2133 1895 2028
2028 1895 2133
1895 2028 2133
52 1319 2508
1319 52 2508
2508 52 1319
2644 76 578
76 578 2644
578 76 2644
2939 1713 1782
1713 1782 2939
1782 1713 2939
819 342 1540
342 819 1540
1540 342 819
1948 22 39
39 22 1948
22 39 1948
669 431 1519
431 669 1519
1519 431 669
1845 349 801
349 801 1845
801 349 1845
2703 1115 2652
1115 2652 2703
2652 1115 2703
2531 232 729
232 729 2531
729 232 2531
678 157 843
157 678 843
843 157 678
2331 441 2104
441 2104 2331
2104 441 2331
2301 579 1784
1784 579 2301
579 1784 2301
2241 638 2660
2660 638 2241
638 2241 2660
1606 935 2666
2666 935 1606
935 1606 2666
878 1942 2709
2709 878 1942
1942 878 2709
325 2341 2569
2569 325 2341
2341 325 2569
2250 197 412
412 197 2250
197 412 2250
865 72 220
220 72 865
72 220 865
699 179 1728
179 699 1728
1728 179 699
29 753 789
753 29 789
789 29 753
270 260 721
260 270 721
721 260 270
1992 240 1120
1120 240 1992
240 1120 1992
2594 13 2490
2490 13 2594
13 2490 2594
1128 25 2597
2597 25 1128
25 1128 2597
129 962 2256
2256 129 962
962 129 2256
1850 1066 2502
2502 1066 1850
1066 1850 2502
141 710 1953
710 141 1953
1953 141 710
824 1865 2865
2865 824 1865
1865 824 2865
481 1924 2246
2246 481 1924
1924 481 2246
1623 31 975
975 31 1623
31 975 1623
1567 212 2730
2730 212 1567
212 1567 2730
1593 785 1367
1367 785 1593
785 1367 1593
2082 449 462
462 449 2082
449 462 2082
1178 36 881
36 881 1178
881 36 1178
158 1124 2750
1124 158 2750
2750 158 1124
41 440 1052
1052 41 440
440 41 1052
2161 2919 2995
2919 2161 2995
2995 2161 2919
2607 1279 2413
1279 2413 2607
2413 1279 2607
1504 780 1281
1281 780 1504
780 1281 1504
1205 1262 1340
1340 1205 1262
1262 1205 1340
314 659 1582
1582 314 659
659 314 1582
609 1127 2234
1127 609 2234
2234 609 1127
2333 554 847
554 847 2333
847 554 2333
2471 726 1633
726 1633 2471
1633 726 2471
2357 21 742
742 21 2357
21 742 2357
522 399 984
984 399 522
399 522 984
2046 1771 2171
1771 2046 2171
2171 1771 2046
2281 757 1191
757 1191 2281
1191 757 2281
452 1264 2705
2705 452 1264
1264 452 2705
1012 1097 1296
1097 1012 1296
1296 1012 1097
2637 1969 2013
2013 1969 2637
1969 2013 2637
2205 1874 2946
2946 1874 2205
1874 2205 2946
490 1041 1509
1041 490 1509
1509 490 1041
192 1631 2821
1631 192 2821
2821 192 1631
903 97 2957
97 903 2957
2957 97 903
901 1169 1215
1169 901 1215
1215 901 1169
1472 1977 2300
1977 1472 2300
2300 1472 1977
43 1006 2742
2742 43 1006
1006 43 2742
1289 904 2038
904 1289 2038
2038 904 1289
1604 2298 2916
2916 1604 2298
2298 1604 2916
2820 1659 1818
1659 1818 2820
1818 1659 2820
468 1752 2970
2970 468 1752
1752 468 2970
295 1083 2339
1083 295 2339
2339 295 1083
1861 773 2190
2190 773 1861
773 1861 2190
2332 946 2533
2533 946 2332
946 2332 2533
1982 1070 2741
1070 1982 2741
2741 1070 1982
1831 1065 2098
1065 1831 2098
2098 1065 1831
1187 835 1171
835 1171 1187
1171 835 1187
2231 943 2453
2453 943 2231
943 2231 2453
467 243 1637
243 467 1637
1637 243 467
1108 1343 1810
1343 1108 1810
1810 1108 1343
453 905 2083
2083 453 905
905 453 2083
1892 1704 2011
2011 1704 1892
1704 1892 2011
866 1930 2292
1930 866 2292
2292 866 1930
851 627 2875
627 851 2875
2875 627 851
2023 286 1142
1142 286 2023
286 1142 2023
2349 985 1079
985 1079 2349
1079 985 2349
1514 1512 1878
1878 1512 1514
1512 1514 1878
98 2954 2966
2954 98 2966
2966 98 2954
1635 963 1569
963 1569 1635
1569 963 1635
2886 1811 2322
2322 1811 2886
1811 2322 2886
1129 702 2092
702 1129 2092
2092 702 1129
2369 980 2622
2622 980 2369
980 2369 2622
1993 782 2175
782 1993 2175
2175 782 1993
1219 952 2547
2547 952 1219
952 1219 2547
389 1507 2507
1507 389 2507
2507 389 1507
2727 1842 1877
1842 1877 2727
1877 1842 2727
26 1973 2787
1973 26 2787
2787 26 1973
637 2264 2858
2264 637 2858
2858 637 2264
2455 1791 2758
2758 1791 2455
1791 2455 2758
1341 1544 2197
2197 1341 1544
1544 1341 2197
1591 1143 2642
1143 1591 2642
2642 1143 1591
2267 640 2079
640 2079 2267
2079 640 2267
1360 354 1834
1834 354 1360
354 1360 1834
375 303 318
318 303 375
303 318 375
1243 1244 1736
1736 1243 1244
1244 1243 1736
84 965 2396
965 84 2396
2396 84 965
1673 1987 2024
2024 1673 1987
1987 1673 2024
488 1408 2977
1408 488 2977
2977 488 1408
2407 293 1605
1605 293 2407
293 1605 2407
2987 363 892
363 892 2987
892 363 2987
825 1156 1506
1156 825 1506
1506 825 1156
34 527 2612
527 34 2612
2612 34 527
661 1165 2535
1165 661 2535
2535 661 1165
1614 55 1925
55 1614 1925
1925 55 1614
1139 1290 2015
2015 1139 1290
1290 1139 2015
888 552 2099
2099 552 888
552 888 2099
1843 2387 2909
2387 1843 2909
2909 1843 2387
877 743 1001
743 877 1001
1001 743 877
1913 309 2255
2255 309 1913
309 1913 2255
1905 1568 2426
2426 1568 1905
1568 1905 2426
2127 2681 2774
2774 2127 2681
2681 2127 2774
2429 102 398
398 102 2429
102 398 2429
1252 685 1119
1119 685 1252
685 1119 1252
2217 716 794
716 794 2217
794 716 2217
707 607 2405
2405 607 707
607 707 2405
1331 429 2095
429 1331 2095
2095 429 1331
242 911 2715
911 242 2715
2715 242 911
109 1585 2903
1585 109 2903
2903 109 1585
775 244 1552
1552 244 775
244 775 1552
927 1140 1175
1175 927 1140
1140 927 1175
1501 1137 1402
1402 1137 1501
1137 1402 1501
2761 1046 2102
1046 2102 2761
2102 1046 2761
2143 351 696
351 696 2143
696 351 2143
2982 1000 2057
2057 1000 2982
1000 2057 2982
130 870 2855
870 130 2855
2855 130 870
1804 279 2062
279 1804 2062
2062 279 1804
2029 585 2505
585 2029 2505
2505 585 2029
1825 1726 2892
2892 1726 1825
1726 1825 2892
555 250 1479
1479 250 555
250 555 1479
1675 137 2103
2103 137 1675
137 1675 2103
2694 256 722
256 722 2694
722 256 2694
2701 255 2066
255 2066 2701
2066 255 2701
2354 91 360
91 360 2354
360 91 2354
2587 1362 1827
1827 1362 2587
1362 1827 2587
1610 2120 2125
2125 1610 2120
2120 1610 2125
2348 258 1516
258 1516 2348
1516 258 2348
2543 1231 1345
1231 1345 2543
1345 1231 2543
2495 514 1391
1391 514 2495
514 1391 2495
188 362 1424
1424 188 362
362 188 1424
2623 1381 1745
1381 1745 2623
1745 1381 2623
709 267 1956
1956 267 709
267 709 1956
153 275 2658
2658 153 275
275 153 2658
632 1300 2406
1300 632 2406
2406 632 1300
1480 1245 2464
1245 1480 2464
2464 1245 1480
1404 1535 2959
1535 1404 2959
2959 1404 1535
730 207 2611
2611 207 730
207 730 2611
938 496 1900
1900 496 938
496 938 1900
765 586 657
657 586 765
586 657 765
1174 839 2828
2828 839 1174
839 1174 2828
1687 2141 2635
2141 1687 2635
2635 1687 2141
1819 416 1278
416 1278 1819
1278 416 1819
2473 1365 2334
2334 1365 2473
1365 2334 2473
65 2621 2766
2766 65 2621
2621 65 2766
1697 1483 2047
1483 1697 2047
2047 1483 1697
327 2031 2363
2031 327 2363
2363 327 2031
626 650 2245
650 626 2245
2245 626 650
261 2088 2182
2088 261 2182
2182 261 2088
304 1135 2971
1135 304 2971
2971 304 1135
3000 1 96
96 1 3000
1 96 3000
1701 459 2053
2053 459 1701
459 1701 2053
2519 799 2494
799 2494 2519
2494 799 2519
2782 68 2069
68 2069 2782
2069 68 2782
2673 563 2195
563 2195 2673
2195 563 2673
50 415 2537
415 50 2537
2537 50 415
1463 1549 2534
1549 1463 2534
2534 1463 1549
1576 1419 1912
1419 1576 1912
1912 1419 1576
871 215 1994
1994 215 871
215 871 1994
1085 166 2872
2872 166 1085
166 1085 2872
1691 1395 2032
2032 1395 1691
1395 1691 2032
941 1718 2410
1718 941 2410
2410 941 1718
1962 1847 2462
2462 1847 1962
1847 1962 2462
1496 1500 2064
2064 1496 1500
1500 1496 2064
538 51 970
970 51 538
51 538 970
2094 343 1190
1190 343 2094
