28065 6114 15369
6114 15369 28065
15369 6114 28065
11137 2929 3836
2929 3836 11137
3836 2929 11137
13331 3719 5950
3719 5950 13331
5950 3719 13331
1426 5737 6407
6407 1426 5737
5737 1426 6407
29347 1429 9312
9312 1429 29347
1429 9312 29347
28328 9566 18640
18640 9566 28328
9566 18640 28328
13163 2286 18902
18902 2286 13163
2286 13163 18902
17097 23421 23949
23421 17097 23949
23949 17097 23421
11572 2553 17740
2553 11572 17740
17740 2553 11572
15171 13988 22679
22679 13988 15171
13988 15171 22679
26099 1232 11201
1232 11201 26099
11201 1232 26099
23307 11155 22744
11155 22744 23307
22744 11155 23307
25008 1307 4955
1307 4955 25008
4955 1307 25008
484 7788 12589
7788 484 12589
12589 484 7788
10231 25988 29243
25988 10231 29243
29243 10231 25988
14176 11557 19801
19801 11557 14176
11557 14176 19801
5977 7576 15261
15261 5977 7576
7576 5977 15261
19361 4797 5791
4797 5791 19361
5791 4797 19361
29264 13440 26429
13440 26429 29264
26429 13440 29264
2312 8778 23741
23741 2312 8778
8778 2312 23741
27771 3628 29052
3628 27771 29052
29052 3628 27771
21101 6189 15690
15690 6189 21101
6189 15690 21101
13930 9083 10674
10674 9083 13930
9083 10674 13930
14061 18224 19712
18224 14061 19712
19712 14061 18224
12448 13301 21171
21171 12448 13301
13301 12448 21171
1832 92 28498
92 1832 28498
28498 92 1832
11343 931 7376
7376 931 11343
931 7376 11343
25330 5048 7123
7123 5048 25330
5048 7123 25330
16126 10977 16580
16580 10977 16126
10977 16126 16580
15200 3987 8541
8541 3987 15200
3987 8541 15200
12460 384 1656
384 1656 12460
1656 384 12460
4555 3319 10362
3319 4555 10362
10362 3319 4555
9473 8085 8920
8920 8085 9473
8085 8920 9473
24383 329 7929
329 7929 24383
7929 329 24383
12023 6915 27830
27830 6915 12023
6915 12023 27830
25692 6191 9364
6191 9364 25692
9364 6191 25692
28523 18375 24701
18375 24701 28523
24701 18375 28523
2195 18730 25443
18730 2195 25443
25443 2195 18730
6197 18247 20534
18247 6197 20534
20534 6197 18247
25492 6950 10944
10944 6950 25492
6950 10944 25492
4242 21312 28869
21312 4242 28869
28869 4242 21312
298 18847 24781
18847 298 24781
24781 298 18847
14493 19606 29658
29658 14493 19606
19606 14493 29658
23558 1394 27612
1394 23558 27612
27612 1394 23558
29081 8502 16985
8502 16985 29081
16985 8502 29081
4451 7227 17763
7227 4451 17763
17763 4451 7227
18999 13256 16429
16429 13256 18999
13256 16429 18999
5370 4198 4865
4865 4198 5370
4198 4865 5370
15339 5645 20184
20184 5645 15339
5645 15339 20184
18427 7704 14998
14998 7704 18427
7704 14998 18427
25117 7502 25595
25595 7502 25117
7502 25117 25595
2595 11195 13393
13393 2595 11195
11195 2595 13393
16824 4199 17249
17249 4199 16824
4199 16824 17249
9874 3240 29693
29693 3240 9874
3240 9874 29693
14288 22172 25303
25303 14288 22172
22172 14288 25303
14806 3958 25709
25709 3958 14806
3958 14806 25709
6788 18452 23925
23925 6788 18452
18452 6788 23925
29143 8268 17208
17208 8268 29143
8268 17208 29143
8912 18166 22428
18166 8912 22428
22428 8912 18166
2570 2378 5088
5088 2378 2570
2378 2570 5088
16281 21299 24909
24909 16281 21299
21299 16281 24909
20699 13877 15393
13877 15393 20699
15393 13877 20699
4109 261 6325
6325 261 4109
261 4109 6325
1786 1482 29049
1482 1786 29049
29049 1482 1786
18529 17829 22784
17829 18529 22784
22784 17829 18529
28057 7261 15891
7261 15891 28057
15891 7261 28057
159 9287 27351
9287 159 27351
27351 159 9287
5305 7340 27076
27076 5305 7340
7340 5305 27076
11553 17893 23322
23322 11553 17893
17893 11553 23322
19424 7837 17475
17475 7837 19424
7837 17475 19424
26186 8820 25830
8820 25830 26186
25830 8820 26186
16811 15458 16748
16748 15458 16811
15458 16748 16811
28060 3733 7761
3733 7761 28060
7761 3733 28060
27307 10314 21046
10314 21046 27307
21046 10314 27307
24825 19730 28862
19730 24825 28862
28862 19730 24825
26248 4188 10909
10909 4188 26248
4188 10909 26248
14009 16331 29902
29902 14009 16331
16331 14009 29902
25218 4805 5607
4805 5607 25218
5607 4805 25218
11695 25099 28566
28566 11695 25099
25099 11695 28566
9204 18875 28613
28613 9204 18875
18875 9204 28613
794 6548 10310
6548 794 10310
10310 794 6548
1328 1449 14924
1449 1328 14924
14924 1328 1449
29758 21321 23059
21321 23059 29758
23059 21321 29758
27058 20498 25688
25688 20498 27058
20498 25688 27058
8789 6490 26056
6490 8789 26056
26056 6490 8789
11070 11290 16969
16969 11070 11290
11290 11070 16969
19500 1074 17180
1074 17180 19500
17180 1074 19500
26571 3578 16193
3578 16193 26571
16193 3578 26571
17383 598 4640
598 4640 17383
4640 598 17383
18583 774 2754
2754 774 18583
774 2754 18583
1842 1747 27173
1747 1842 27173
27173 1747 1842
18354 3804 15156
3804 15156 18354
15156 3804 18354
16893 493 24428
24428 493 16893
493 16893 24428
16909 5363 29842
5363 16909 29842
29842 5363 16909
21737 19568 25925
25925 19568 21737
19568 21737 25925
19216 2340 15389
2340 15389 19216
15389 2340 19216
20222 8316 18443
8316 18443 20222
18443 8316 20222
11697 13354 28394
13354 11697 28394
28394 11697 13354
13756 9231 17576
9231 13756 17576
17576 9231 13756
25619 3501 22393
22393 3501 25619
3501 22393 25619
15769 6866 29037
6866 15769 29037
29037 6866 15769
17630 3542 20765
20765 3542 17630
3542 17630 20765
22568 3471 10792
3471 10792 22568
10792 3471 22568
17202 5488 20487
20487 5488 17202
5488 17202 20487
12767 20197 25249
20197 12767 25249
25249 12767 20197
29681 1799 19272
1799 19272 29681
19272 1799 29681
16109 12496 25096
25096 12496 16109
12496 16109 25096
17455 4768 28707
28707 4768 17455
4768 17455 28707
18667 11534 22471
22471 11534 18667
11534 18667 22471
24985 17790 26653
26653 17790 24985
17790 24985 26653
29864 4049 28772
4049 28772 29864
28772 4049 29864
27441 24625 28151
24625 27441 28151
28151 24625 27441
10444 2360 20574
20574 2360 10444
2360 10444 20574
25293 12131 25795
25795 12131 25293
12131 25293 25795
14156 7867 14381
7867 14156 14381
14381 7867 14156
2436 31 1796
31 1796 2436
1796 31 2436
26407 6212 28055
6212 26407 28055
28055 6212 26407
23342 3195 3394
3195 3394 23342
3394 3195 23342
18182 8817 17807
8817 17807 18182
17807 8817 18182
26537 7372 28018
28018 7372 26537
7372 26537 28018
283 22582 25449
25449 283 22582
22582 283 25449
9339 10713 16642
16642 9339 10713
10713 9339 16642
4404 18871 20813
20813 4404 18871
18871 4404 20813
23707 9557 26512
9557 23707 26512
26512 9557 23707
14108 5832 8525
8525 5832 14108
5832 8525 14108
28164 14499 26351
14499 26351 28164
26351 14499 28164
12829 5779 5958
5958 5779 12829
5779 5958 12829
7197 17229 27903
17229 7197 27903
27903 7197 17229
6723 15090 23648
15090 6723 23648
23648 6723 15090
11710 16218 17823
16218 11710 17823
17823 11710 16218
15007 14927 18053
18053 14927 15007
14927 15007 18053
3926 4203 15054
4203 3926 15054
15054 3926 4203
5673 1330 2872
1330 2872 5673
2872 1330 5673
15350 5769 7579
7579 5769 15350
5769 7579 15350
11727 4095 10654
4095 10654 11727
10654 4095 11727
13459 10410 11952
11952 10410 13459
10410 11952 13459
1158 15355 27873
27873 1158 15355
15355 1158 27873
23276 10868 13488
10868 13488 23276
13488 10868 23276
13203 2794 10369
10369 2794 13203
2794 10369 13203
6078 8992 24771
8992 6078 24771
24771 6078 8992
4017 13586 13788
13788 4017 13586
13586 4017 13788
21869 18572 26569
18572 21869 26569
26569 18572 21869
1987 2323 22178
2323 1987 22178
22178 1987 2323
19999 10857 21795
10857 19999 21795
21795 10857 19999
4601 2568 17227
17227 2568 4601
2568 4601 17227
11619 536 5700
5700 536 11619
536 5700 11619
13814 7355 27690
7355 13814 27690
27690 7355 13814
10315 302 24010
302 10315 24010
24010 302 10315
8534 3718 16760
3718 8534 16760
16760 3718 8534
9079 1228 29968
1228 9079 29968
29968 1228 9079
15600 10016 26137
26137 10016 15600
10016 15600 26137
19929 1954 5705
1954 5705 19929
5705 1954 19929
10595 18229 23647
18229 10595 23647
23647 10595 18229
1717 102 13643
102 1717 13643
13643 102 1717
21868 10356 28892
10356 21868 28892
28892 10356 21868
6391 3318 28672
28672 3318 6391
3318 6391 28672
18884 22576 22804
22576 18884 22804
22804 18884 22576
19336 5946 16213
16213 5946 19336
5946 16213 19336
2642 6403 17842
17842 2642 6403
6403 2642 17842
10883 13715 19966
13715 10883 19966
19966 10883 13715
22520 18514 20694
20694 18514 22520
18514 20694 22520
1582 17144 19125
17144 1582 19125
19125 1582 17144
22627 8023 16145
8023 16145 22627
16145 8023 22627
20605 24301 29002
29002 20605 24301
24301 20605 29002
4727 996 28517
28517 996 4727
996 4727 28517
24043 413 28266
28266 413 24043
413 24043 28266
18526 1958 27539
1958 18526 27539
27539 1958 18526
11024 16480 18302
18302 11024 16480
16480 11024 18302
28260 3088 3169
3169 3088 28260
3088 3169 28260
7685 13649 15993
13649 7685 15993
15993 7685 13649
17653 12729 17948
12729 17653 17948
17948 12729 17653
20208 3624 18696
18696 3624 20208
3624 18696 20208
24586 3231 20619
3231 20619 24586
20619 3231 24586
12426 16785 25043
16785 12426 25043
25043 12426 16785
1621 12253 12518
12253 1621 12518
12518 1621 12253
23749 18648 21286
18648 21286 23749
21286 18648 23749
7179 18499 25251
18499 7179 25251
25251 7179 18499
16333 5840 14964
5840 14964 16333
14964 5840 16333
5646 22263 24608
22263 5646 24608
24608 5646 22263
10515 23193 24483
24483 10515 23193
23193 10515 24483
15656 16540 20723
20723 15656 16540
16540 15656 20723
15735 7661 11191
7661 11191 15735
11191 7661 15735
24662 8677 11405
8677 11405 24662
11405 8677 24662
12617 3126 22945
3126 12617 22945
22945 3126 12617
13983 17539 20693
17539 13983 20693
20693 13983 17539
19399 570 19252
19252 570 19399
570 19252 19399
11899 17606 23176
23176 11899 17606
17606 11899 23176
23810 11785 27097
11785 23810 27097
27097 11785 23810
2332 1411 9054
9054 1411 2332
1411 2332 9054
28217 13368 19876
13368 19876 28217
19876 13368 28217
20849 20673 27472
27472 20673 20849
20673 20849 27472
6167 11263 17545
11263 6167 17545
17545 6167 11263
13094 3449 18028
3449 13094 18028
18028 3449 13094
3867 5793 25109
5793 3867 25109
25109 3867 5793
7463 1696 27034
1696 7463 27034
27034 1696 7463
16033 28191 28774
28191 16033 28774
28774 16033 28191
25544 3215 13695
13695 3215 25544
3215 13695 25544
14693 24454 25809
25809 14693 24454
24454 14693 25809
9844 23341 23799
23799 9844 23341
23341 9844 23799
25662 1132 10254
1132 10254 25662
10254 1132 25662
13039 7603 19642
7603 13039 19642
19642 7603 13039
27968 8386 19980
19980 8386 27968
8386 19980 27968
816 1556 21888
21888 816 1556
1556 816 21888
11829 22402 28878
28878 11829 22402
22402 11829 28878
21419 12330 24645
24645 12330 21419
12330 21419 24645
9690 4442 21177
21177 4442 9690
4442 9690 21177
15935 10015 12122
12122 10015 15935
10015 12122 15935
18750 4858 28203
4858 18750 28203
28203 4858 18750
27471 2272 12025
2272 12025 27471
12025 2272 27471
29010 3309 14636
3309 14636 29010
14636 3309 29010
6532 21977 29793
21977 6532 29793
29793 6532 21977
16280 5644 25747
25747 5644 16280
5644 16280 25747
19067 2101 2160
2160 2101 19067
2101 2160 19067
24312 736 12433
736 12433 24312
12433 736 24312
26456 9695 23496
9695 23496 26456
23496 9695 26456
14710 14758 21842
14758 14710 21842
21842 14710 14758
622 14214 27150
14214 622 27150
27150 622 14214
5202 10545 16714
16714 5202 10545
10545 5202 16714
13186 7862 17339
7862 13186 17339
17339 7862 13186
24863 22889 28224
28224 22889 24863
22889 24863 28224
1614 23812 25484
23812 1614 25484
25484 1614 23812
29428 12087 15750
12087 15750 29428
15750 12087 29428
12508 10937 25967
10937 12508 25967
25967 10937 12508
11616 14455 15302
15302 11616 14455
14455 11616 15302
23718 4875 10082
4875 10082 23718
10082 4875 23718
25288 2264 18311
18311 2264 25288
2264 18311 25288
5036 13558 27057
27057 5036 13558
13558 5036 27057
17591 13080 29415
29415 13080 17591
13080 17591 29415
15238 1324 21374
21374 1324 15238
1324 15238 21374
3222 8011 9873
9873 3222 8011
8011 3222 9873
11581 7319 29440
29440 7319 11581
7319 11581 29440
8699 1830 11692
11692 1830 8699
1830 8699 11692
19729 15306 26254
26254 15306 19729
15306 19729 26254
29939 18675 19157
19157 18675 29939
18675 19157 29939
18803 110 22012
110 18803 22012
22012 110 18803
12364 5539 26027
5539 12364 26027
26027 5539 12364
16858 9362 20345
9362 16858 20345
20345 9362 16858
27401 27074 28914
28914 27074 27401
27074 27401 28914
1081 21086 21222
21222 1081 21086
21086 1081 21222
25364 2417 13269
2417 13269 25364
13269 2417 25364
7367 24381 29664
29664 7367 24381
24381 7367 29664
23483 6774 22233
22233 6774 23483
6774 22233 23483
5815 10767 16371
10767 5815 16371
16371 5815 10767
11158 11686 18255
18255 11158 11686
11686 11158 18255
4969 1008 16959
1008 4969 16959
16959 1008 4969
6018 7333 19479
7333 6018 19479
19479 6018 7333
9711 496 14470
496 9711 14470
14470 496 9711
13735 1361 22563
22563 1361 13735
1361 13735 22563
10281 19592 22047
19592 10281 22047
22047 10281 19592
2933 12069 22144
12069 2933 22144
22144 2933 12069
9758 10742 12162
12162 9758 10742
10742 9758 12162
3919 6460 18565
18565 3919 6460
6460 3919 18565
21549 18384 28824
28824 18384 21549
18384 21549 28824
20161 1447 13100
13100 1447 20161
1447 13100 20161
22984 12208 14930
14930 12208 22984
12208 14930 22984
22952 11844 13939
11844 13939 22952
13939 11844 22952
29088 4101 9619
4101 9619 29088
9619 4101 29088
15578 1662 4737
1662 4737 15578
4737 1662 15578
7145 12487 19133
19133 7145 12487
12487 7145 19133
2655 4778 8477
4778 2655 8477
8477 2655 4778
25878 12737 21932
21932 12737 25878
12737 21932 25878
21989 2910 8866
8866 2910 21989
2910 8866 21989
26698 845 11001
845 11001 26698
11001 845 26698
16013 9992 15036
9992 15036 16013
15036 9992 16013
236 4040 25134
25134 236 4040
4040 236 25134
149 3609 27482
3609 149 27482
27482 149 3609
29993 1752 2625
2625 1752 29993
1752 2625 29993
2222 376 6667
376 2222 6667
6667 376 2222
25938 3774 6383
3774 6383 25938
6383 3774 25938
12076 15154 26609
15154 12076 26609
26609 12076 15154
9530 2461 20405
20405 2461 9530
2461 9530 20405
29822 1335 16563
16563 1335 29822
1335 16563 29822
10636 6382 8030
8030 6382 10636
6382 8030 10636
438 9689 22960
9689 438 22960
22960 438 9689
18506 7361 17364
17364 7361 18506
7361 17364 18506
28088 7505 28522
28522 7505 28088
7505 28088 28522
584 561 27014
27014 561 584
561 584 27014
26591 7877 12942
12942 7877 26591
7877 12942 26591
24744 1117 17423
17423 1117 24744
1117 17423 24744
24703 5450 6728
5450 6728 24703
6728 5450 24703
18703 20311 23345
23345 18703 20311
20311 18703 23345
26469 23745 26217
26217 23745 26469
23745 26217 26469
10816 1669 22906
1669 10816 22906
22906 1669 10816
18066 1488 17736
17736 1488 18066
1488 17736 18066
13245 4872 11918
4872 11918 13245
11918 4872 13245
7203 17836 26236
26236 7203 17836
17836 7203 26236
7882 13275 21190
13275 7882 21190
21190 7882 13275
10542 6386 12694
12694 6386 10542
6386 10542 12694
17022 3800 24539
3800 17022 24539
24539 3800 17022
7921 20119 28822
20119 7921 28822
28822 7921 20119
8937 16108 20458
20458 8937 16108
16108 8937 20458
1406 19010 29148
19010 1406 29148
29148 1406 19010
1854 2123 18236
2123 1854 18236
18236 1854 2123
3811 3866 17594
17594 3811 3866
3866 3811 17594
20473 12174 25340
12174 20473 25340
25340 12174 20473
17894 20951 23599
23599 17894 20951
20951 17894 23599
26170 15473 23326
15473 23326 26170
23326 15473 26170
19467 14448 25375
14448 19467 25375
25375 14448 19467
4551 3477 14376
14376 3477 4551
3477 4551 14376
5565 10565 12109
10565 5565 12109
12109 5565 10565
10925 2506 17962
2506 10925 17962
17962 2506 10925
10098 3967 14638
3967 10098 14638
14638 3967 10098
25507 13791 16368
13791 16368 25507
16368 13791 25507
23678 6592 21313
6592 21313 23678
21313 6592 23678
27125 10998 14807
14807 10998 27125
10998 14807 27125
5140 889 12545
889 5140 12545
12545 889 5140
23126 13949 18075
13949 18075 23126
18075 13949 23126
16814 8594 28281
8594 16814 28281
28281 8594 16814
27047 2530 24838
24838 2530 27047
2530 24838 27047
18213 15354 24473
24473 15354 18213
15354 18213 24473
4114 1761 19499
19499 1761 4114
1761 4114 19499
7051 18393 25917
25917 7051 18393
18393 7051 25917
19833 25986 26295
26295 19833 25986
25986 19833 26295
18637 11536 25291
25291 11536 18637
11536 18637 25291
6447 7095 8814
8814 6447 7095
7095 6447 8814
10227 989 16165
16165 989 10227
989 10227 16165
13422 12532 22502
22502 12532 13422
12532 13422 22502
27081 16283 29457
16283 27081 29457
29457 16283 27081
24686 18164 28048
28048 18164 24686
18164 24686 28048
3805 6814 22371
22371 3805 6814
6814 3805 22371
11970 21792 26695
21792 11970 26695
26695 11970 21792
8970 8855 9038
8855 8970 9038
9038 8855 8970
18482 23422 28028
23422 18482 28028
28028 18482 23422
22511 1496 7946
1496 7946 22511
7946 1496 22511
79 5223 22318
5223 79 22318
22318 79 5223
1647 16573 22723
22723 1647 16573
16573 1647 22723
4155 15703 28344
28344 4155 15703
15703 4155 28344
10994 702 28397
702 10994 28397
28397 702 10994
23926 9816 22155
22155 9816 23926
9816 22155 23926
29168 3668 23302
23302 3668 29168
3668 23302 29168
499 17616 27359
27359 499 17616
17616 499 27359
10578 12813 21991
12813 10578 21991
21991 10578 12813
21858 969 5469
5469 969 21858
969 5469 21858
10329 11258 19156
11258 10329 19156
19156 10329 11258
4092 15328 19738
15328 4092 19738
19738 4092 15328
17958 8689 12823
8689 12823 17958
12823 8689 17958
11688 2990 15368
15368 2990 11688
2990 11688 15368
2752 21115 24815
21115 2752 24815
24815 2752 21115
15933 114 17222
17222 114 15933
114 15933 17222
15270 18653 28268
28268 15270 18653
18653 15270 28268
17446 2314 27104
2314 17446 27104
27104 2314 17446
21726 7793 19923
19923 7793 21726
7793 19923 21726
9793 5784 23878
5784 9793 23878
23878 5784 9793
26355 20610 29196
29196 20610 26355
20610 26355 29196
21879 2169 14966
14966 2169 21879
2169 14966 21879
21124 12050 14769
14769 12050 21124
12050 14769 21124
16578 18061 24714
24714 16578 18061
18061 16578 24714
16585 17688 28427
17688 16585 28427
28427 16585 17688
20493 7231 11244
11244 7231 20493
7231 11244 20493
11930 11561 26862
26862 11561 11930
11561 11930 26862
17708 9644 16130
16130 9644 17708
9644 16130 17708
21372 14391 20880
14391 20880 21372
20880 14391 21372
4079 10488 25186
25186 4079 10488
10488 4079 25186
6040 6025 18922
18922 6025 6040
6025 6040 18922
22429 12524 19879
19879 12524 22429
12524 19879 22429
3599 1702 25710
1702 3599 25710
25710 1702 3599
1469 19429 29136
19429 1469 29136
29136 1469 19429
18975 7041 14155
7041 14155 18975
14155 7041 18975
19258 2711 29826
29826 2711 19258
2711 19258 29826
15946 11831 29858
11831 15946 29858
29858 11831 15946
4991 12008 15841
12008 4991 15841
15841 4991 12008
18799 14267 27060
14267 18799 27060
27060 14267 18799
13446 6294 22698
6294 13446 22698
22698 6294 13446
1454 19981 25051
25051 1454 19981
19981 1454 25051
23289 18860 26777
18860 23289 26777
26777 18860 23289
14202 14300 18631
14300 14202 18631
18631 14202 14300
2485 23703 27135
27135 2485 23703
23703 2485 27135
11378 16273 28909
28909 11378 16273
16273 11378 28909
9161 7124 9973
9973 7124 9161
7124 9161 9973
7272 28606 29697
28606 7272 29697
29697 7272 28606
22782 7570 26782
7570 22782 26782
26782 7570 22782
12170 9051 16976
16976 9051 12170
9051 12170 16976
21468 19382 24938
24938 19382 21468
19382 21468 24938
9776 9573 14774
14774 9573 9776
9573 9776 14774
29742 8793 9833
8793 9833 29742
9833 8793 29742
1277 11057 15721
15721 1277 11057
11057 1277 15721
15799 2819 29815
29815 2819 15799
2819 15799 29815
9264 16177 29893
16177 9264 29893
29893 9264 16177
21204 19175 19282
19175 19282 21204
19282 19175 21204
6607 7536 23410
23410 6607 7536
7536 6607 23410
24057 16507 27791
27791 16507 24057
16507 24057 27791
5227 24342 29676
29676 5227 24342
24342 5227 29676
13581 12875 28262
12875 13581 28262
28262 12875 13581
12242 7192 9545
7192 9545 12242
9545 7192 12242
2576 7010 11747
11747 2576 7010
7010 2576 11747
19048 649 22307
22307 649 19048
649 19048 22307
6222 5525 28785
5525 6222 28785
28785 5525 6222
3405 12593 19008
19008 3405 12593
12593 3405 19008
6446 16252 23093
16252 6446 23093
23093 6446 16252
2522 10211 22159
10211 2522 22159
22159 2522 10211
28687 11009 15386
11009 15386 28687
15386 11009 28687
18082 7413 16856
16856 7413 18082
7413 16856 18082
9438 8027 27554
27554 8027 9438
8027 9438 27554
21080 10996 22000
10996 21080 22000
22000 10996 21080
5879 7783 8305
8305 5879 7783
7783 5879 8305
25850 4278 12873
12873 4278 25850
4278 12873 25850
26289 21940 25426
25426 21940 26289
21940 25426 26289
17434 4211 14068
4211 14068 17434
14068 4211 17434
2319 5945 27127
5945 2319 27127
27127 2319 5945
1405 1700 14757
1700 1405 14757
14757 1405 1700
109 14324 29629
29629 109 14324
14324 109 29629
17783 23174 24886
23174 17783 24886
24886 17783 23174
17235 17317 27992
27992 17235 17317
17317 17235 27992
2445 20158 22700
22700 2445 20158
20158 2445 22700
4087 15786 19959
19959 4087 15786
15786 4087 19959
2947 15596 19122
15596 2947 19122
19122 2947 15596
5205 6445 28600
28600 5205 6445
6445 5205 28600
11448 15870 24629
24629 11448 15870
15870 11448 24629
15071 17396 18123
18123 15071 17396
17396 15071 18123
13370 19217 20999
20999 13370 19217
19217 13370 20999
25064 11631 13337
11631 13337 25064
13337 11631 25064
14760 8322 28011
28011 8322 14760
8322 14760 28011
2027 12315 21681
21681 2027 12315
12315 2027 21681
5000 1199 10978
1199 5000 10978
10978 1199 5000
10603 8320 20554
20554 8320 10603
8320 10603 20554
29555 5221 13299
5221 13299 29555
13299 5221 29555
9678 7662 9210
7662 9210 9678
9210 7662 9678
4687 865 1273
865 1273 4687
1273 865 4687
5047 12940 21363
21363 5047 12940
12940 5047 21363
1367 8668 11200
11200 1367 8668
8668 1367 11200
14334 15950 20019
20019 14334 15950
15950 14334 20019
7320 8697 24564
8697 7320 24564
24564 7320 8697
3901 2543 8205
2543 3901 8205
8205 2543 3901
3587 3863 20400
20400 3587 3863
3863 3587 20400
17172 8163 29286
29286 8163 17172
8163 17172 29286
10352 12535 29206
12535 10352 29206
29206 10352 12535
7007 5163 14461
14461 5163 7007
5163 7007 14461
27090 16813 17312
17312 16813 27090
16813 17312 27090
18466 17643 25933
17643 18466 25933
25933 17643 18466
15017 14240 19038
19038 14240 15017
14240 15017 19038
10436 5136 9470
9470 5136 10436
5136 9470 10436
24153 12339 24593
24593 12339 24153
12339 24153 24593
23125 4334 23187
23187 4334 23125
4334 23125 23187
19164 16255 23430
16255 19164 23430
23430 16255 19164
27043 1891 18554
1891 18554 27043
18554 1891 27043
5979 14570 26624
14570 5979 26624
26624 5979 14570
3516 15647 23209
23209 3516 15647
15647 3516 23209
21982 20256 24893
24893 20256 21982
20256 21982 24893
22773 17278 26687
26687 17278 22773
17278 22773 26687
17258 13267 23724
13267 17258 23724
23724 13267 17258
14729 699 7312
699 7312 14729
7312 699 14729
4505 4197 21667
4197 4505 21667
21667 4197 4505
8946 25705 27228
25705 8946 27228
27228 8946 25705
651 16250 22097
22097 651 16250
16250 651 22097
23091 18940 29913
29913 18940 23091
18940 23091 29913
24489 17290 27947
27947 17290 24489
17290 24489 27947
24163 4648 15914
15914 4648 24163
4648 15914 24163
21076 15712 22135
22135 15712 21076
15712 21076 22135
19794 8975 23453
23453 8975 19794
8975 19794 23453
23156 5763 25132
25132 5763 23156
5763 23156 25132
28614 16830 16955
16955 16830 28614
16830 16955 28614
7423 6257 7947
6257 7423 7947
7947 6257 7423
3411 27360 29429
29429 3411 27360
27360 3411 29429
1889 11331 23516
11331 1889 23516
23516 1889 11331
3973 22195 24219
22195 3973 24219
24219 3973 22195
14128 13576 15854
13576 14128 15854
15854 13576 14128
29490 2309 20423
2309 20423 29490
20423 2309 29490
3395 751 15449
751 3395 15449
15449 751 3395
15540 956 9666
956 9666 15540
9666 956 15540
26506 6464 26147
6464 26147 26506
26147 6464 26506
1345 4779 15890
15890 1345 4779
4779 1345 15890
27800 16388 26463
16388 26463 27800
26463 16388 27800
5974 4751 23512
4751 5974 23512
23512 4751 5974
4983 24404 25640
25640 4983 24404
24404 4983 25640
14096 15278 29582
15278 14096 29582
29582 14096 15278
26030 9304 24961
24961 9304 26030
9304 24961 26030
27048 6494 7243
7243 6494 27048
6494 7243 27048
2396 1738 3686
1738 2396 3686
3686 1738 2396
13890 25621 25886
25886 13890 25621
25621 13890 25886
16088 12779 25419
25419 12779 16088
12779 16088 25419
16628 17129 17253
17129 16628 17253
17253 16628 17129
9237 2820 17862
2820 9237 17862
17862 2820 9237
2801 23457 26174
26174 2801 23457
23457 2801 26174
9491 1967 17033
17033 1967 9491
1967 9491 17033
28129 14624 28472
28472 14624 28129
14624 28129 28472
21771 24345 26332
26332 21771 24345
24345 21771 26332
12303 7141 27759
7141 12303 27759
27759 7141 12303
4801 6336 16960
6336 4801 16960
16960 4801 6336
5844 20729 24676
20729 5844 24676
24676 5844 20729
22731 5560 6884
5560 6884 22731
6884 5560 22731
19000 4378 17157
17157 4378 19000
4378 17157 19000
13623 29005 29731
29731 13623 29005
29005 13623 29731
27320 11362 21416
21416 11362 27320
11362 21416 27320
6143 2407 19723
2407 6143 19723
19723 2407 6143
17741 9734 10272
9734 10272 17741
10272 9734 17741
637 15290 29839
29839 637 15290
15290 637 29839
2943 18725 28250
28250 2943 18725
18725 2943 28250
1443 9675 15291
9675 1443 15291
15291 1443 9675
18096 9406 21157
21157 9406 18096
9406 18096 21157
24569 17269 18094
18094 17269 24569
17269 18094 24569
15808 7591 28657
7591 15808 28657
28657 7591 15808
6810 4610 13521
13521 4610 6810
4610 6810 13521
19001 18986 24164
24164 18986 19001
18986 19001 24164
29886 8977 23112
23112 8977 29886
8977 23112 29886
16338 6120 21595
21595 6120 16338
6120 16338 21595
17985 5521 13597
5521 13597 17985
13597 5521 17985
25856 12172 26997
26997 12172 25856
12172 25856 26997
26334 3364 19310
3364 19310 26334
19310 3364 26334
7065 10357 24856
24856 7065 10357
10357 7065 24856
26824 4866 13543
13543 4866 26824
4866 13543 26824
5955 641 20166
641 5955 20166
20166 641 5955
17042 6330 24459
24459 6330 17042
6330 17042 24459
22913 11120 21479
21479 11120 22913
11120 21479 22913
20945 19394 19681
19394 19681 20945
19681 19394 20945
6044 1780 16178
1780 6044 16178
16178 1780 6044
1017 11085 26283
26283 1017 11085
11085 1017 26283
20378 14195 24134
14195 20378 24134
24134 14195 20378
24712 6595 15409
6595 15409 24712
15409 6595 24712
25683 6112 28818
28818 6112 25683
6112 25683 28818
18481 16721 25505
16721 18481 25505
25505 16721 18481
16965 3035 6334
6334 3035 16965
3035 6334 16965
26101 2416 18135
18135 2416 26101
2416 18135 26101
21706 591 4160
4160 591 21706
591 4160 21706
1387 2545 17361
17361 1387 2545
2545 1387 17361
17263 11087 24588
11087 17263 24588
24588 11087 17263
27688 1322 26536
1322 26536 27688
26536 1322 27688
7880 10108 21418
10108 7880 21418
21418 7880 10108
23036 11101 21579
21579 11101 23036
11101 21579 23036
5624 7679 10333
10333 5624 7679
7679 5624 10333
8734 10426 21964
10426 8734 21964
21964 8734 10426
18010 20162 22901
20162 18010 22901
22901 18010 20162
16481 7076 9053
9053 7076 16481
7076 9053 16481
24716 12839 23167
23167 12839 24716
12839 23167 24716
28308 5128 6066
5128 6066 28308
6066 5128 28308
19473 12549 16847
12549 16847 19473
16847 12549 19473
3385 17940 20751
20751 3385 17940
17940 3385 20751
21401 1005 8277
1005 8277 21401
8277 1005 21401
330 9527 16749
9527 330 16749
16749 330 9527
16850 16913 25736
25736 16850 16913
16913 16850 25736
28138 4070 26572
4070 26572 28138
26572 4070 28138
24690 10503 14517
14517 10503 24690
10503 14517 24690
20118 15434 19154
15434 19154 20118
19154 15434 20118
9849 12500 15283
15283 9849 12500
12500 9849 15283
20336 6360 15938
15938 6360 20336
6360 15938 20336
23864 2438 22843
2438 22843 23864
22843 2438 23864
27597 7111 15844
7111 15844 27597
15844 7111 27597
28794 7056 13171
13171 7056 28794
7056 13171 28794
9330 13210 24725
24725 9330 13210
13210 9330 24725
8408 15965 28817
28817 8408 15965
15965 8408 28817
10756 1154 6620
1154 6620 10756
6620 1154 10756
8558 8259 12410
8259 8558 12410
12410 8259 8558
29990 6174 25055
25055 6174 29990
6174 25055 29990
17156 91 16668
91 16668 17156
16668 91 17156
23192 6157 16831
6157 16831 23192
16831 6157 23192
19613 17045 24890
24890 17045 19613
17045 19613 24890
126 4798 12115
4798 126 12115
12115 126 4798
14118 5179 25497
25497 5179 14118
5179 14118 25497
18107 604 12695
12695 604 18107
604 12695 18107
20979 8171 21099
21099 8171 20979
8171 20979 21099
3059 11038 28264
11038 3059 28264
28264 3059 11038
8468 212 6362
6362 212 8468
212 6362 8468
5835 6480 19954
19954 5835 6480
6480 5835 19954
22206 18251 24058
24058 18251 22206
18251 22206 24058
12658 13799 22448
22448 12658 13799
13799 12658 22448
23313 1293 1552
1293 1552 23313
1552 1293 23313
25414 7806 28289
7806 25414 28289
28289 7806 25414
24086 7878 29447
29447 7878 24086
7878 24086 29447
11205 884 16982
16982 884 11205
884 11205 16982
26094 4483 16828
16828 4483 26094
4483 16828 26094
19096 10759 21635
10759 19096 21635
21635 10759 19096
26049 6855 27885
6855 26049 27885
27885 6855 26049
10360 11018 28153
28153 10360 11018
11018 10360 28153
26226 5376 13783
5376 13783 26226
13783 5376 26226
18130 5326 27372
5326 18130 27372
27372 5326 18130
24144 957 13856
957 13856 24144
13856 957 24144
20678 24763 26190
24763 20678 26190
26190 20678 24763
19624 9366 29019
29019 9366 19624
9366 19624 29019
25095 4011 11183
4011 11183 25095
11183 4011 25095
18453 18563 26546
18563 18453 26546
26546 18453 18563
19173 20625 25054
25054 19173 20625
20625 19173 25054
8878 5024 5714
5024 5714 8878
5714 5024 8878
4759 12084 16170
16170 4759 12084
12084 4759 16170
10203 16378 27334
16378 10203 27334
27334 10203 16378
28222 15188 22730
22730 15188 28222
15188 22730 28222
3430 7609 13876
7609 3430 13876
13876 3430 7609
2441 11751 14629
11751 2441 14629
14629 2441 11751
17476 13862 24524
24524 13862 17476
13862 17476 24524
21657 4030 6831
6831 4030 21657
4030 6831 21657
6540 24626 28398
24626 6540 28398
28398 6540 24626
18365 16319 22104
16319 18365 22104
22104 16319 18365
20381 1072 20326
1072 20326 20381
20326 1072 20381
6113 8899 16806
8899 6113 16806
16806 6113 8899
28755 2462 13974
2462 13974 28755
13974 2462 28755
25296 8360 28023
28023 8360 25296
8360 25296 28023
5570 7110 13653
13653 5570 7110
7110 5570 13653
21292 17737 28936
17737 21292 28936
28936 17737 21292
11162 10552 18873
10552 11162 18873
18873 10552 11162
9541 26007 27548
26007 9541 27548
27548 9541 26007
8233 8804 28770
8804 8233 28770
28770 8233 8804
21887 6843 27178
27178 6843 21887
6843 21887 27178
6890 5258 5433
5258 5433 6890
5433 5258 6890
3198 8731 11283
8731 3198 11283
11283 3198 8731
22805 12018 23757
23757 12018 22805
12018 22805 23757
27720 6990 21955
21955 6990 27720
6990 21955 27720
21178 6560 20876
20876 6560 21178
6560 20876 21178
5973 14853 17498
17498 5973 14853
14853 5973 17498
16837 8452 11105
11105 8452 16837
8452 11105 16837
16651 7352 25995
7352 16651 25995
25995 7352 16651
5276 3888 15065
15065 3888 5276
3888 5276 15065
21674 7512 16923
7512 16923 21674
16923 7512 21674
3063 25943 29708
29708 3063 25943
25943 3063 29708
1754 17771 25872
25872 1754 17771
17771 1754 25872
25349 1939 28314
28314 1939 25349
1939 25349 28314
11172 2036 19899
19899 2036 11172
2036 11172 19899
15744 19703 23380
23380 15744 19703
19703 15744 23380
25554 8516 13087
8516 13087 25554
13087 8516 25554
12606 5661 23985
23985 5661 12606
5661 12606 23985
10482 27524 28557
27524 10482 28557
28557 10482 27524
6038 2719 15470
15470 2719 6038
2719 6038 15470
21174 5707 13645
13645 5707 21174
5707 13645 21174
15787 21207 27219
27219 15787 21207
21207 15787 27219
9969 16706 25602
25602 9969 16706
16706 9969 25602
62 597 18350
18350 62 597
597 62 18350
20650 10117 23708
23708 10117 20650
10117 20650 23708
21014 5628 18903
5628 18903 21014
18903 5628 21014
14763 2558 7898
2558 7898 14763
7898 2558 14763
18804 16362 18381
18381 16362 18804
16362 18381 18804
15304 1101 28499
1101 15304 28499
28499 1101 15304
14822 634 20819
20819 634 14822
634 14822 20819
20344 1512 22136
1512 20344 22136
22136 1512 20344
18272 21389 24240
24240 18272 21389
21389 18272 24240
11642 10624 24770
10624 11642 24770
24770 10624 11642
1121 3179 7668
3179 1121 7668
7668 1121 3179
14759 21548 21770
21548 14759 21770
21770 14759 21548
15971 13366 21179
13366 15971 21179
21179 13366 15971
7490 22228 23169
23169 7490 22228
22228 7490 23169
9280 10623 20114
20114 9280 10623
10623 9280 20114
25002 7171 29412
29412 7171 25002
7171 25002 29412
27221 4821 26435
26435 4821 27221
4821 26435 27221
13101 18970 26798
18970 13101 26798
26798 13101 18970
15466 11509 14399
14399 11509 15466
11509 14399 15466
13733 9764 13650
9764 13650 13733
13650 9764 13733
7181 18049 24969
24969 7181 18049
18049 7181 24969
2426 14523 15902
15902 2426 14523
14523 2426 15902
2551 5240 16685
16685 2551 5240
5240 2551 16685
21176 5709 29532
5709 21176 29532
29532 5709 21176
24363 10752 17701
10752 17701 24363
17701 10752 24363
17124 11497 21497
21497 11497 17124
11497 17124 21497
18541 1964 20388
1964 18541 20388
20388 1964 18541
24243 8968 28897
28897 8968 24243
8968 24243 28897
15764 2394 6762
2394 6762 15764
6762 2394 15764
18894 25638 29405
25638 18894 29405
29405 18894 25638
13008 9728 29823
9728 13008 29823
29823 9728 13008
5357 9835 25479
9835 5357 25479
25479 5357 9835
13330 18909 28798
28798 13330 18909
18909 13330 28798
9346 8098 28634
28634 8098 9346
8098 9346 28634
13222 3536 18609
3536 13222 18609
18609 3536 13222
22567 11776 28399
11776 22567 28399
28399 11776 22567
9481 21281 28899
28899 9481 21281
21281 9481 28899
1073 19495 26468
26468 1073 19495
19495 1073 26468
21433 531 14659
14659 531 21433
531 14659 21433
16542 5489 28188
28188 5489 16542
5489 16542 28188
17039 1630 17163
17163 1630 17039
1630 17039 17163
10320 249 4646
249 4646 10320
4646 249 10320
6260 4722 17191
17191 4722 6260
4722 6260 17191
12044 19056 22693
22693 12044 19056
19056 12044 22693
5248 7962 18262
18262 5248 7962
7962 5248 18262
14511 2646 7883
2646 7883 14511
7883 2646 14511
20873 20859 26702
20859 20873 26702
26702 20859 20873
25740 18587 19931
19931 18587 25740
18587 19931 25740
8397 6424 28218
6424 8397 28218
28218 6424 8397
12294 13873 19863
19863 12294 13873
13873 12294 19863
1288 3729 15234
3729 1288 15234
15234 1288 3729
12760 24793 29749
29749 12760 24793
24793 12760 29749
4635 12828 15057
12828 4635 15057
15057 4635 12828
12538 10263 17292
17292 10263 12538
10263 12538 17292
23975 1619 6527
1619 6527 23975
6527 1619 23975
10730 2012 27429
27429 2012 10730
2012 10730 27429
9848 10678 22201
22201 9848 10678
10678 9848 22201
8641 15116 26002
26002 8641 15116
15116 8641 26002
15880 2029 24993
2029 15880 24993
24993 2029 15880
11754 4524 6056
6056 4524 11754
4524 6056 11754
26838 3982 20638
20638 3982 26838
3982 20638 26838
4263 5099 27519
5099 4263 27519
27519 4263 5099
23637 4718 25738
4718 23637 25738
25738 4718 23637
4082 10979 29950
10979 4082 29950
29950 4082 10979
23163 17971 23954
17971 23163 23954
23954 17971 23163
27148 17640 25719
25719 17640 27148
17640 25719 27148
29332 1175 24739
1175 24739 29332
24739 1175 29332
24123 5813 25655
5813 24123 25655
25655 5813 24123
27382 10381 29762
10381 27382 29762
29762 10381 27382
15775 18706 24083
18706 15775 24083
24083 15775 18706
28120 6845 23555
6845 23555 28120
23555 6845 28120
20885 15501 23065
15501 20885 23065
23065 15501 20885
29514 14802 22323
22323 14802 29514
14802 22323 29514
3445 1378 7185
7185 1378 3445
1378 3445 7185
28844 9515 18342
9515 18342 28844
18342 9515 28844
16301 7480 16800
7480 16301 16800
16800 7480 16301
6856 6074 19018
19018 6074 6856
6074 6856 19018
9885 13344 17438
13344 9885 17438
17438 9885 13344
6405 19617 28835
28835 6405 19617
19617 6405 28835
15267 22 17667
17667 22 15267
22 15267 17667
24500 5270 27293
27293 5270 24500
5270 24500 27293
9226 17753 24450
17753 9226 24450
24450 9226 17753
28337 5820 10321
10321 5820 28337
5820 10321 28337
387 3056 12181
3056 387 12181
12181 387 3056
14248 23222 29994
29994 14248 23222
23222 14248 29994
8846 10538 23796
10538 8846 23796
23796 8846 10538
9923 5177 9670
5177 9670 9923
9670 5177 9923
1092 3673 16739
16739 1092 3673
3673 1092 16739
17689 13433 29688
13433 17689 29688
29688 13433 17689
16603 16968 27364
16968 16603 27364
27364 16603 16968
13511 9578 22670
9578 13511 22670
22670 9578 13511
20955 1315 10560
1315 10560 20955
10560 1315 20955
2030 9310 17849
17849 2030 9310
9310 2030 17849
10641 15148 21275
15148 10641 21275
21275 10641 15148
24652 4398 27561
27561 4398 24652
4398 24652 27561
10473 14594 20794
14594 10473 20794
20794 10473 14594
11555 5373 26659
26659 5373 11555
5373 11555 26659
16993 2548 22937
2548 16993 22937
22937 2548 16993
22299 1759 9786
1759 9786 22299
9786 1759 22299
13121 21809 23916
21809 13121 23916
23916 13121 21809
14428 27822 28708
27822 14428 28708
28708 14428 27822
26920 17946 29112
17946 26920 29112
29112 17946 26920
2517 29305 29892
29892 2517 29305
29305 2517 29892
11298 19033 29101
29101 11298 19033
19033 11298 29101
17220 10349 28320
10349 17220 28320
28320 10349 17220
25212 4455 7239
7239 4455 25212
4455 7239 25212
23349 8909 15666
8909 15666 23349
15666 8909 23349
24903 11640 15177
15177 11640 24903
11640 15177 24903
27638 4201 14795
14795 4201 27638
4201 14795 27638
902 11719 12112
12112 902 11719
11719 902 12112
24665 25147 27763
27763 24665 25147
25147 24665 27763
4001 5635 27820
27820 4001 5635
5635 4001 27820
3613 1583 16157
1583 3613 16157
16157 1583 3613
11173 13942 23953
13942 11173 23953
23953 11173 13942
13226 2573 2682
2682 2573 13226
2573 2682 13226
15245 1736 18364
1736 15245 18364
18364 1736 15245
20261 12261 25451
25451 12261 20261
12261 20261 25451
11432 5371 19237
19237 5371 11432
5371 11432 19237
27895 9205 22851
9205 22851 27895
22851 9205 27895
21378 1798 19704
19704 1798 21378
1798 19704 21378
29056 2908 19238
2908 19238 29056
19238 2908 29056
28938 2825 11698
11698 2825 28938
2825 11698 28938
29665 10047 29142
29142 10047 29665
10047 29142 29665
4052 3282 23479
23479 3282 4052
3282 4052 23479
14592 6649 20775
20775 6649 14592
6649 14592 20775
12259 6449 26020
6449 12259 26020
26020 6449 12259
22841 4304 17143
17143 4304 22841
4304 17143 22841
4950 3840 23054
23054 3840 4950
3840 4950 23054
24912 10647 25597
25597 10647 24912
10647 24912 25597
11389 15567 26262
15567 11389 26262
26262 11389 15567
27577 18109 20071
18109 20071 27577
20071 18109 27577
3238 10499 12264
12264 3238 10499
10499 3238 12264
23308 20519 28261
28261 20519 23308
20519 23308 28261
29878 15207 28470
28470 15207 29878
15207 28470 29878
28644 5242 20531
20531 5242 28644
5242 20531 28644
12874 8339 16632
16632 8339 12874
8339 12874 16632
10825 6378 23094
23094 6378 10825
6378 10825 23094
16147 2608 6558
2608 6558 16147
6558 2608 16147
9889 9895 22791
9895 9889 22791
22791 9889 9895
22849 16634 26954
26954 16634 22849
16634 22849 26954
21137 12646 20194
20194 12646 21137
12646 20194 21137
14135 8880 12105
12105 8880 14135
8880 12105 14135
18765 8919 24895
8919 18765 24895
24895 8919 18765
3181 3101 19168
3101 3181 19168
19168 3101 3181
29239 2061 28391
2061 28391 29239
28391 2061 29239
6151 8178 23739
8178 6151 23739
23739 6151 8178
15662 1751 7104
7104 1751 15662
1751 7104 15662
16522 15258 21150
15258 16522 21150
21150 15258 16522
4471 7828 28664
28664 4471 7828
7828 4471 28664
15070 3669 20349
20349 3669 15070
3669 15070 20349
6872 3801 15298
3801 6872 15298
15298 3801 6872
17103 15562 16691
16691 15562 17103
15562 16691 17103
19663 4916 22252
4916 19663 22252
22252 4916 19663
546 1059 7984
7984 546 1059
1059 546 7984
907 11554 14556
14556 907 11554
11554 907 14556
26394 4083 17585
17585 4083 26394
4083 17585 26394
1174 10464 25119
10464 1174 25119
25119 1174 10464
6108 19031 25184
19031 6108 25184
25184 6108 19031
29548 12164 26288
26288 12164 29548
12164 26288 29548
4712 16279 23384
23384 4712 16279
16279 4712 23384
1706 13043 21918
13043 1706 21918
21918 1706 13043
5956 9759 17921
17921 5956 9759
9759 5956 17921
9575 290 4170
4170 290 9575
290 4170 9575
16304 4518 27694
27694 4518 16304
4518 16304 27694
10416 3233 9565
9565 3233 10416
3233 9565 10416
21784 10148 25112
25112 10148 21784
10148 21784 25112
9098 13289 13782
13289 9098 13782
13782 9098 13289
17816 9847 15557
9847 15557 17816
15557 9847 17816
8555 2271 7741
7741 2271 8555
2271 7741 8555
11756 1628 6900
1628 6900 11756
6900 1628 11756
20342 4714 28430
28430 4714 20342
4714 20342 28430
14055 8579 15669
15669 8579 14055
8579 14055 15669
22974 6467 16757
16757 6467 22974
6467 16757 22974
27412 16454 24521
24521 16454 27412
16454 24521 27412
10621 10806 19017
10806 10621 19017
19017 10621 10806
24497 2958 16071
16071 2958 24497
2958 16071 24497
