783 554 1923
554 783 1923
1923 554 783
1245 525 2238
2238 525 1245
525 1245 2238
2594 288 2551
288 2551 2594
2551 288 2594
955 1488 2181
1488 955 2181
2181 955 1488
2152 665 1997
665 1997 2152
1997 665 2152
1102 839 1645
1645 839 1102
839 1102 1645
515 152 913
152 515 913
913 152 515
369 2142 2480
2480 369 2142
2142 369 2480
837 1550 2948
2948 837 1550
1550 837 2948
1635 2072 2357
2357 1635 2072
2072 1635 2357
1172 53 551
551 53 1172
53 551 1172
1751 736 957
957 736 1751
736 957 1751
1946 2759 2821
2821 1946 2759
2759 1946 2821
2483 99 2006
2006 99 2483
99 2006 2483
1403 112 2804
112 1403 2804
2804 112 1403
541 2423 2862
2862 541 2423
2423 541 2862
1200 210 900
210 900 1200
900 210 1200
2680 628 2217
2217 628 2680
628 2217 2680
2230 1326 2068
1326 2068 2230
2068 1326 2230
190 159 672
159 190 672
672 159 190
1756 1959 2101
1959 1756 2101
2101 1756 1959
683 989 2707
989 683 2707
2707 683 989
3 1712 2291
1712 3 2291
2291 3 1712
1092 871 2138
2138 871 1092
871 1092 2138
2537 87 1921
87 1921 2537
1921 87 2537
1240 832 2418
832 1240 2418
2418 832 1240
144 118 1463
118 144 1463
1463 118 144
291 2038 2836
2038 291 2836
2836 291 2038
1512 1623 2366
2366 1512 1623
1623 1512 2366
481 165 1156
165 481 1156
1156 165 481
1791 542 2691
2691 542 1791
542 1791 2691
1228 1676 1996
1676 1228 1996
1996 1228 1676
2401 2339 2650
2650 2339 2401
2339 2401 2650
1868 484 2782
2782 484 1868
484 1868 2782
1482 1554 1557
1557 1482 1554
1554 1482 1557
639 4 2576
4 639 2576
2576 4 639
609 1975 2911
2911 609 1975
1975 609 2911
2912 825 2649
825 2649 2912
2649 825 2912
2077 1153 1622
1153 1622 2077
1622 1153 2077
1658 1543 2285
1543 1658 2285
2285 1543 1658
2439 558 1396
558 1396 2439
1396 558 2439
2768 2671 2889
2889 2671 2768
2671 2768 2889
2136 1900 2265
2265 1900 2136
1900 2136 2265
543 76 1562
1562 76 543
76 543 1562
1662 192 376
192 376 1662
376 192 1662
268 1597 1854
1597 268 1854
1854 268 1597
751 1121 1716
1121 751 1716
1716 751 1121
685 942 2092
942 685 2092
2092 685 942
388 1401 1886
1886 388 1401
1401 388 1886
2615 794 1737
794 1737 2615
1737 794 2615
2625 976 2878
976 2625 2878
2878 976 2625
1840 505 565
565 505 1840
505 565 1840
1008 1033 1691
1691 1008 1033
1033 1008 1691
598 971 1089
971 598 1089
1089 598 971
673 570 763
763 570 673
570 673 763
2894 2419 2546
2419 2546 2894
2546 2419 2894
2852 1742 2734
2734 1742 2852
1742 2734 2852
494 1555 2854
2854 494 1555
1555 494 2854
1703 1329 1381
1329 1381 1703
1381 1329 1703
1035 1013 2243
2243 1013 1035
1013 1035 2243
14 1521 2770
2770 14 1521
1521 14 2770
1003 712 2729
2729 712 1003
712 1003 2729
2784 1080 2999
2999 1080 2784
1080 2784 2999
344 470 1318
1318 344 470
470 344 1318
2809 605 1034
605 1034 2809
1034 605 2809
1023 1377 2536
1377 1023 2536
2536 1023 1377
2765 1465 2216
2216 1465 2765
1465 2216 2765
161 530 2237
2237 161 530
530 161 2237
1833 504 2036
504 1833 2036
2036 504 1833
229 2425 2463
2463 229 2425
2425 229 2463
1799 1056 2890
1056 1799 2890
2890 1056 1799
2330 371 392
371 392 2330
392 371 2330
2963 1504 2429
2429 1504 2963
1504 2429 2963
573 962 1341
962 573 1341
1341 573 962
1485 343 2909
2909 343 1485
343 1485 2909
2247 1579 2037
1579 2037 2247
2037 1579 2247
2204 1220 2660
1220 2204 2660
2660 1220 2204
2519 1918 2994
1918 2519 2994
2994 1918 2519
1162 124 974
124 974 1162
974 124 1162
1332 50 2386
50 1332 2386
2386 50 1332
1844 232 591
232 591 1844
591 232 1844
1999 606 815
815 606 1999
606 815 1999
2408 659 2349
659 2349 2408
2349 659 2408
2461 461 2924
2924 461 2461
461 2461 2924
2775 1174 2027
1174 2027 2775
2027 1174 2775
1296 1052 1470
1470 1052 1296
1052 1296 1470
2396 706 774
774 706 2396
706 774 2396
145 696 1640
696 145 1640
1640 145 696
1948 171 713
713 171 1948
171 713 1948
173 1570 1754
1570 173 1754
1754 173 1570
212 1446 2961
2961 212 1446
1446 212 2961
2855 2134 2755
2755 2134 2855
2134 2755 2855
1734 283 340
283 340 1734
340 283 1734
1189 1139 1801
1139 1189 1801
1801 1139 1189
1922 2738 2922
2922 1922 2738
2738 1922 2922
1169 765 897
897 765 1169
765 897 1169
2125 986 1848
1848 986 2125
986 1848 2125
2539 65 1760
65 1760 2539
1760 65 2539
2843 1795 2980
2980 1795 2843
1795 2843 2980
2393 778 1815
778 1815 2393
1815 778 2393
2829 47 2575
47 2575 2829
2575 47 2829
2731 74 265
265 74 2731
74 265 2731
2110 2468 2664
2664 2110 2468
2468 2110 2664
1729 267 2560
2560 267 1729
267 1729 2560
789 1718 2085
2085 789 1718
1718 789 2085
1279 1585 2188
1585 1279 2188
2188 1279 1585
1218 1766 2936
2936 1218 1766
1766 1218 2936
1932 1422 2972
2972 1422 1932
1422 1932 2972
523 1302 1907
1907 523 1302
1302 523 1907
2825 309 1411
309 1411 2825
1411 309 2825
23 255 2670
2670 23 255
255 23 2670
2595 652 2871
2871 652 2595
652 2595 2871
924 2437 2600
2600 924 2437
2437 924 2600
1348 101 1759
101 1348 1759
1759 101 1348
2088 575 1667
1667 575 2088
575 1667 2088
418 904 2383
904 418 2383
2383 418 904
796 313 2128
313 796 2128
2128 313 796
2298 206 365
206 365 2298
365 206 2298
2375 1387 2647
1387 2375 2647
2647 1387 2375
944 1225 2283
1225 944 2283
2283 944 1225
910 2848 2874
2874 910 2848
2848 910 2874
157 234 2860
234 157 2860
2860 157 234
2380 290 2817
290 2380 2817
2817 290 2380
2373 805 2020
805 2020 2373
2020 805 2373
1523 415 624
415 624 1523
624 415 1523
1481 1071 1785
1071 1481 1785
1785 1071 1481
453 1238 2926
2926 453 1238
1238 453 2926
2384 2534 2748
2534 2384 2748
2748 2384 2534
1042 2098 2278
2278 1042 2098
2098 1042 2278
1533 29 55
55 29 1533
29 55 1533
1719 149 276
149 276 1719
276 149 1719
397 372 737
737 372 397
372 397 737
2402 69 895
895 69 2402
69 895 2402
224 1333 2856
1333 224 2856
2856 224 1333
2826 677 1563
1563 677 2826
677 1563 2826
254 2253 2307
2253 254 2307
2307 254 2253
1607 364 2988
2988 364 1607
364 1607 2988
2460 941 2257
941 2257 2460
2257 941 2460
1944 1916 2959
1916 1944 2959
2959 1916 1944
411 1264 2273
1264 411 2273
2273 411 1264
2839 1247 2762
1247 2762 2839
2762 1247 2839
166 32 2925
2925 32 166
32 166 2925
1501 773 2800
2800 773 1501
773 1501 2800
1479 630 1705
1705 630 1479
630 1479 1705
346 1022 2832
2832 346 1022
1022 346 2832
645 1321 1974
1321 645 1974
1974 645 1321
2354 590 2256
590 2256 2354
2256 590 2354
333 307 949
949 307 333
307 333 949
2201 1836 2453
2453 1836 2201
1836 2201 2453
1873 517 1130
517 1130 1873
1130 517 1873
2545 654 2086
2086 654 2545
654 2086 2545
1334 12 1284
12 1284 1334
1284 12 1334
2090 80 1113
80 1113 2090
1113 80 2090
240 761 2146
761 240 2146
2146 240 761
817 196 790
196 790 817
790 196 817
1789 667 2979
667 1789 2979
2979 667 1789
345 2356 2566
2566 345 2356
2356 345 2566
219 2250 2998
2250 219 2998
2998 219 2250
816 2044 2816
2044 816 2816
2816 816 2044
2633 1904 2635
2635 1904 2633
1904 2633 2635
771 272 1133
1133 272 771
272 771 1133
616 595 1889
595 616 1889
1889 595 616
2504 1293 1537
1293 1537 2504
1537 1293 2504
2443 2001 2153
2153 2001 2443
2001 2153 2443
760 214 1278
214 760 1278
1278 214 760
579 226 1140
1140 226 579
226 579 1140
1110 107 2572
107 1110 2572
2572 107 1110
1197 863 2668
863 1197 2668
2668 863 1197
103 755 2342
755 103 2342
2342 103 755
984 738 1375
738 984 1375
1375 738 984
2540 866 1998
1998 866 2540
866 1998 2540
1832 1190 2833
2833 1190 1832
1190 1832 2833
2882 799 2631
2631 799 2882
799 2631 2882
2619 2475 2886
2886 2475 2619
2475 2619 2886
414 1014 1548
1548 414 1014
1014 414 1548
891 2297 2642
2642 891 2297
2297 891 2642
1710 110 1659
1659 110 1710
110 1659 1710
77 1665 1834
1665 77 1834
1834 77 1665
2336 1994 2522
1994 2336 2522
2522 1994 2336
855 1367 1995
1995 855 1367
1367 855 1995
1571 1580 2056
2056 1571 1580
1580 1571 2056
2697 508 594
508 594 2697
594 508 2697
98 1217 1612
1612 98 1217
1217 98 1612
1686 82 785
785 82 1686
82 785 1686
303 981 2543
981 303 2543
2543 303 981
1701 259 935
259 935 1701
935 259 1701
1792 671 1398
1398 671 1792
671 1398 1792
2157 141 209
141 209 2157
209 141 2157
1188 244 2859
244 1188 2859
2859 244 1188
434 222 1600
1600 222 434
222 434 1600
1627 1880 2965
2965 1627 1880
1880 1627 2965
786 2318 2325
2325 786 2318
2318 786 2325
2917 2058 2995
2995 2058 2917
2058 2917 2995
1430 125 1144
125 1144 1430
1144 125 1430
2795 2124 2391
2124 2391 2795
2391 2124 2795
1576 2983 2992
2983 1576 2992
2992 1576 2983
908 1631 2346
2346 908 1631
1631 908 2346
1558 227 1965
1965 227 1558
227 1558 1965
893 94 2864
2864 94 893
94 893 2864
1951 1239 2471
2471 1239 1951
1239 1951 2471
2300 826 1681
826 1681 2300
1681 826 2300
314 1842 2898
1842 314 2898
2898 314 1842
1146 1286 2269
1286 1146 2269
2269 1146 1286
2293 620 1191
1191 620 2293
620 1191 2293
2221 164 2338
2338 164 2221
164 2221 2338
1415 1675 1693
1693 1415 1675
1675 1415 1693
187 896 2944
2944 187 896
896 187 2944
473 70 1115
70 473 1115
1115 70 473
585 1572 2801
2801 585 1572
1572 585 2801
175 514 528
528 175 514
514 175 528
2773 1964 2962
1964 2773 2962
2962 1964 2773
828 1683 2328
2328 828 1683
1683 828 2328
20 535 593
593 20 535
535 20 593
2806 1608 2921
1608 2806 2921
2921 1608 2806
1118 752 2622
2622 752 1118
752 1118 2622
1414 320 1425
320 1414 1425
1425 320 1414
982 284 710
284 710 982
710 284 982
2032 1064 2376
2376 1064 2032
1064 2032 2376
449 239 1744
1744 239 449
239 449 1744
256 404 2822
404 256 2822
2822 256 404
2590 1717 1745
1745 1717 2590
1717 1745 2590
662 1534 1849
1534 662 1849
1849 662 1534
391 562 681
562 391 681
681 391 562
2641 318 1201
318 1201 2641
1201 318 2641
1882 1621 2277
2277 1621 1882
1621 1882 2277
1927 840 2714
2714 840 1927
840 1927 2714
723 225 1969
225 723 1969
1969 225 723
1945 1493 2646
2646 1493 1945
1493 1945 2646
2634 6 1505
1505 6 2634
6 1505 2634
2739 502 2879
2879 502 2739
502 2739 2879
929 603 2875
603 929 2875
2875 603 929
1660 285 2322
285 1660 2322
2322 285 1660
2489 693 2368
2368 693 2489
693 2368 2489
1021 236 2915
236 1021 2915
2915 236 1021
1412 803 2771
803 1412 2771
2771 803 1412
2709 121 661
661 121 2709
121 661 2709
1362 1472 2516
1472 1362 2516
2516 1362 1472
1073 864 1850
864 1073 1850
1850 864 1073
878 1192 2802
2802 878 1192
1192 878 2802
2074 466 2968
2968 466 2074
466 2074 2968
2805 538 1943
538 1943 2805
1943 538 2805
373 2122 2144
2144 373 2122
2122 373 2144
252 2013 2616
2013 252 2616
2616 252 2013
676 1695 2137
2137 676 1695
1695 676 2137
1858 1426 1443
1443 1426 1858
1426 1443 1858
1160 1750 2351
2351 1160 1750
1750 1160 2351
2041 352 1671
1671 352 2041
352 1671 2041
281 1649 1655
1655 281 1649
1649 281 1655
2710 1977 2628
2628 1977 2710
1977 2628 2710
1503 1319 2292
2292 1319 1503
1319 1503 2292
2877 1009 1177
1177 1009 2877
1009 1177 2877
1724 1166 1682
1166 1682 1724
1682 1166 1724
1639 1036 1812
1036 1639 1812
1812 1036 1639
1315 2051 2604
2604 1315 2051
2051 1315 2604
2004 1624 1828
1624 1828 2004
1828 1624 2004
1609 330 1952
330 1609 1952
1952 330 1609
401 183 853
853 183 401
183 401 853
2939 435 2420
435 2420 2939
2420 435 2939
2127 412 851
412 851 2127
851 412 2127
917 1469 1661
1661 917 1469
1469 917 1661
54 1105 2046
2046 54 1105
1105 54 2046
2705 413 2448
413 2448 2705
2448 413 2705
1094 400 1539
1539 400 1094
400 1094 1539
1749 127 1028
1028 127 1749
127 1028 1749
2313 379 1837
379 1837 2313
1837 379 2313
2432 1727 1816
1816 1727 2432
1727 1816 2432
2666 695 1524
1524 695 2666
695 1524 2666
2115 930 2040
2040 930 2115
930 2040 2115
860 1241 2207
1241 860 2207
2207 860 1241
2045 385 2749
385 2045 2749
2749 385 2045
492 2487 2629
2629 492 2487
2487 492 2629
382 2193 2410
2410 382 2193
2193 382 2410
1090 406 905
406 905 1090
905 406 1090
1646 818 2413
818 1646 2413
2413 818 1646
1953 1644 1674
1644 1674 1953
1674 1644 1953
1093 49 2476
49 1093 2476
2476 49 1093
1181 1309 2481
2481 1181 1309
1309 1181 2481
2187 242 1183
1183 242 2187
242 1183 2187
1553 950 2010
2010 950 1553
950 1553 2010
561 881 1141
881 561 1141
1141 561 881
1458 2324 2502
2502 1458 2324
2324 1458 2502
2591 213 2488
2488 213 2591
213 2488 2591
2062 819 2017
819 2017 2062
2017 819 2062
1148 1180 2887
1180 1148 2887
2887 1148 1180
2677 704 1295
704 1295 2677
1295 704 2677
2407 2450 2495
2450 2407 2495
2495 2407 2450
2897 437 2818
2818 437 2897
437 2818 2897
2851 499 2588
2588 499 2851
499 2588 2851
1520 1556 2059
2059 1520 1556
1556 1520 2059
136 1720 1928
1928 136 1720
1720 136 1928
1038 1030 2240
2240 1030 1038
1030 1038 2240
2294 1410 1507
1507 1410 2294
1410 1507 2294
1709 231 1797
231 1709 1797
1797 231 1709
2174 664 1642
1642 664 2174
664 1642 2174
830 777 2381
777 830 2381
2381 777 830
928 1397 1888
1888 928 1397
1397 928 1888
2159 191 1303
191 1303 2159
1303 191 2159
858 455 2656
2656 455 858
455 858 2656
1526 759 2700
2700 759 1526
759 1526 2700
2626 57 724
57 724 2626
724 57 2626
516 1099 2794
1099 516 2794
2794 516 1099
961 885 2327
2327 885 961
885 961 2327
1236 319 932
932 319 1236
319 932 1236
1603 772 2462
772 1603 2462
2462 772 1603
1222 2630 2637
2637 1222 2630
2630 1222 2637
2743 195 280
280 195 2743
195 280 2743
1171 351 1142
1142 351 1171
351 1142 1171
2364 1741 2931
1741 2364 2931
2931 1741 2364
2097 1919 2763
1919 2097 2763
2763 1919 2097
370 1343 2160
1343 370 2160
2160 370 1343
476 716 1253
1253 476 716
716 476 1253
137 1340 1879
1879 137 1340
1340 137 1879
648 122 1650
1650 122 648
122 648 1650
2203 1138 1810
1810 1138 2203
1138 1810 2203
1587 2145 2985
2145 1587 2985
2985 1587 2145
587 2500 2565
2565 587 2500
2500 587 2565
1793 2248 2904
2248 1793 2904
2904 1793 2248
1263 1822 2030
2030 1263 1822
1822 1263 2030
1261 964 2225
964 1261 2225
2225 964 1261
1961 405 424
424 405 1961
405 424 1961
601 800 1176
1176 601 800
800 601 1176
656 1605 2050
1605 656 2050
2050 656 1605
2868 1775 2222
1775 2222 2868
2222 1775 2868
2609 1037 1664
1664 1037 2609
1037 1664 2609
323 547 2703
547 323 2703
2703 323 547
1325 1306 2130
1306 1325 2130
2130 1306 1325
463 208 1853
208 463 1853
1853 208 463
1824 15 1432
1432 15 1824
15 1432 1824
1513 2506 2830
2830 1513 2506
2506 1513 2830
153 488 1930
1930 153 488
488 153 1930
2282 653 906
906 653 2282
653 906 2282
1123 19 186
19 186 1123
186 19 1123
2019 1173 2028
1173 2019 2028
2028 1173 2019
1393 536 2172
2172 536 1393
536 1393 2172
1755 334 2438
334 1755 2438
2438 334 1755
62 925 1164
925 62 1164
1164 62 925
2191 433 1739
433 1739 2191
1739 433 2191
381 711 2533
711 381 2533
2533 381 711
106 128 2331
128 106 2331
2331 106 128
868 1519 2337
1519 868 2337
2337 868 1519
1636 1417 2170
1417 1636 2170
2170 1417 1636
526 527 1860
527 526 1860
1860 526 527
2935 1552 2834
2834 1552 2935
1552 2834 2935
2895 1327 2367
2367 1327 2895
1327 2367 2895
2505 243 1958
1958 243 2505
243 1958 2505
582 111 1890
1890 111 582
111 582 1890
1972 495 1213
1213 495 1972
495 1213 1972
1270 2012 2249
2012 1270 2249
2249 1270 2012
1399 995 2849
995 1399 2849
2849 995 1399
2164 611 2928
2928 611 2164
611 2164 2928
479 85 912
85 479 912
912 85 479
1017 61 2526
2526 61 1017
61 1017 2526
1078 988 1206
988 1078 1206
1206 988 1078
1819 2308 2507
2507 1819 2308
2308 1819 2507
581 1599 1761
1761 581 1599
1599 581 1761
2846 1484 2741
2741 1484 2846
1484 2741 2846
2618 1439 2434
1439 2434 2618
2434 1439 2618
1663 1257 1847
1257 1663 1847
1847 1257 1663
1067 862 1843
862 1067 1843
1843 862 1067
387 1322 1435
1322 387 1435
1435 387 1322
1971 31 2387
2387 31 1971
31 1971 2387
1221 2183 2234
2234 1221 2183
2183 1221 2234
390 1726 1897
1897 390 1726
1726 390 1897
1831 1514 2102
2102 1514 1831
1514 1831 2102
1594 1292 2837
2837 1292 1594
1292 1594 2837
1431 366 2758
2758 366 1431
366 1431 2758
901 257 327
257 327 901
327 257 901
258 378 1911
1911 258 378
378 258 1911
2789 2494 2583
2494 2583 2789
2583 2494 2789
2568 1786 2774
1786 2568 2774
2774 1786 2568
328 963 1772
1772 328 963
963 328 1772
1127 1242 1925
1925 1127 1242
1242 1127 1925
2309 2123 2192
2123 2192 2309
2192 2123 2309
2752 2388 2478
2478 2388 2752
2388 2478 2752
2252 349 2161
349 2161 2252
2161 349 2252
2530 856 2026
2026 856 2530
856 2026 2530
1568 2685 2819
2819 1568 2685
2685 1568 2819
545 791 2288
791 545 2288
2288 545 791
745 1942 2781
1942 745 2781
2781 745 1942
1893 2348 2796
2796 1893 2348
2348 1893 2796
216 2094 2358
2094 216 2358
2358 216 2094
2442 1690 2857
1690 2442 2857
2857 1690 2442
2823 979 1006
1006 979 2823
979 1006 2823
2578 2141 2977
2141 2578 2977
2977 2141 2578
2776 768 1209
1209 768 2776
768 1209 2776
2227 298 890
298 890 2227
890 298 2227
2651 207 2723
2723 207 2651
207 2651 2723
602 211 2182
2182 211 602
211 602 2182
1914 1063 1095
1095 1063 1914
1063 1095 1914
1248 836 952
836 952 1248
952 836 1248
1055 1045 2239
1045 1055 2239
2239 1045 1055
421 1039 2231
2231 421 1039
1039 421 2231
1940 28 1490
1490 28 1940
28 1490 1940
2399 185 2151
2151 185 2399
185 2151 2399
931 1715 2080
1715 931 2080
2080 931 1715
1018 425 1862
425 1018 1862
1862 425 1018
614 640 2267
640 614 2267
2267 614 640
389 2585 2787
2787 389 2585
2585 389 2787
143 650 1407
1407 143 650
650 143 1407
1386 289 883
289 883 1386
883 289 1386
987 849 2007
849 987 2007
2007 849 987
2003 1394 2558
2558 1394 2003
1394 2003 2558
205 608 1487
608 205 1487
1487 205 608
1774 757 2532
757 1774 2532
2532 757 1774
2421 2561 2842
2561 2421 2842
2842 2421 2561
1376 2083 2665
2083 1376 2665
2665 1376 2083
169 1489 2412
1489 169 2412
2412 169 1489
2682 367 419
419 367 2682
367 419 2682
2716 1132 2967
2967 1132 2716
1132 2716 2967
1733 1392 2392
1392 1733 2392
2392 1392 1733
130 1338 2206
2206 130 1338
1338 130 2206
1163 315 1044
315 1044 1163
1044 315 1163
651 438 2899
438 651 2899
2899 438 651
1825 775 1047
1047 775 1825
775 1047 1825
331 361 688
688 331 361
361 331 688
2029 1852 1954
1954 1852 2029
1852 1954 2029
1237 731 1324
1324 731 1237
731 1237 1324
2866 1762 2881
1762 2866 2881
2881 1762 2866
612 939 2735
2735 612 939
939 612 2735
2199 1730 2733
2733 1730 2199
1730 2199 2733
610 635 2048
2048 610 635
635 610 2048
715 769 824
769 715 824
824 715 769
200 829 1210
1210 200 829
829 200 1210
1312 758 2678
2678 758 1312
758 1312 2678
1346 450 509
509 450 1346
450 509 1346
399 2390 2414
2414 399 2390
2390 399 2414
2347 339 2873
2873 339 2347
339 2347 2873
2433 1158 2162
2162 1158 2433
1158 2162 2433
2205 324 2226
324 2205 2226
2226 324 2205
1384 384 2683
384 1384 2683
2683 384 1384
1830 1936 2372
2372 1830 1936
1936 1830 2372
2076 1060 2828
2828 1060 2076
1060 2076 2828
1054 160 770
770 160 1054
160 770 1054
2210 317 1106
1106 317 2210
317 1106 2210
2484 705 1074
705 1074 2484
1074 705 2484
537 34 1633
1633 34 537
34 537 1633
2706 113 782
113 782 2706
782 113 2706
2612 991 1494
1494 991 2612
991 1494 2612
1706 302 2198
302 1706 2198
2198 302 1706
520 60 2008
60 520 2008
2008 60 520
2914 1408 2974
1408 2914 2974
2974 1408 2914
1281 1004 2614
1004 1281 2614
2614 1004 1281
1939 1283 1453
1453 1283 1939
1283 1453 1939
2415 764 1592
1592 764 2415
764 1592 2415
277 1617 2491
1617 277 2491
2491 277 1617
2241 21 1588
21 1588 2241
1588 21 2241
2592 1350 2750
2750 1350 2592
1350 2592 2750
658 1258 2452
1258 658 2452
2452 658 1258
92 1500 2791
2791 92 1500
1500 92 2791
1790 529 2520
2520 529 1790
529 1790 2520
780 748 2320
748 780 2320
2320 748 780
636 10 1252
10 636 1252
1252 10 636
2126 1668 2100
2100 1668 2126
1668 2100 2126
84 358 1083
358 84 1083
1083 84 358
734 742 1491
742 734 1491
1491 734 742
568 40 129
129 40 568
40 129 568
1024 875 914
914 875 1024
875 914 1024
697 380 2219
380 697 2219
2219 380 697
1804 1632 2436
2436 1632 1804
1632 1804 2436
2976 1896 2908
2908 1896 2976
1896 2908 2976
649 142 1947
1947 142 649
142 649 1947
2242 394 993
394 993 2242
993 394 2242
1752 93 1368
93 1368 1752
1368 93 1752
522 2042 2810
2042 522 2810
2810 522 2042
1331 911 1369
1369 911 1331
911 1331 1369
2550 2724 2964
2724 2550 2964
2964 2550 2724
915 2562 2778
2778 915 2562
2562 915 2778
179 1271 2360
1271 179 2360
2360 179 1271
491 1212 2352
1212 491 2352
2352 491 1212
1402 375 2264
375 1402 2264
2264 375 1402
1360 1821 2082
1821 1360 2082
2082 1360 1821
2946 177 959
959 177 2946
177 959 2946
2155 753 874
874 753 2155
753 874 2155
402 680 2586
680 402 2586
2586 402 680
1046 269 1456
1456 269 1046
269 1046 1456
1289 8 2185
2185 8 1289
8 1289 2185
2023 469 1566
469 1566 2023
1566 469 2023
2570 936 977
936 977 2570
977 936 2570
68 567 1178
567 68 1178
1178 68 567
1301 460 2690
2690 460 1301
460 1301 2690
220 105 2510
105 220 2510
2510 105 220
2034 1347 2814
1347 2034 2814
2814 1347 2034
1861 540 1235
1235 540 1861
540 1235 1861
475 1058 1992
1058 475 1992
1992 475 1058
1899 2474 2477
2474 1899 2477
2477 1899 2474
887 203 735
203 735 887
735 203 887
992 1081 1629
1629 992 1081
1081 992 1629
2643 524 2722
2722 524 2643
524 2643 2722
154 2756 2942
2942 154 2756
2756 154 2942
1128 1765 2674
2674 1128 1765
1765 1128 2674
678 2923 2933
2933 678 2923
2923 678 2933
1497 507 975
975 507 1497
507 975 1497
2792 512 919
512 919 2792
919 512 2792
1527 867 1685
867 1527 1685
1685 867 1527
278 607 1345
607 278 1345
1345 278 607
1202 597 698
698 597 1202
597 698 1202
2573 1409 2701
2701 1409 2573
1409 2573 2701
2089 172 184
172 184 2089
184 172 2089
2490 845 1478
845 1478 2490
1478 845 2490
1811 2465 2587
2465 1811 2587
2587 1811 2465
2987 416 1219
416 1219 2987
1219 416 2987
2686 1856 2786
1856 2686 2786
2786 1856 2686
700 1214 1884
1214 700 1884
1884 700 1214
162 202 2254
202 162 2254
2254 162 202
1541 138 2659
138 1541 2659
2659 138 1541
1937 592 1714
592 1714 1937
1714 592 1937
2103 497 798
497 798 2103
798 497 2103
2673 811 1721
1721 811 2673
811 1721 2673
2523 251 2632
251 2523 2632
2632 251 2523
1818 1154 1467
1154 1467 1818
1467 1154 1818
2699 1299 2093
1299 2093 2699
2093 1299 2699
2577 9 556
9 556 2577
556 9 2577
24 2712 2841
2712 24 2841
2841 24 2712
2353 126 1498
126 1498 2353
1498 126 2353
1988 548 1005
548 1005 1988
1005 548 1988
1234 38 2363
38 1234 2363
2363 38 1234
1699 2200 2486
2200 1699 2486
2486 1699 2200
249 25 2785
2785 25 249
25 249 2785
1913 633 1545
1545 633 1913
633 1545 1913
2314 467 2667
2667 467 2314
467 2314 2667
2725 248 2715
2715 248 2725
248 2715 2725
1613 646 1300
646 1300 1613
1300 646 1613
1184 729 2861
729 1184 2861
2861 729 1184
1226 1211 1265
1265 1211 1226
1211 1226 1265
2950 332 510
510 332 2950
332 510 2950
2820 119 569
569 119 2820
119 569 2820
2224 148 1459
1459 148 2224
148 1459 2224
1517 83 1567
83 1517 1567
1567 83 1517
675 1285 1288
1288 675 1285
1285 675 1288
95 873 2329
2329 95 873
873 95 2329
2905 2235 2943
2235 2905 2943
2943 2235 2905
100 174 1979
174 100 1979
1979 100 174
1335 966 2171
966 1335 2171
2171 966 1335
994 1304 1388
1388 994 1304
1304 994 1388
1157 304 2212
2212 304 1157
304 1157 2212
426 271 2397
2397 271 426
271 426 2397
2514 632 726
632 726 2514
726 632 2514
1960 1069 1906
1069 1906 1960
1906 1069 1960
178 139 1881
1881 139 178
139 178 1881
1870 1732 2104
2104 1732 1870
1732 1870 2104
1771 1227 2901
2901 1227 1771
1227 1771 2901
253 204 972
204 253 972
972 204 253
1429 489 1223
489 1223 1429
1223 489 1429
197 627 2061
627 197 2061
2061 197 627
1725 67 2169
2169 67 1725
67 1725 2169
1483 1591 1963
1591 1483 1963
1963 1483 1591
487 1614 1878
1878 487 1614
1614 487 1878
2117 286 2777
286 2117 2777
2777 286 2117
2853 1692 1883
1883 1692 2853
1692 1883 2853
2554 1266 2654
1266 2554 2654
2654 1266 2554
2508 902 1678
1678 902 2508
902 1678 2508
1079 1863 1910
1910 1079 1863
1863 1079 1910
123 807 2099
807 123 2099
2099 123 807
1136 1365 2299
2299 1136 1365
1365 1136 2299
588 835 2761
2761 588 835
835 588 2761
2173 1551 2559
1551 2173 2559
2559 1551 2173
960 486 2060
2060 486 960
486 960 2060
2687 441 2617
441 2617 2687
2617 441 2687
2404 2261 2913
2261 2404 2913
2913 2261 2404
2718 2361 2446
2361 2446 2718
2446 2361 2718
1025 1610 1876
1876 1025 1610
1610 1025 1876
1586 506 1757
506 1586 1757
1757 506 1586
750 719 2525
2525 719 750
719 750 2525
1956 341 721
341 721 1956
721 341 1956
72 644 998
998 72 644
644 72 998
2470 306 1040
1040 306 2470
306 1040 2470
1134 63 669
669 63 1134
63 669 1134
2057 1577 2719
2719 1577 2057
1577 2057 2719
1087 457 552
552 457 1087
457 552 1087
1112 838 2538
838 1112 2538
2538 838 1112
2589 996 1583
996 1583 2589
1583 996 2589
725 305 1820
1820 305 725
305 725 1820
2091 513 728
513 728 2091
728 513 2091
2208 1867 2233
1867 2208 2233
2233 1867 2208
1806 674 1740
1740 674 1806
674 1740 1806
2798 583 2118
2118 583 2798
583 2118 2798
809 264 1970
1970 264 809
264 809 1970
1809 292 747
747 292 1809
292 747 1809
1895 1477 2564
2564 1477 1895
1477 1895 2564
427 787 980
980 427 787
787 427 980
1290 456 2754
456 1290 2754
2754 456 1290
2688 879 2015
879 2015 2688
2015 879 2688
1845 1917 2116
1917 1845 2116
2116 1845 1917
749 2479 2766
2479 749 2766
2766 749 2479
521 1385 1738
1738 521 1385
1385 521 1738
2485 687 2880
2880 687 2485
687 2485 2880
2981 1084 2054
2054 1084 2981
1084 2054 2981
1001 363 1129
363 1001 1129
1129 363 1001
279 296 2286
2286 279 296
296 279 2286
916 1903 2166
2166 916 1903
1903 916 2166
2929 274 1941
274 1941 2929
1941 274 2929
666 316 2727
316 666 2727
2727 316 666
1991 2290 2764
2290 1991 2764
2764 1991 2290
2517 245 1666
245 1666 2517
1666 245 2517
368 270 2259
270 368 2259
2259 270 368
2607 1311 1787
1787 1311 2607
1311 1787 2607
1000 116 1427
116 1000 1427
1427 116 1000
2120 1476 2049
1476 2049 2120
2049 1476 2120
926 66 151
66 151 926
151 66 926
1704 859 2579
2579 859 1704
859 1704 2579
938 1077 2440
1077 938 2440
2440 938 1077
1813 850 1314
1314 850 1813
850 1314 1813
1502 117 1349
117 1349 1502
1349 117 1502
2377 2084 2111
2111 2084 2377
2084 2111 2377
1405 546 1395
546 1395 1405
1395 546 1405
1308 1313 1976
1313 1308 1976
1976 1308 1313
2186 1015 2757
2757 1015 2186
1015 2186 2757
1763 970 2679
2679 970 1763
970 1763 2679
1195 1857 2970
1857 1195 2970
2970 1195 1857
2 1455 1466
1455 2 1466
1466 2 1455
1473 1351 2937
2937 1351 1473
1351 1473 2937
170 857 1966
1966 170 857
857 170 1966
386 1698 2121
2121 386 1698
1698 386 2121
692 574 2511
2511 574 692
574 692 2511
1492 1892 2713
1892 1492 2713
2713 1492 1892
762 557 2369
2369 557 762
557 762 2369
1872 682 2176
682 1872 2176
2176 682 1872
880 311 1159
1159 311 880
311 880 1159
1983 163 1462
1462 163 1983
163 1462 1983
168 36 474
36 168 474
474 36 168
2079 2069 2624
2069 2079 2624
2624 2069 2079
2811 1444 2158
2158 1444 2811
1444 2158 2811
2389 429 1657
429 1657 2389
1657 429 2389
2378 198 2956
198 2378 2956
2956 198 2378
1651 797 978
797 978 1651
978 797 1651
1618 458 2244
2244 458 1618
458 1618 2244
261 1155 2493
2493 261 1155
1155 261 2493
2556 1196 2321
1196 2321 2556
2321 1196 2556
1582 779 2365
779 1582 2365
2365 779 1582
1249 13 445
445 13 1249
13 445 1249
642 679 1048
1048 642 679
679 642 1048
2147 572 1753
572 1753 2147
1753 572 2147
1773 395 2932
2932 395 1773
395 1773 2932
2379 2563 2593
2563 2379 2593
2593 2379 2563
2569 447 518
518 447 2569
447 518 2569
2652 263 1085
1085 263 2652
263 1085 2652
1050 325 586
325 586 1050
586 325 1050
1342 131 2451
131 1342 2451
2451 131 1342
854 2087 2114
2087 854 2114
2114 854 2087
1337 694 1451
1451 694 1337
694 1337 1451
1108 1390 1647
1390 1108 1647
1647 1108 1390
180 663 2552
2552 180 663
663 180 2552
1648 500 2557
500 1648 2557
2557 500 1648
920 1053 2167
1053 920 2167
2167 920 1053
140 2024 2528
2528 140 2024
2024 140 2528
2395 1168 2305
1168 2305 2395
2305 1168 2395
2149 1374 1654
1654 1374 2149
1374 1654 2149
1634 886 999
999 886 1634
886 999 1634
482 1137 1542
1542 482 1137
1137 482 1542
2544 336 407
336 407 2544
407 336 2544
1259 877 2952
2952 877 1259
877 1259 2952
1986 348 1246
1246 348 1986
348 1246 1986
2260 1471 2178
2178 1471 2260
1471 2178 2260
690 1291 1694
1694 690 1291
1291 690 1694
266 948 1689
948 266 1689
1689 266 948
2885 1126 2808
1126 2808 2885
2808 1126 2885
1111 810 1894
810 1111 1894
1894 810 1111
990 2109 2858
2858 990 2109
2109 990 2858
707 943 1578
943 707 1578
1578 707 943
1307 1151 1680
1680 1151 1307
1151 1307 1680
2847 643 1041
1041 643 2847
643 1041 2847
2274 2335 2838
2335 2274 2838
2838 2274 2335
2813 199 2941
199 2813 2941
2941 199 2813
2472 965 1829
965 1829 2472
1829 965 2472
1229 2736 2916
2736 1229 2916
2916 1229 2736
1002 2515 2870
2515 1002 2870
2870 1002 2515
17 2319 2441
2441 17 2319
2319 17 2441
1625 813 2883
2883 813 1625
813 1625 2883
657 1574 2524
2524 657 1574
1574 657 2524
1179 408 701
408 701 1179
701 408 1179
634 1448 2033
1448 634 2033
2033 634 1448
1486 71 2689
71 1486 2689
2689 71 1486
1457 1 1027
1027 1 1457
1 1027 1457
42 43 2702
43 42 2702
2702 42 43
2345 444 1781
1781 444 2345
444 1781 2345
89 1938 2215
1938 89 2215
2215 89 1938
2954 1378 2406
2406 1378 2954
1378 2406 2954
733 951 2621
2621 733 951
951 733 2621
709 1564 2645
2645 709 1564
1564 709 2645
882 1841 2541
2541 882 1841
1841 882 2541
2064 46 2503
2503 46 2064
46 2064 2503
511 1379 1611
1611 511 1379
1379 511 1611
27 2150 2266
2150 27 2266
2266 27 2150
1933 233 1767
233 1767 1933
1767 233 1933
2229 1736 2382
2382 1736 2229
1736 2229 2382
115 2180 2788
2180 115 2788
2788 115 2180
2316 1768 1864
1864 1768 2316
1768 1864 2316
97 714 2035
714 97 2035
2035 97 714
2400 241 1535
241 1535 2400
1535 241 2400
1135 869 1546
869 1135 1546
1546 869 1135
2824 1361 1495
1361 1495 2824
1495 1361 2824
1418 1391 2214
1391 1418 2214
2214 1391 1418
2276 1358 1673
1358 1673 2276
1673 1358 2276
767 534 744
744 534 767
534 744 767
2416 792 1010
792 1010 2416
1010 792 2416
1595 1122 2108
1122 1595 2108
2108 1122 1595
1336 1713 1912
1912 1336 1713
1713 1336 1912
310 1400 1454
1400 310 1454
1454 310 1400
2409 273 823
823 273 2409
273 823 2409
1827 1149 1468
1149 1468 1827
1468 1149 1827
2960 201 1480
201 1480 2960
1480 201 2960
847 1460 2869
2869 847 1460
1460 847 2869
1569 1978 2658
1978 1569 2658
2658 1569 1978
2081 338 2971
338 2081 2971
2971 338 2081
468 181 1525
1525 181 468
181 468 1525
1433 702 1641
702 1433 1641
1641 702 1433
2884 563 2661
563 2661 2884
2661 563 2884
1364 918 2005
918 1364 2005
2005 918 1364
2403 2428 2676
2428 2403 2676
2676 2403 2428
2223 357 2906
357 2223 2906
2906 357 2223
1339 1072 2636
2636 1072 1339
1072 1339 2636
1985 1101 2501
1101 1985 2501
2501 1101 1985
1499 1175 1596
1175 1499 1596
1596 1175 1499
1328 564 1838
1838 564 1328
564 1328 1838
431 625 1096
625 431 1096
1096 431 625
2708 571 1198
571 1198 2708
1198 571 2708
1150 194 2513
194 1150 2513
2513 194 1150
638 1109 2279
1109 638 2279
2279 638 1109
1125 398 732
398 732 1125
732 398 1125
2466 544 1356
544 1356 2466
1356 544 2466
1020 2531 2611
2531 1020 2611
2611 1020 2531
2893 2165 2179
2179 2165 2893
2165 2179 2893
2196 452 1538
452 1538 2196
1538 452 2196
1679 553 1420
1420 553 1679
553 1420 1679
2341 1436 2940
1436 2341 2940
2940 1436 2341
329 578 956
956 329 578
578 329 956
448 618 2602
618 448 2602
2602 448 618
1474 2213 2326
2326 1474 2213
2213 1474 2326
2975 1205 1207
1207 1205 2975
1205 1207 2975
708 439 1204
1204 439 708
439 708 1204
1273 52 660
660 52 1273
52 660 1273
1373 75 1152
1152 75 1373
75 1152 1373
1233 740 2627
740 1233 2627
2627 740 1233
1437 228 2584
2584 228 1437
228 1437 2584
1091 293 480
293 480 1091
480 293 1091
282 189 1011
189 282 1011
1011 189 282
2095 2133 2966
2966 2095 2133
2133 2095 2966
2232 1590 2730
2730 1590 2232
1590 2232 2730
741 156 923
156 741 923
923 156 741
223 958 2444
2444 223 958
958 223 2444
1669 246 1170
1170 246 1669
246 1170 1669
1728 1082 1565
1565 1082 1728
1082 1565 1728
821 1061 1419
1061 821 1419
1419 821 1061
1193 604 1561
604 1193 1561
1561 604 1193
946 1421 2067
1421 946 2067
2067 946 1421
1866 1869 2927
2927 1866 1869
1869 1866 2927
221 686 2675
2675 221 686
686 221 2675
133 621 1758
1758 133 621
621 133 1758
1098 134 417
417 134 1098
134 417 1098
1382 1317 2002
2002 1317 1382
1317 1382 2002
872 347 2449
347 872 2449
2449 347 872
1783 2132 2747
2747 1783 2132
2132 1783 2747
1723 519 1529
519 1529 1723
1529 519 1723
26 842 2596
2596 26 842
842 26 2596
1638 1508 2458
1508 1638 2458
2458 1508 1638
814 555 1672
1672 555 814
555 814 1672
30 617 1962
1962 30 617
617 30 1962
1601 684 2202
684 1601 2202
2202 684 1601
2681 802 2275
802 2275 2681
2275 802 2681
2154 1243 1509
1243 1509 2154
1509 1243 2154
1987 86 2303
2303 86 1987
86 1987 2303
301 827 1776
827 301 1776
1776 301 827
812 410 1353
1353 410 812
410 812 1353
997 2022 2663
2022 997 2663
2663 997 2022
1589 490 1449
490 1449 1589
1449 490 1589
2930 1277 2717
1277 2717 2930
2717 1277 2930
37 464 1615
1615 37 464
464 37 1615
1989 776 2112
2112 776 1989
776 1989 2112
2669 1316 1323
1316 1323 2669
1323 1316 2669
299 1452 1902
1902 299 1452
1452 299 1902
933 2107 2211
2211 933 2107
2107 933 2211
2599 1194 2711
2711 1194 2599
1194 2599 2711
1901 1696 2016
2016 1696 1901
1696 1901 2016
2919 670 1908
1908 670 2919
670 1908 2919
889 907 2374
2374 889 907
907 889 2374
2812 801 1406
1406 801 2812
801 1406 2812
1874 35 1357
1357 35 1874
35 1357 1874
784 1934 2140
1934 784 2140
2140 784 1934
953 1475 2996
1475 953 2996
2996 953 1475
967 45 899
899 45 967
45 899 967
1032 1510 2385
2385 1032 1510
1510 1032 2385
1057 1619 2949
1619 1057 2949
2949 1057 1619
446 472 1371
472 446 1371
1371 446 472
2272 436 2456
2456 436 2272
436 2272 2456
1990 2021 2732
2732 1990 2021
2021 1990 2732
2623 1630 2608
2608 1630 2623
1630 2608 2623
1584 459 2990
2990 459 1584
459 1584 2990
1256 1215 1626
1626 1215 1256
1215 1256 1626
1383 1440 2427
2427 1383 1440
1440 1383 2427
2779 756 793
793 756 2779
756 793 2779
1203 108 2997
108 1203 2997
2997 108 1203
1731 443 2119
2119 443 1731
443 1731 2119
1747 1088 2047
1088 1747 2047
2047 1088 1747
353 1031 2063
2063 353 1031
1031 353 2063
1062 559 2496
559 1062 2496
2496 559 1062
1604 1711 2194
2194 1604 1711
1711 1604 2194
2071 532 795
532 795 2071
795 532 2071
898 884 2746
884 898 2746
2746 884 898
1267 1254 1540
1540 1254 1267
1254 1267 1540
1051 1016 2867
1016 1051 2867
2867 1016 1051
2053 1722 2555
1722 2053 2555
2555 1722 2053
1120 2662 2799
2799 1120 2662
2662 1120 2799
2695 235 1800
1800 235 2695
235 1800 2695
1344 1506 1531
1531 1344 1506
1506 1344 1531
2605 167 1616
167 1616 2605
1616 167 2605
2459 493 2742
493 2459 2742
2742 493 2459
1116 576 2672
2672 576 1116
576 1116 2672
1784 1352 2424
1352 1784 2424
2424 1352 1784
2726 90 2075
2075 90 2726
90 2075 2726
2317 631 1593
1593 631 2317
631 1593 2317
1372 430 2783
430 1372 2783
2783 430 1372
1931 428 820
820 428 1931
428 820 1931
841 2398 2684
2398 841 2684
2684 841 2398
2957 250 2780
250 2780 2957
2780 250 2957
1310 1808 1968
1968 1310 1808
1808 1310 1968
2131 73 1294
1294 73 2131
73 1294 2131
945 843 2362
2362 843 945
843 945 2362
1905 833 1043
1043 833 1905
833 1043 1905
2827 1366 2315
2315 1366 2827
1366 2315 2827
7 1606 2106
2106 7 1606
1606 7 2106
1859 335 477
477 335 1859
335 477 1859
876 396 637
396 637 876
637 396 876
1764 1208 1973
1973 1208 1764
1208 1764 1973
409 114 275
114 275 409
275 114 409
44 146 1770
146 44 1770
1770 44 146
1026 560 1216
560 1026 1216
1216 560 1026
2270 2769 2876
2876 2270 2769
2769 2270 2876
2435 1598 1702
1598 1702 2435
1702 1598 2435
2844 2218 2306
2306 2218 2844
2218 2306 2844
1199 2582 2865
2582 1199 2865
2865 1199 2582
1559 903 1898
903 1559 1898
1898 903 1559
2720 2355 2431
2355 2431 2720
2431 2355 2720
102 422 2696
422 102 2696
2696 102 422
1544 64 730
730 64 1544
64 730 1544
2262 1103 2655
2655 1103 2262
1103 2262 2655
218 1029 1370
1370 218 1029
1029 218 1370
1981 1549 2845
2845 1549 1981
1549 1981 2845
79 2139 2333
2139 79 2333
2333 79 2139
1929 11 703
11 703 1929
703 11 1929
2070 804 2945
2945 804 2070
804 2070 2945
589 1536 1575
1536 589 1575
1575 589 1536
722 58 501
501 58 722
58 501 722
2411 1161 1187
1161 1187 2411
1187 1161 2411
420 41 2803
2803 41 420
41 420 2803
727 1748 1823
1823 727 1748
1748 727 1823
1059 485 2648
485 1059 2648
2648 485 1059
2311 1782 2982
2982 1782 2311
1782 2311 2982
2473 806 1777
806 1777 2473
1777 806 2473
312 2344 2580
2580 312 2344
2344 312 2580
2236 1007 1413
1007 1413 2236
1413 1007 2236
2343 623 1796
1796 623 2343
623 1796 2343
2078 496 531
531 496 2078
496 531 2078
1980 1100 1182
1100 1182 1980
1182 1100 1980
1677 1652 2245
2245 1652 1677
1652 1677 2245
1518 1949 2220
1949 1518 2220
2220 1518 1949
2512 294 1993
294 1993 2512
1993 294 2512
599 1280 1877
1280 599 1877
1877 599 1280
668 59 1532
1532 59 668
59 668 1532
1424 934 2310
934 1424 2310
2310 934 1424
1143 1185 1707
1185 1143 1707
1707 1143 1185
940 483 2371
483 940 2371
2371 483 940
2454 968 2197
968 2197 2454
2197 968 2454
2177 2482 2737
2482 2177 2737
2737 2177 2482
1522 655 2143
655 1522 2143
2143 655 1522
2601 647 1404
1404 647 2601
647 1404 2601
2613 1851 2953
2953 1851 2613
1851 2613 2953
2728 2498 2693
2498 2693 2728
2693 2498 2728
947 1955 2620
1955 947 2620
2620 947 1955
746 2135 2993
2135 746 2993
2993 746 2135
465 360 1438
1438 360 465
360 465 1438
2807 1778 2571
1778 2571 2807
2571 1778 2807
2009 2066 2281
2281 2009 2066
2066 2009 2281
2422 615 892
615 892 2422
892 615 2422
954 1464 2958
2958 954 1464
1464 954 2958
56 1305 1434
1434 56 1305
1305 56 1434
1114 377 2896
2896 377 1114
377 1114 2896
1735 1891 2492
2492 1735 1891
1891 1735 2492
2521 781 1957
1957 781 2521
781 1957 2521
2989 852 2457
852 2457 2989
2457 852 2989
18 440 1637
1637 18 440
440 18 1637
739 451 2129
2129 451 739
451 739 2129
2228 176 350
350 176 2228
176 350 2228
356 822 1653
822 356 1653
1653 356 822
1165 262 1670
1670 262 1165
262 1165 1670
2653 1260 2907
2907 1260 2653
1260 2653 2907
1117 193 432
193 432 1117
432 193 1117
2767 16 403
403 16 2767
16 403 2767
539 1276 2340
1276 539 2340
2340 539 1276
2581 120 423
120 423 2581
423 120 2581
393 1049 1232
1049 393 1232
1232 393 1049
2903 33 2031
33 2031 2903
2031 33 2903
383 155 2835
155 383 2835
2835 155 383
846 1230 1839
1230 846 1839
1839 846 1230
2567 1076 2548
2548 1076 2567
1076 2548 2567
51 1442 2332
2332 51 1442
1442 51 2332
2603 549 1075
1075 549 2603
549 1075 2603
622 983 1865
1865 622 983
983 622 1865
1461 985 2312
985 1461 2312
2312 985 1461
1798 374 1926
1926 374 1798
374 1798 1926
2900 362 2011
2011 362 2900
362 2011 2900
1802 321 2025
321 1802 2025
2025 321 1802
2751 39 2955
2955 39 2751
39 2751 2955
1065 973 2740
973 1065 2740
2740 973 1065
1560 894 2639
894 1560 2639
2639 894 1560
1131 2105 2163
2163 1131 2105
2105 1131 2163
619 1224 2359
2359 619 1224
1224 619 2359
478 2304 2920
2920 478 2304
2304 478 2920
22 1428 2430
1428 22 2430
2430 22 1428
96 326 2969
326 96 2969
2969 96 326
2065 1416 2984
1416 2065 2984
2984 1416 2065
2598 2018 2938
2938 2018 2598
2018 2598 2938
2760 2148 2831
2148 2760 2831
2831 2148 2760
1887 1684 2190
2190 1684 1887
1684 1887 2190
1255 566 1573
566 1255 1573
1573 566 1255
1547 2209 3000
2209 1547 3000
3000 1547 2209
2464 297 2370
2370 297 2464
297 2370 2464
1826 322 1871
322 1826 1871
1871 322 1826
1656 2644 2721
2644 1656 2721
2721 1656 2644
1231 1794 1807
1794 1231 1807
1807 1231 1794
2295 2258 2694
2694 2258 2295
2258 2295 2694
2394 295 1708
295 1708 2394
1708 295 2394
870 1275 2850
2850 870 1275
1275 870 2850
2692 743 2840
743 2692 2840
2840 743 2692
626 1244 1620
1244 626 1620
1620 626 1244
1119 462 2986
2986 462 1119
462 1119 2986
1516 1274 2553
2553 1274 1516
1274 1516 2553
1104 1287 1528
1528 1104 1287
1287 1104 1528
2156 1515 2302
1515 2156 2302
2302 1515 2156
247 337 1769
1769 247 337
337 247 1769
766 1389 2863
1389 766 2863
2863 766 1389
1298 5 580
5 580 1298
580 5 1298
2417 2447 2698
2698 2417 2447
2447 2417 2698
503 260 788
260 503 788
788 260 503
1982 359 2168
2168 359 1982
359 1982 2168
2296 1262 2574
1262 2296 2574
2574 1262 2296
2426 342 2405
342 2405 2426
2405 342 2426
2280 1950 2184
1950 2184 2280
2184 1950 2280
2797 720 1835
720 1835 2797
1835 720 2797
1068 1268 1355
1355 1068 1268
1268 1068 1355
2542 1167 2467
1167 2467 2542
2467 1167 2542
1803 78 641
641 78 1803
78 641 1803
2039 584 2195
584 2039 2195
2195 584 2039
2518 865 2888
865 2518 2888
2888 865 2518
2790 238 1186
1186 238 2790
238 1186 2790
1145 1107 2638
2638 1107 1145
1107 1145 2638
2547 1643 2910
1643 2547 2910
2910 1643 2547
1700 300 1628
1628 300 1700
300 1628 1700
1788 1330 2978
1330 1788 2978
2978 1330 1788
2772 132 2469
132 2469 2772
2469 132 2772
2918 861 1019
861 1019 2918
1019 861 2918
1070 1780 2271
1780 1070 2271
2271 1070 1780
577 2445 2549
2445 577 2549
2549 577 2445
717 158 2892
158 717 2892
2892 158 717
927 109 454
109 454 927
454 109 927
104 135 1147
1147 104 135
135 104 1147
1581 718 1012
718 1012 1581
1012 718 1581
1885 2606 2815
2606 1885 2815
2815 1885 2606
2251 188 1363
188 1363 2251
1363 188 2251
2529 230 1805
1805 230 2529
230 1805 2529
1359 2289 2527
2289 1359 2527
