2120 1203 1253
1253 1203 2120
1203 1253 2120
1431 1831 2512
2512 1431 1831
1831 1431 2512
2422 151 1784
151 1784 2422
1784 151 2422
407 240 2497
2497 240 407
240 407 2497
12 895 1465
1465 12 895
895 12 1465
1695 3 1197
3 1197 1695
1197 3 1695
1692 163 765
163 765 1692
765 163 1692
1449 28 2872
2872 28 1449
28 1449 2872
1451 651 1841
651 1451 1841
1841 651 1451
2519 963 1556
963 1556 2519
1556 963 2519
2862 1653 2725
2725 1653 2862
1653 2725 2862
1165 2554 2607
2554 1165 2607
2607 1165 2554
1591 955 1632
955 1591 1632
1632 955 1591
2904 374 1702
1702 374 2904
374 1702 2904
123 499 2576
499 123 2576
2576 123 499
350 223 2753
2753 223 350
223 350 2753
2496 705 788
788 705 2496
705 788 2496
1817 268 1109
268 1109 1817
1109 268 1817
1026 829 1338
829 1026 1338
1338 829 1026
2568 237 1348
1348 237 2568
237 1348 2568
1606 1052 1548
1052 1548 1606
1548 1052 1606
1033 1349 1374
1374 1033 1349
1349 1033 1374
688 1650 1749
1650 688 1749
1749 688 1650
2038 2720 2934
2934 2038 2720
2720 2038 2934
2746 704 1902
704 1902 2746
1902 704 2746
364 206 317
317 206 364
206 317 364
2888 1322 1911
1322 1911 2888
1911 1322 2888
815 721 1538
721 815 1538
1538 721 815
1333 1779 2870
1779 1333 2870
2870 1333 1779
2390 1210 2274
1210 2274 2390
2274 1210 2390
1942 2560 2726
2560 1942 2726
2726 1942 2560
2303 1244 2103
1244 2103 2303
2103 1244 2303
327 245 1288
245 327 1288
1288 245 327
1199 2118 2129
2129 1199 2118
2118 1199 2129
1037 533 1355
1355 533 1037
533 1037 1355
1422 1519 2852
1519 1422 2852
2852 1422 1519
657 536 2958
536 657 2958
2958 536 657
254 52 1092
52 254 1092
1092 52 254
81 778 1585
1585 81 778
778 81 1585
2997 818 2301
818 2301 2997
2301 818 2997
1475 1510 2948
1510 1475 2948
2948 1475 1510
1984 997 2034
2034 997 1984
997 1984 2034
2101 116 1886
116 1886 2101
1886 116 2101
1691 2037 2572
2572 1691 2037
2037 1691 2572
428 983 2343
983 428 2343
2343 428 983
292 1683 2149
2149 292 1683
1683 292 2149
313 748 2469
748 313 2469
2469 313 748
446 1160 2773
2773 446 1160
1160 446 2773
131 931 2379
931 131 2379
2379 131 931
1017 2176 2264
2264 1017 2176
2176 1017 2264
1438 1196 2739
2739 1196 1438
1196 1438 2739
2981 1105 2005
1105 2005 2981
2005 1105 2981
940 2060 2102
2102 940 2060
2060 940 2102
757 2846 2879
2846 757 2879
2879 757 2846
452 1472 1608
1608 452 1472
1472 452 1608
1319 1086 2848
1086 1319 2848
2848 1086 1319
2049 1257 2162
1257 2049 2162
2162 1257 2049
1638 965 2538
965 1638 2538
2538 965 1638
1155 1682 2243
1682 1155 2243
2243 1155 1682
655 902 1898
902 655 1898
1898 655 902
1147 1479 1740
1740 1147 1479
1479 1147 1740
255 614 2456
614 255 2456
2456 255 614
111 134 2345
2345 111 134
134 111 2345
625 1735 2927
2927 625 1735
1735 625 2927
2217 1890 1918
1918 1890 2217
1890 1918 2217
1068 1892 2537
1892 1068 2537
2537 1068 1892
689 1337 1542
1337 689 1542
1542 689 1337
1768 1011 1873
1873 1011 1768
1011 1768 1873
1787 1893 2299
1893 1787 2299
2299 1787 1893
2515 222 1856
1856 222 2515
222 1856 2515
1383 1084 2269
2269 1084 1383
1084 1383 2269
2108 2030 2815
2030 2108 2815
2815 2030 2108
2443 2092 2224
2092 2224 2443
2224 2092 2443
519 1023 1413
1023 519 1413
1413 519 1023
1324 2002 2662
2662 1324 2002
2002 1324 2662
1249 1554 2672
1554 1249 2672
2672 1249 1554
80 140 2262
2262 80 140
140 80 2262
2945 1038 1840
1840 1038 2945
1038 1840 2945
615 219 2159
2159 219 615
219 615 2159
2487 760 1132
1132 760 2487
760 1132 2487
1406 889 1010
1010 889 1406
889 1010 1406
2445 713 2317
2317 713 2445
713 2317 2445
1958 1020 1152
1020 1152 1958
1152 1020 1958
2886 1066 2404
2404 1066 2886
1066 2404 2886
1994 620 1466
1466 620 1994
620 1466 1994
2015 427 1387
1387 427 2015
427 1387 2015
425 5 679
5 425 679
679 5 425
1057 489 2088
489 1057 2088
2088 489 1057
132 1320 2360
2360 132 1320
1320 132 2360
449 806 1035
1035 449 806
806 449 1035
2998 600 2775
600 2775 2998
2775 600 2998
2481 1811 1882
1811 1882 2481
1882 1811 2481
2617 1120 1681
1120 1681 2617
1681 1120 2617
2175 189 2282
189 2175 2282
2282 189 2175
2325 1523 2567
2567 1523 2325
1523 2325 2567
2019 1238 1983
1238 1983 2019
1983 1238 2019
2740 964 2250
964 2250 2740
2250 964 2740
2237 1559 2819
1559 2237 2819
2819 1559 2237
1061 508 2594
508 1061 2594
2594 508 1061
2093 2441 2996
2996 2093 2441
2441 2093 2996
1584 1212 2091
1212 1584 2091
2091 1212 1584
1724 627 2750
2750 627 1724
627 1724 2750
2532 1222 2099
2099 1222 2532
1222 2099 2532
1714 2459 2599
2459 1714 2599
2599 1714 2459
133 34 414
414 34 133
34 133 414
469 2185 2359
2185 469 2359
2359 469 2185
1198 422 2252
2252 422 1198
422 1198 2252
55 2677 2717
2717 55 2677
2677 55 2717
979 416 1511
1511 416 979
416 979 1511
1191 1712 2896
1712 1191 2896
2896 1191 1712
1382 1832 2562
1832 1382 2562
2562 1382 1832
1588 392 2627
2627 392 1588
392 1588 2627
2004 836 2366
836 2004 2366
2366 836 2004
594 413 1294
413 594 1294
1294 413 594
1289 217 1728
217 1289 1728
1728 217 1289
2490 410 2749
410 2490 2749
2749 410 2490
2598 1211 2828
2828 1211 2598
1211 2598 2828
2387 139 1821
1821 139 2387
139 1821 2387
234 192 1178
1178 192 234
192 234 1178
1924 303 1823
1823 303 1924
303 1823 1924
1015 549 668
668 549 1015
549 668 1015
2063 1266 2484
1266 2063 2484
2484 1266 2063
1411 367 2132
367 1411 2132
2132 367 1411
2324 754 863
863 754 2324
754 863 2324
779 272 326
272 326 779
326 272 779
323 1748 2752
2752 323 1748
1748 323 2752
1647 1180 1780
1180 1647 1780
1780 1180 1647
2480 212 1734
212 1734 2480
1734 212 2480
2388 1546 2156
2156 1546 2388
1546 2156 2388
1751 665 870
870 665 1751
665 870 1751
2415 147 1550
147 1550 2415
1550 147 2415
2640 642 1396
1396 642 2640
642 1396 2640
1505 2424 2526
2424 1505 2526
2526 1505 2424
1758 647 1481
647 1481 1758
1481 647 1758
307 595 1149
1149 307 595
595 307 1149
1914 351 2979
2979 351 1914
351 1914 2979
663 354 2751
2751 354 663
354 663 2751
798 1485 2043
1485 798 2043
2043 798 1485
176 461 669
461 176 669
669 176 461
2841 575 1518
1518 575 2841
575 1518 2841
905 1469 1769
1469 905 1769
1769 905 1469
2851 205 2340
205 2340 2851
2340 205 2851
2206 579 1762
579 1762 2206
1762 579 2206
932 1610 1752
1610 932 1752
1752 932 1610
1827 714 2197
2197 714 1827
714 1827 2197
112 1517 2294
2294 112 1517
1517 112 2294
2336 385 899
899 385 2336
385 899 2336
251 891 1130
1130 251 891
891 251 1130
2890 1063 1276
1276 1063 2890
1063 1276 2890
1533 1070 2691
2691 1070 1533
1070 1533 2691
328 1514 2635
1514 328 2635
2635 328 1514
2637 1446 2701
2701 1446 2637
1446 2637 2701
850 616 2235
2235 616 850
616 850 2235
498 567 1676
1676 498 567
567 498 1676
2056 1345 2192
1345 2056 2192
2192 1345 2056
2603 1503 2337
2337 1503 2603
1503 2337 2603
2164 186 2929
2929 186 2164
186 2164 2929
2682 607 2544
2544 607 2682
607 2544 2682
1119 919 2876
2876 919 1119
919 1119 2876
1265 975 1951
1951 975 1265
975 1265 1951
324 1429 1593
1429 324 1593
1593 324 1429
402 252 1723
252 402 1723
1723 252 402
295 1139 2863
2863 295 1139
1139 295 2863
1111 1965 2024
1965 1111 2024
2024 1111 1965
2918 712 881
712 881 2918
881 712 2918
2683 640 1314
640 1314 2683
1314 640 2683
1363 1357 2986
2986 1357 1363
1357 1363 2986
60 803 2730
2730 60 803
803 60 2730
2491 1452 2564
1452 2491 2564
2564 1452 2491
985 379 2800
379 985 2800
2800 379 985
1148 280 2520
280 1148 2520
2520 280 1148
2518 1022 2040
2040 1022 2518
1022 2040 2518
2809 1952 2204
2204 1952 2809
1952 2204 2809
62 698 1459
698 62 1459
1459 62 698
2234 1603 2312
1603 2234 2312
2312 1603 2234
2956 1663 2031
1663 2031 2956
2031 1663 2956
2629 729 2647
729 2629 2647
2647 729 2629
864 231 2334
2334 231 864
231 864 2334
2832 685 1008
1008 685 2832
685 1008 2832
2373 598 2127
598 2127 2373
2127 598 2373
2386 1716 2529
2529 1716 2386
1716 2386 2529
2573 1528 2321
1528 2321 2573
2321 1528 2573
1694 442 1416
1416 442 1694
442 1416 1694
1154 1103 2436
2436 1103 1154
1103 1154 2436
785 418 1457
418 785 1457
1457 418 785
1181 394 1680
1680 394 1181
394 1181 1680
1558 1766 2791
1766 1558 2791
2791 1558 1766
2213 675 2901
675 2213 2901
2901 675 2213
2122 2014 2817
2817 2014 2122
2014 2122 2817
2184 87 2168
2168 87 2184
87 2168 2184
320 336 2953
336 320 2953
2953 320 336
1229 2659 2732
2732 1229 2659
2659 1229 2732
2057 2167 2865
2865 2057 2167
2167 2057 2865
1001 1246 1500
1246 1001 1500
1500 1001 1246
2046 421 590
590 421 2046
421 590 2046
1917 853 1905
853 1905 1917
1905 853 1917
257 1678 2291
1678 257 2291
2291 257 1678
1549 1949 2834
2834 1549 1949
1949 1549 2834
22 511 2029
511 22 2029
2029 22 511
1268 153 1258
153 1258 1268
1258 153 1268
2304 742 1820
742 1820 2304
1820 742 2304
1909 943 2346
2346 943 1909
943 1909 2346
2859 1997 2706
1997 2706 2859
2706 1997 2859
2384 342 1621
342 1621 2384
1621 342 2384
974 2097 2139
2097 974 2139
2139 974 2097
2354 129 340
340 129 2354
129 340 2354
820 897 2803
897 820 2803
2803 820 897
256 1913 2772
1913 256 2772
2772 256 1913
2788 636 1850
636 1850 2788
1850 636 2788
1709 475 1072
1072 475 1709
475 1072 1709
1501 1643 1792
1792 1501 1643
1643 1501 1792
2527 1679 2925
1679 2527 2925
2925 1679 2527
514 2466 2646
2646 514 2466
2466 514 2646
371 1368 2143
1368 371 2143
2143 371 1368
2339 332 2737
332 2339 2737
2737 332 2339
2453 629 2657
629 2453 2657
2657 629 2453
2095 882 2306
2306 882 2095
882 2095 2306
2585 1365 2687
2687 1365 2585
1365 2585 2687
2410 178 1397
1397 178 2410
178 1397 2410
2765 1623 2900
1623 2765 2900
2900 1623 2765
1686 928 2013
2013 928 1686
928 1686 2013
483 1888 1940
1888 483 1940
1940 483 1888
2374 1108 2104
1108 2104 2374
2104 1108 2374
2729 315 915
915 315 2729
315 915 2729
670 64 1927
1927 64 670
64 670 1927
2281 1028 2913
2913 1028 2281
1028 2281 2913
2534 191 2580
2580 191 2534
191 2534 2580
1240 401 2309
2309 401 1240
401 1240 2309
763 1800 2202
1800 763 2202
2202 763 1800
1704 1346 2448
1346 1704 2448
2448 1346 1704
2290 510 926
510 926 2290
926 510 2290
1009 170 2052
170 1009 2052
2052 170 1009
1367 363 554
554 363 1367
363 554 1367
2936 174 909
174 909 2936
909 174 2936
2429 2349 2565
2565 2349 2429
2349 2429 2565
2098 228 2710
2710 228 2098
228 2098 2710
2664 438 1077
438 1077 2664
1077 438 2664
2044 959 2549
2549 959 2044
959 2044 2549
1677 65 2667
2667 65 1677
65 1677 2667
2891 476 592
476 592 2891
592 476 2891
816 161 674
161 674 816
674 161 816
390 807 1316
807 390 1316
1316 390 807
507 1441 2032
1441 507 2032
2032 507 1441
119 694 2660
694 119 2660
2660 119 694
755 868 1834
868 755 1834
1834 755 868
1329 566 845
845 566 1329
566 845 1329
874 861 2632
861 874 2632
2632 861 874
658 562 2989
2989 562 658
562 658 2989
1151 333 1492
333 1151 1492
1492 333 1151
2697 782 843
843 782 2697
782 843 2697
783 1172 1962
1172 783 1962
1962 783 1172
2181 534 1296
534 1296 2181
1296 534 2181
259 274 724
724 259 274
274 259 724
1534 472 2854
472 1534 2854
2854 472 1534
2619 1781 2648
1781 2619 2648
2648 1781 2619
903 1418 2048
1418 903 2048
2048 903 1418
2416 1825 2152
1825 2152 2416
2152 1825 2416
2614 1829 2440
1829 2440 2614
2440 1829 2614
2141 243 1651
243 1651 2141
1651 243 2141
1046 1736 1950
1736 1046 1950
1950 1046 1736
1453 309 1444
1444 309 1453
309 1444 1453
1125 892 1816
892 1125 1816
1816 892 1125
893 610 809
610 809 893
809 610 893
1853 1025 2068
1025 1853 2068
2068 1025 1853
2999 733 1798
1798 733 2999
733 1798 2999
976 2228 2414
2414 976 2228
2228 976 2414
2605 2151 2742
2151 2605 2742
2742 2151 2605
2608 1053 1581
1053 1581 2608
1581 1053 2608
1739 1713 2966
2966 1713 1739
1713 1739 2966
265 1785 2179
2179 265 1785
1785 265 2179
2344 197 2114
2114 197 2344
197 2114 2344
369 2768 2899
2899 369 2768
2768 369 2899
2163 555 2754
2754 555 2163
555 2163 2754
2020 941 2786
2786 941 2020
941 2020 2786
40 104 2435
104 40 2435
2435 40 104
1774 1029 1173
1173 1029 1774
1029 1173 1774
282 1282 1933
1933 282 1282
1282 282 1933
1044 2064 2860
2860 1044 2064
2064 1044 2860
3000 56 930
56 930 3000
930 56 3000
2507 1960 2483
1960 2483 2507
2483 1960 2507
2785 1122 1813
1813 1122 2785
1122 1813 2785
148 51 1376
51 148 1376
1376 51 148
1883 138 1770
138 1770 1883
1770 138 1883
2288 1474 1705
1474 1705 2288
1705 1474 2288
209 710 1221
710 209 1221
1221 209 710
2545 852 2680
852 2545 2680
2680 852 2545
1976 603 2508
603 1976 2508
2508 603 1976
925 1665 2521
1665 925 2521
2521 925 1665
1901 1205 1923
1923 1205 1901
1205 1901 1923
95 366 2596
2596 95 366
366 95 2596
2638 1002 2186
2186 1002 2638
1002 2186 2638
1027 373 2110
2110 373 1027
373 1027 2110
1943 1690 2926
2926 1690 1943
1690 1943 2926
2875 1545 2191
1545 2191 2875
2191 1545 2875
1979 520 2413
2413 520 1979
520 1979 2413
501 602 2769
602 501 2769
2769 501 602
2736 10 719
10 719 2736
719 10 2736
1919 261 548
261 548 1919
548 261 1919
2547 1323 2297
1323 2297 2547
2297 1323 2547
190 32 558
32 190 558
558 32 190
1251 338 2397
338 1251 2397
2397 338 1251
377 741 2694
2694 377 741
741 377 2694
2382 417 1990
417 1990 2382
1990 417 2382
380 1051 2909
2909 380 1051
1051 380 2909
1869 63 830
63 830 1869
830 63 1869
2604 1275 1579
1579 1275 2604
1275 1579 2604
1356 673 2061
673 1356 2061
2061 673 1356
2283 718 771
771 718 2283
718 771 2283
1894 1272 1666
1272 1666 1894
1666 1272 1894
2223 759 2196
759 2196 2223
2196 759 2223
517 1399 2022
1399 517 2022
2022 517 1399
553 1454 1729
1454 553 1729
1729 553 1454
2513 330 1904
1904 330 2513
330 1904 2513
921 203 1866
1866 203 921
203 921 1866
1423 1401 2685
1401 1423 2685
2685 1401 1423
2326 108 445
445 108 2326
108 445 2326
495 24 1090
24 495 1090
1090 24 495
716 774 2624
774 716 2624
2624 716 774
2495 1127 2610
1127 2495 2610
2610 1127 2495
2536 106 1170
106 1170 2536
1170 106 2536
2117 29 846
29 846 2117
846 29 2117
1947 557 2634
2634 557 1947
557 1947 2634
2822 968 2969
968 2822 2969
2969 968 2822
2679 1471 1806
1806 1471 2679
1471 1806 2679
1424 1096 1390
1390 1096 1424
1096 1390 1424
2369 1426 1655
1655 1426 2369
1426 1655 2369
1285 462 1420
462 1285 1420
1420 462 1285
2239 180 1460
1460 180 2239
180 1460 2239
1996 1325 1661
1661 1325 1996
1325 1661 1996
2884 1295 2246
1295 2246 2884
2246 1295 2884
2437 609 1932
609 1932 2437
1932 609 2437
2578 989 2721
989 2578 2721
2721 989 2578
972 492 1254
1254 492 972
492 972 1254
1489 801 2952
801 1489 2952
2952 801 1489
973 121 2977
2977 121 973
121 973 2977
2663 130 1498
1498 130 2663
130 1498 2663
1018 680 1529
1529 680 1018
680 1018 1529
851 1602 2449
2449 851 1602
1602 851 2449
406 824 1123
824 406 1123
1123 406 824
2798 504 2885
504 2798 2885
2885 504 2798
2332 249 877
877 249 2332
249 877 2332
1838 397 1013
397 1013 1838
1013 397 1838
2136 772 2190
772 2136 2190
2190 772 2136
2716 723 2903
723 2716 2903
2903 723 2716
311 246 266
246 266 311
266 246 311
2962 777 1711
777 1711 2962
1711 777 2962
71 455 1226
455 71 1226
1226 71 455
1032 198 1642
198 1032 1642
1642 198 1032
873 1195 1278
1278 873 1195
1195 873 1278
1201 1865 2856
1865 1201 2856
2856 1201 1865
999 200 1117
200 999 1117
1117 200 999
1231 355 1064
1064 355 1231
355 1064 1231
426 880 1672
1672 426 880
880 426 1672
2208 500 2719
2719 500 2208
500 2208 2719
2964 987 2314
987 2314 2964
2314 987 2964
2761 1861 2917
1861 2761 2917
2917 1861 2761
753 2085 2892
2892 753 2085
2085 753 2892
513 262 1926
1926 262 513
262 513 1926
477 1050 2558
1050 477 2558
2558 477 1050
335 622 1582
1582 335 622
622 335 1582
487 994 1168
994 487 1168
1168 487 994
136 1436 2696
2696 136 1436
1436 136 2696
1144 1309 2978
2978 1144 1309
1309 1144 2978
1929 2385 2442
2442 1929 2385
2385 1929 2442
1874 781 911
781 911 1874
911 781 1874
706 582 717
582 706 717
717 582 706
1415 1405 1565
1565 1405 1415
1405 1415 1565
1468 821 2805
821 1468 2805
2805 821 1468
2263 693 2882
2882 693 2263
693 2263 2882
676 1302 1939
1302 676 1939
1939 676 1302
1242 124 1233
1233 124 1242
124 1233 1242
1967 1627 2391
2391 1627 1967
1627 1967 2391
840 2591 2864
2591 840 2864
2864 840 2591
2628 1540 1568
1540 1568 2628
1568 1540 2628
2540 77 2465
77 2465 2540
2465 77 2540
2383 954 2278
954 2278 2383
2278 954 2383
43 623 702
702 43 623
623 43 702
1135 447 2821
2821 447 1135
447 1135 2821
1019 1836 2253
2253 1019 1836
1836 1019 2253
2460 1004 1613
1004 1613 2460
1613 1004 2460
2676 226 2075
226 2075 2676
2075 226 2676
1339 494 949
949 494 1339
494 949 1339
242 683 1434
683 242 1434
1434 242 683
331 819 2630
819 331 2630
2630 331 819
1959 466 1693
466 1693 1959
1693 466 1959
345 1088 2939
2939 345 1088
1088 345 2939
1656 1039 2895
1039 1656 2895
2895 1039 1656
2931 25 599
25 599 2931
599 25 2931
2066 395 981
981 395 2066
395 981 2066
4 1389 1810
1389 4 1810
1810 4 1389
2070 1671 1745
1671 1745 2070
1745 1671 2070
736 2593 2738
2593 736 2738
2738 736 2593
1206 933 2824
933 1206 2824
2824 933 1206
597 547 834
834 547 597
547 597 834
2137 39 1855
39 1855 2137
1855 39 2137
2080 690 2728
2728 690 2080
690 2080 2728
185 828 2920
2920 185 828
828 185 2920
2028 1097 2365
1097 2028 2365
2365 1097 2028
780 2318 2351
2318 780 2351
2351 780 2318
2703 633 1083
633 1083 2703
1083 633 2703
1107 1701 2350
2350 1107 1701
1701 1107 2350
936 883 1867
883 936 1867
1867 883 936
175 102 961
961 102 175
102 175 961
906 1975 2071
2071 906 1975
1975 906 2071
1005 524 2418
2418 524 1005
524 1005 2418
1637 387 1587
1587 387 1637
387 1587 1637
2597 545 1654
545 1654 2597
1654 545 2597
1915 441 528
528 441 1915
441 528 1915
970 2432 2984
2984 970 2432
2432 970 2984
135 1082 1995
1082 135 1995
1995 135 1082
1900 263 1055
263 1055 1900
1055 263 1900
2377 312 1315
1315 312 2377
312 1315 2377
2170 179 1743
179 1743 2170
1743 179 2170
2144 1555 1903
1903 1555 2144
1555 1903 2144
482 244 2375
2375 244 482
244 482 2375
1725 2212 2251
2251 1725 2212
2212 1725 2251
2356 481 644
481 644 2356
644 481 2356
2205 41 2787
2787 41 2205
41 2205 2787
109 1175 2713
2713 109 1175
1175 109 2713
2994 2748 2845
2845 2748 2994
2748 2845 2994
84 1021 2271
1021 84 2271
2271 84 1021
593 458 2922
458 593 2922
2922 458 593
2279 75 1639
75 1639 2279
1639 75 2279
621 1003 1609
1003 621 1609
1609 621 1003
587 1744 2363
2363 587 1744
1744 587 2363
1530 632 638
638 632 1530
632 638 1530
1789 143 1069
1069 143 1789
143 1069 1789
740 752 2974
2974 740 752
752 740 2974
1467 737 990
990 737 1467
737 990 1467
456 823 2009
823 456 2009
2009 456 823
221 522 1102
522 221 1102
1102 221 522
1819 164 2771
164 1819 2771
2771 164 1819
1775 346 1564
346 1564 1775
1564 346 1775
11 646 842
646 11 842
842 11 646
800 61 408
408 61 800
61 408 800
301 613 1228
1228 301 613
613 301 1228
2976 967 1884
1884 967 2976
967 1884 2976
349 1477 2569
2569 349 1477
1477 349 2569
2395 630 2286
630 2286 2395
2286 630 2395
1091 1512 2025
2025 1091 1512
1512 1091 2025
2756 2201 2869
2201 2756 2869
2869 2201 2756
1891 156 523
156 523 1891
523 156 1891
321 2853 2857
2857 321 2853
2853 321 2857
2642 854 2916
2916 854 2642
854 2642 2916
1158 348 1462
1462 348 1158
348 1158 1462
1146 58 2486
58 1146 2486
2486 58 1146
722 1408 1978
1978 722 1408
1408 722 1978
2270 1863 2589
1863 2270 2589
2589 1863 2270
1889 334 1657
1657 334 1889
334 1657 1889
1828 2249 2935
2249 1828 2935
2935 1828 2249
193 1685 2131
1685 193 2131
2131 193 1685
329 1007 1635
1007 329 1635
1635 329 1007
1875 1042 1561
1561 1042 1875
1042 1561 1875
743 277 2121
2121 277 743
277 743 2121
2559 484 1601
1601 484 2559
484 1601 2559
465 1985 2076
2076 465 1985
1985 465 2076
556 841 2528
841 556 2528
2528 556 841
2419 343 2592
2592 343 2419
343 2419 2592
879 2146 2933
2146 879 2933
2933 879 2146
2355 1906 2946
1906 2355 2946
2946 1906 2355
1803 2174 2315
2174 1803 2315
2315 1803 2174
2654 953 2231
953 2231 2654
2231 953 2654
635 485 1844
485 635 1844
1844 485 635
1633 924 2514
924 1633 2514
2514 924 1633
2062 612 787
787 612 2062
612 787 2062
2949 224 299
224 299 2949
299 224 2949
2625 2107 2241
2107 2241 2625
2241 2107 2625
2942 1980 2707
1980 2707 2942
2707 1980 2942
1073 1448 1970
1448 1073 1970
1970 1073 1448
2622 78 2833
2833 78 2622
78 2622 2833
1347 1720 2140
2140 1347 1720
1720 1347 2140
1313 1490 2026
2026 1313 1490
1490 1313 2026
2276 1771 2620
1771 2276 2620
2620 1771 2276
370 440 1450
1450 370 440
440 370 1450
808 822 1372
822 808 1372
1372 808 822
2256 1 2116
1 2116 2256
2116 1 2256
393 914 1824
1824 393 914
914 393 1824
2083 888 1496
888 1496 2083
1496 888 2083
550 792 1354
792 550 1354
1354 550 792
2408 158 649
649 158 2408
158 649 2408
1944 1936 2745
1936 1944 2745
2745 1936 1944
403 982 2584
982 403 2584
2584 403 982
1361 515 1094
515 1094 1361
1094 515 1361
1897 1544 2254
1544 1897 2254
2254 1544 1897
1074 2245 2766
2245 1074 2766
2766 1074 2245
1570 211 2128
211 1570 2128
2128 211 1570
19 901 2353
2353 19 901
901 19 2353
38 929 1045
1045 38 929
929 38 1045
2553 1161 2457
2457 1161 2553
1161 2457 2553
2232 1421 1839
1421 1839 2232
1839 1421 2232
2693 1213 2972
1213 2693 2972
2972 1213 2693
2180 776 2587
2587 776 2180
776 2180 2587
1202 247 1012
1012 247 1202
247 1012 1202
1777 775 1536
1536 775 1777
775 1536 1777
2476 1204 2555
1204 2476 2555
2555 1204 2476
2709 85 835
85 835 2709
835 85 2709
1445 31 2894
31 1445 2894
2894 31 1445
661 2248 2705
2248 661 2705
2705 661 2248
2035 1622 2461
2461 1622 2035
1622 2035 2461
2079 216 1163
1163 216 2079
216 1163 2079
996 325 1473
1473 325 996
325 996 1473
1491 1169 1991
1991 1169 1491
1169 1491 1991
2575 233 1409
1409 233 2575
233 1409 2575
1667 791 2744
791 1667 2744
2744 791 1667
762 2074 2941
2941 762 2074
2074 762 2941
544 70 505
505 70 544
70 505 544
1171 699 1930
699 1171 1930
1930 699 1171
518 1872 2783
1872 518 2783
2783 518 1872
1106 97 145
145 97 1106
97 145 1106
1366 1076 1218
1218 1076 1366
1076 1218 1366
1788 1359 1630
1359 1630 1788
1630 1359 1788
1034 1194 2147
1194 1034 2147
2147 1034 1194
539 1182 1684
1182 539 1684
1684 539 1182
1159 168 1300
168 1159 1300
1300 168 1159
923 1167 2012
1167 923 2012
2012 923 1167
437 1636 2747
1636 437 2747
2747 437 1636
2658 1065 1522
1065 1522 2658
1522 1065 2658
2552 2039 2702
2702 2039 2552
2039 2552 2702
1497 443 886
886 443 1497
443 886 1497
739 876 1557
876 739 1557
1557 739 876
573 306 580
580 306 573
306 573 580
1508 984 2799
2799 984 1508
984 1508 2799
2827 98 1056
1056 98 2827
98 1056 2827
100 1164 1535
1535 100 1164
1164 100 1535
884 1612 2494
2494 884 1612
1612 884 2494
1311 1271 1858
1271 1311 1858
1858 1271 1311
314 1675 1957
1675 314 1957
1957 314 1675
453 1286 1464
1464 453 1286
1286 453 1464
2188 2289 2649
2649 2188 2289
2289 2188 2649
700 1658 2539
1658 700 2539
2539 700 1658
860 1301 2105
1301 860 2105
2105 860 1301
2135 1344 2378
2378 1344 2135
1344 2135 2378
1899 2686 2940
2940 1899 2686
2686 1899 2940
1795 1150 2932
2932 1150 1795
1150 1795 2932
831 1847 2247
1847 831 2247
2247 831 1847
2342 172 2650
172 2342 2650
2650 172 2342
2806 768 2543
2543 768 2806
768 2543 2806
2797 267 1352
1352 267 2797
267 1352 2797
1299 2267 2407
2267 1299 2407
2407 1299 2267
2462 296 1048
296 1048 2462
1048 296 2462
1859 1799 2199
2199 1799 1859
1799 1859 2199
767 1280 2273
2273 767 1280
1280 767 2273
980 1340 2439
2439 980 1340
1340 980 2439
525 865 2511
865 525 2511
2511 525 865
1563 827 1721
827 1563 1721
1721 827 1563
731 1207 1596
1207 731 1596
1596 731 1207
1928 1574 2327
2327 1574 1928
1574 1928 2327
1776 2200 2376
2200 1776 2376
2376 1776 2200
1605 171 849
171 849 1605
849 171 1605
1757 686 944
686 944 1757
944 686 1757
2546 137 2177
2177 137 2546
137 2177 2546
2472 1014 1414
1014 1414 2472
1414 1014 2472
368 2084 2613
2084 368 2613
2613 368 2084
988 1186 2160
2160 988 1186
1186 988 2160
2823 430 1760
430 1760 2823
1760 430 2823
2401 1350 1447
1350 1447 2401
1447 1350 2401
2794 645 1580
1580 645 2794
645 1580 2794
2357 2207 2700
2700 2207 2357
2207 2357 2700
1456 1504 1987
1987 1456 1504
1504 1456 1987
794 2209 2858
2858 794 2209
2209 794 2858
2394 1646 2036
2036 1646 2394
1646 2036 2394
2509 99 1043
99 1043 2509
1043 99 2509
15 1567 2402
2402 15 1567
1567 15 2402
2782 26 552
26 552 2782
552 26 2782
275 1493 1922
1493 275 1922
1922 275 1493
1552 1362 2145
1362 1552 2145
2145 1362 1552
1822 521 1305
521 1305 1822
1305 521 1822
2123 93 2897
93 2123 2897
2897 93 2123
2154 1360 1369
1369 1360 2154
1360 1369 2154
2380 54 1236
54 1236 2380
1236 54 2380
1634 1335 2150
1335 1634 2150
2150 1335 1634
2792 502 2561
502 2561 2792
2561 502 2792
1312 671 1520
1520 671 1312
671 1312 1520
2284 866 2058
2058 866 2284
866 2058 2284
2880 2505 2714
2714 2505 2880
2505 2714 2880
1969 667 2178
2178 667 1969
667 1969 2178
516 1670 1814
1670 516 1814
1814 516 1670
1982 605 910
910 605 1982
605 910 1982
2396 36 423
423 36 2396
36 423 2396
2045 650 1697
1697 650 2045
650 1697 2045
204 1230 2669
2669 204 1230
1230 204 2669
287 1802 2171
2171 287 1802
1802 287 2171
795 260 1674
260 795 1674
1674 260 795
1895 2331 2776
2776 1895 2331
2331 1895 2776
2493 2651 2722
2651 2493 2722
2722 2493 2651
812 409 2423
2423 409 812
409 812 2423
2830 1470 1812
1470 1812 2830
1812 1470 2830
1719 1794 1868
1794 1719 1868
1868 1719 1794
67 2065 2218
2218 67 2065
2065 67 2218
2189 436 1669
1669 436 2189
436 1669 2189
1576 1093 1351
1093 1351 1576
1351 1093 1576
947 659 1937
1937 659 947
659 947 1937
2898 1277 1461
1277 1461 2898
1461 1277 2898
1079 464 920
464 920 1079
920 464 1079
1364 155 537
537 155 1364
155 537 1364
2813 493 2871
493 2813 2871
2871 493 2813
2777 474 786
786 474 2777
474 786 2777
278 496 701
496 278 701
701 278 496
634 253 2112
253 634 2112
2112 253 634
1826 420 2971
2971 420 1826
420 1826 2971
2347 1717 1880
1880 1717 2347
1717 1880 2347
218 344 2109
344 218 2109
2109 218 344
214 150 1292
150 214 1292
1292 150 214
2618 1486 1852
1852 1486 2618
1486 1852 2618
1243 1941 2595
1941 1243 2595
2595 1243 1941
682 991 2780
991 682 2780
2780 682 991
2054 601 2678
601 2054 2678
2678 601 2054
210 1263 1404
1404 210 1263
1263 210 1404
2801 1756 2757
1756 2757 2801
2757 1756 2801
1527 1566 1767
1767 1527 1566
1566 1527 1767
2586 561 2485
561 2485 2586
2485 561 2586
1710 358 927
927 358 1710
358 927 1710
1641 1577 2602
2602 1577 1641
1577 1641 2602
951 2807 2867
2867 951 2807
2807 951 2867
1673 2430 2723
2723 1673 2430
2430 1673 2723
450 365 1410
365 450 1410
1410 365 450
2433 1433 2330
1433 2330 2433
2330 1433 2433
1805 432 2988
432 1805 2988
2988 432 1805
2727 23 1818
1818 23 2727
23 1818 2727
2305 1193 1604
1604 1193 2305
1193 1604 2305
2106 1087 1220
1087 1220 2106
1220 1087 2106
2463 617 2489
2489 617 2463
617 2463 2489
969 382 1157
1157 382 969
382 969 1157
726 48 2588
48 726 2588
2588 48 726
1931 127 542
127 542 1931
542 127 1931
810 916 1217
916 810 1217
1217 810 916
431 1910 2951
2951 431 1910
1910 431 2951
2600 703 2847
703 2600 2847
2847 703 2600
2119 201 907
907 201 2119
201 907 2119
1526 1887 1946
1946 1526 1887
1887 1526 1946
2021 305 937
937 305 2021
305 937 2021
1625 1377 2236
2236 1377 1625
1377 1625 2236
1726 13 1741
1741 13 1726
13 1726 1741
1989 2671 2689
2671 1989 2689
2689 1989 2671
2623 1495 1619
1495 1619 2623
1619 1495 2623
227 208 2548
208 227 2548
2548 208 227
796 1478 1629
1629 796 1478
1478 796 1629
359 1143 1753
1143 359 1753
1753 359 1143
825 1611 2244
2244 825 1611
1611 825 2244
6 1981 2762
2762 6 1981
1981 6 2762
2959 424 1379
1379 424 2959
424 1379 2959
811 993 1067
993 811 1067
1067 811 993
1531 8 2675
2675 8 1531
8 1531 2675
564 391 2165
391 564 2165
2165 391 564
177 271 2059
2059 177 271
271 177 2059
1830 283 451
451 283 1830
283 451 1830
1700 681 2182
2182 681 1700
681 1700 2182
2674 1586 2743
2743 1586 2674
1586 2674 2743
2016 286 2087
2087 286 2016
286 2016 2087
215 619 2393
619 215 2393
2393 215 619
2615 1964 2482
1964 2482 2615
2482 1964 2615
1162 732 2225
732 1162 2225
2225 732 1162
1071 1808 2115
1808 1071 2115
2115 1071 1808
1133 384 957
384 957 1133
957 384 1133
1283 2492 2734
2492 1283 2734
2734 1283 2492
2767 585 2796
2796 585 2767
585 2767 2796
258 2308 2937
2308 258 2937
2937 258 2308
1560 14 2210
2210 14 1560
14 1560 2210
1417 468 1384
1384 468 1417
468 1384 1417
236 956 2557
956 236 2557
2557 236 956
1098 2000 2475
2000 1098 2475
2475 1098 2000
2499 44 1755
1755 44 2499
44 1755 2499
570 1128 2849
1128 570 2849
2849 570 1128
1628 291 1183
1183 291 1628
291 1183 1628
1569 2233 2779
2233 1569 2779
2779 1569 2233
1252 1778 2053
1778 1252 2053
2053 1252 1778
1687 110 1963
110 1687 1963
1963 110 1687
1747 1761 2616
1761 1747 2616
2616 1747 1761
68 749 2277
749 68 2277
2277 68 749
1966 239 2138
2138 239 1966
239 1966 2138
352 1595 2047
2047 352 1595
1595 352 2047
643 1062 2563
1062 643 2563
2563 643 1062
1310 793 2590
2590 793 1310
793 1310 2590
789 848 1393
1393 789 848
848 789 1393
235 57 1733
57 235 1733
1733 57 235
1885 606 2431
2431 606 1885
606 1885 2431
2790 298 708
298 708 2790
708 298 2790
1708 497 871
497 871 1708
871 497 1708
992 747 1259
1259 747 992
747 992 1259
1234 2214 2454
2454 1234 2214
2214 1234 2454
1876 641 2535
2535 641 1876
641 1876 2535
1261 16 938
938 16 1261
16 938 1261
1260 20 467
20 467 1260
467 20 1260
1938 2203 2406
2203 1938 2406
2406 1938 2203
419 1126 1425
1126 419 1425
1425 419 1126
1115 656 918
656 918 1115
918 656 1115
662 1660 1851
1660 662 1851
1851 662 1660
1060 91 2643
91 1060 2643
2643 91 1060
1515 120 2906
120 1515 2906
2906 120 1515
1153 2320 2426
2320 1153 2426
2426 1153 2320
576 1075 2368
1075 576 2368
2368 576 1075
591 182 2313
2313 182 591
182 591 2313
378 1284 1353
1284 378 1353
1353 378 1284
316 486 1607
486 316 1607
1607 316 486
2172 1016 1281
1281 1016 2172
1016 1281 2172
1722 531 1597
1597 531 1722
531 1597 1722
1189 2556 2914
2914 1189 2556
2556 1189 2914
1590 46 862
862 46 1590
46 862 1590
2839 2763 2908
2763 2839 2908
2908 2763 2839
711 898 2173
2173 711 898
898 711 2173
1156 471 769
471 769 1156
769 471 1156
574 2893 2928
2893 574 2928
2928 574 2893
1487 196 1631
1631 196 1487
196 1487 1631
1334 281 1394
1394 281 1334
281 1334 1394
2133 225 2606
225 2133 2606
2606 225 2133
478 1977 2310
1977 478 2310
2310 478 1977
229 1136 2464
1136 229 2464
2464 229 1136
2905 45 1085
45 1085 2905
1085 45 2905
2158 678 1878
1878 678 2158
678 1878 2158
745 230 448
448 230 745
230 448 745
1659 1598 1877
1877 1598 1659
1598 1659 1877
288 744 2069
744 288 2069
2069 288 744
1031 322 1463
322 1031 1463
1463 322 1031
2425 1237 2078
1237 2078 2425
2078 1237 2425
398 1308 1772
1772 398 1308
1308 398 1772
773 1215 2814
2814 773 1215
1215 773 2814
934 488 2825
488 934 2825
2825 488 934
1264 546 1375
546 1264 1375
1375 546 1264
1047 1303 2500
1303 1047 2500
2500 1047 1303
826 1141 2609
1141 826 2609
2609 826 1141
459 1652 2055
2055 459 1652
1652 459 2055
1269 202 2259
202 1269 2259
2259 202 1269
727 1101 2086
1101 727 2086
2086 727 1101
527 122 289
289 122 527
122 289 527
1030 584 2665
584 1030 2665
2665 584 1030
2470 2323 2530
2323 2470 2530
2530 2323 2470
1731 855 1440
1440 855 1731
855 1440 1731
1754 184 890
890 184 1754
184 890 1754
1432 538 1402
1402 538 1432
538 1402 1432
375 1428 1860
1860 375 1428
1428 375 1860
2455 922 1961
1961 922 2455
922 1961 2455
2266 319 804
319 804 2266
804 319 2266
1223 187 434
187 434 1223
434 187 1223
1854 238 2272
2272 238 1854
238 1854 2272
2902 913 2982
913 2902 2982
2982 913 2902
2479 1879 2319
1879 2319 2479
2319 1879 2479
2130 952 1099
952 1099 2130
1099 952 2130
1138 687 1738
1738 687 1138
687 1138 1738
761 389 444
389 444 761
444 389 761
894 159 181
181 159 894
159 181 894
509 1575 1801
1575 509 1801
1801 509 1575
353 470 839
839 353 470
470 353 839
2148 308 1373
308 1373 2148
1373 308 2148
2 588 945
945 2 588
588 2 945
2392 1993 2230
1993 2230 2392
2230 1993 2392
310 1129 1624
1129 310 1624
1624 310 1129
89 1403 2861
1403 89 2861
2861 89 1403
838 2072 2522
2072 838 2522
2522 838 2072
2688 1845 2571
2571 1845 2688
1845 2571 2688
2690 1049 1235
1235 1049 2690
1049 1235 2690
677 144 2760
2760 144 677
144 677 2760
2820 939 1763
939 1763 2820
1763 939 2820
2755 1095 2411
2411 1095 2755
1095 2411 2755
2944 1185 1342
1185 1342 2944
1342 1185 2944
2733 1571 2612
2612 1571 2733
1571 2612 2733
790 1750 1971
1750 790 1971
1971 790 1750
1948 92 166
92 166 1948
166 92 1948
666 751 2400
751 666 2400
2400 666 751
2668 1972 2652
2652 1972 2668
1972 2652 2668
2550 276 858
276 858 2550
858 276 2550
878 188 1968
1968 188 878
188 878 1968
2222 154 2781
2781 154 2222
154 2222 2781
551 559 1935
559 551 1935
1935 551 559
696 347 2991
347 696 2991
2991 347 696
2458 1209 1267
1267 1209 2458
1209 1267 2458
1648 624 2758
2758 624 1648
624 1648 2758
1054 844 2566
2566 844 1054
844 1054 2566
1000 1618 2293
1618 1000 2293
2293 1000 1618
1385 654 2626
654 1385 2626
2626 654 1385
950 1620 2644
1620 950 2644
2644 950 1620
30 165 2506
2506 30 165
165 30 2506
125 695 2155
2155 125 695
695 125 2155
2051 284 2226
284 2051 2226
2226 284 2051
396 411 1532
1532 396 411
411 396 1532
2409 290 998
290 998 2409
998 290 2409
1809 1442 2381
2381 1442 1809
1442 1809 2381
1437 1644 2007
1644 1437 2007
2007 1437 1644
339 2582 2655
2655 339 2582
2582 339 2655
2111 2829 2990
2829 2111 2990
2990 2111 2829
912 269 2930
2930 269 912
269 912 2930
114 1513 2778
1513 114 2778
2778 114 1513
709 2050 2950
2050 709 2950
2950 709 2050
1921 74 2333
74 1921 2333
2333 74 1921
1616 362 1483
1483 362 1616
362 1483 1616
817 383 2731
2731 383 817
383 817 2731
457 47 1400
1400 47 457
47 457 1400
1190 76 2889
2889 76 1190
76 1190 2889
2311 2183 2699
2699 2183 2311
2183 2311 2699
2987 1124 2335
1124 2335 2987
2335 1124 2987
1140 758 1179
1179 758 1140
758 1140 1179
2911 1177 2471
2471 1177 2911
1177 2471 2911
2242 1907 2090
1907 2090 2242
2090 1907 2242
1318 1600 2636
1600 1318 2636
2636 1318 1600
1273 604 664
604 664 1273
664 604 1273
2257 1304 1881
1304 1881 2257
1881 1304 2257
1293 386 1862
1862 386 1293
386 1293 1862
1081 2124 2836
2836 1081 2124
2124 1081 2836
2912 59 279
59 279 2912
279 59 2912
1703 571 1908
571 1703 1908
1908 571 1703
1765 637 2808
637 1765 2808
2808 637 1765
2938 2877 2954
2954 2877 2938
2877 2938 2954
300 1371 2372
1371 300 2372
2372 300 1371
626 577 2804
577 626 2804
2804 577 626
2033 2955 2985
2955 2033 2985
2985 2033 2955
1973 1137 2477
2477 1137 1973
1137 1973 2477
1443 2302 2316
2302 1443 2316
2316 1443 2302
1804 297 1455
297 1455 1804
1455 297 1804
1192 146 2134
2134 146 1192
146 1192 2134
69 2067 2816
2816 69 2067
2067 69 2816
2010 439 2695
439 2010 2695
2695 439 2010
2153 2187 2467
2187 2153 2467
2467 2153 2187
2983 684 2008
684 2008 2983
2008 684 2983
2260 756 2502
2502 756 2260
756 2260 2502
149 734 2924
734 149 2924
2924 149 734
399 1239 1727
1239 399 1727
1727 399 1239
2450 1541 1715
1541 1715 2450
1715 1541 2450
2089 746 2973
2973 746 2089
746 2089 2973
512 608 1837
608 512 1837
1837 512 608
1291 1040 1509
1509 1040 1291
1040 1291 1509
2427 1113 2919
2919 1113 2427
1113 2427 2919
2712 530 1955
1955 530 2712
530 1955 2712
2338 1617 1974
1974 1617 2338
1617 1974 2338
978 2082 2364
2364 978 2082
2082 978 2364
1298 1916 2764
1916 1298 2764
2764 1298 1916
1988 49 463
49 463 1988
463 49 1988
2361 904 1407
904 1407 2361
1407 904 2361
526 532 1174
532 526 1174
1174 526 532
692 697 859
697 692 859
859 692 697
2633 872 2735
872 2633 2735
2735 872 2633
1358 1998 2096
2096 1358 1998
1998 1358 2096
628 356 2195
2195 356 628
356 628 2195
381 2510 2770
2510 381 2770
2770 381 2510
101 1547 2398
1547 101 2398
2398 101 1547
660 248 750
750 248 660
248 660 750
376 1807 2818
2818 376 1807
1807 376 2818
2698 1006 2194
2194 1006 2698
1006 2194 2698
2684 213 2541
213 2541 2684
2541 213 2684
2126 1896 2166
2166 1896 2126
1896 2126 2166
480 814 1476
1476 480 814
814 480 1476
2219 543 2001
2001 543 2219
543 2001 2219
1707 388 2434
388 1707 2434
2434 388 1707
1343 1341 2661
1341 1343 2661
2661 1341 1343
908 157 583
157 583 908
583 157 908
2692 2774 2963
2774 2692 2963
2963 2692 2774
2412 1925 2923
2923 1925 2412
1925 2412 2923
1846 715 1764
715 1764 1846
1764 715 1846
2268 2307 2961
2307 2268 2961
2961 2268 2307
42 1521 2681
2681 42 1521
1521 42 2681
142 1378 2967
1378 142 2967
2967 142 1378
2341 1224 2161
1224 2161 2341
2161 1224 2341
73 2238 2838
2238 73 2838
2838 73 2238
2645 1166 1336
1336 1166 2645
1166 1336 2645
1614 126 966
126 966 1614
966 126 1614
1797 691 2784
2784 691 1797
691 1797 2784
1992 415 2843
415 1992 2843
2843 415 1992
568 540 1024
1024 540 568
540 568 1024
1664 429 2965
429 1664 2965
2965 429 1664
1214 33 833
33 833 1214
833 33 1214
2157 250 1391
250 1391 2157
1391 250 2157
2348 2531 2704
2704 2348 2531
2531 2348 2704
1746 631 1241
1241 631 1746
631 1241 1746
2296 2017 2957
2957 2017 2296
2017 2296 2957
2352 1539 1615
1615 1539 2352
1539 1615 2352
1706 1380 2551
1380 1706 2551
2551 1380 1706
1392 1934 2577
1934 1392 2577
2577 1392 1934
2993 1332 2468
1332 2468 2993
2468 1332 2993
1142 90 372
90 372 1142
372 90 1142
1134 160 1176
160 1134 1176
1176 160 1134
1589 1089 1912
1089 1589 1912
1912 1089 1589
652 867 2428
2428 652 867
867 652 2428
2389 618 1594
618 1594 2389
1594 618 2389
639 1381 1599
1599 639 1381
1381 639 1599
2399 1537 2601
2601 1537 2399
1537 2399 2601
2759 875 2227
2227 875 2759
875 2227 2759
2812 725 2322
2322 725 2812
725 2322 2812
2639 50 1274
1274 50 2639
50 1274 2639
1184 232 1956
1956 232 1184
232 1184 1956
1759 1388 1857
1857 1388 1759
1388 1759 1857
847 491 1986
1986 491 847
491 847 1986
490 1306 1742
1306 490 1742
1742 490 1306
2711 460 1833
460 1833 2711
1833 460 2711
1386 735 1793
1793 735 1386
735 1386 1793
2438 479 1116
1116 479 2438
479 1116 2438
294 405 1920
1920 294 405
405 294 1920
2125 118 2789
2789 118 2125
118 2125 2789
2992 412 2265
2265 412 2992
412 2265 2992
318 1290 2193
2193 318 1290
1290 318 2193
1525 1699 1783
1783 1525 1699
1699 1525 1783
2653 2041 2258
2041 2258 2653
2258 2041 2653
2504 1104 2229
2229 1104 2504
1104 2229 2504
572 1041 2631
1041 572 2631
2631 572 1041
1328 1640 2795
2795 1328 1640
1640 1328 2795
1551 83 2023
2023 83 1551
83 1551 2023
1078 1188 1516
1516 1078 1188
1188 1078 1516
2216 400 730
400 730 2216
730 400 2216
2417 596 1327
596 1327 2417
1327 596 2417
1790 770 1256
770 1256 1790
1256 770 1790
2328 66 2042
2042 66 2328
66 2042 2328
1815 341 2287
341 1815 2287
2287 341 1815
917 183 1245
183 917 1245
1245 183 917
896 7 273
7 273 896
273 7 896
2516 2027 2420
2027 2420 2516
2420 2027 2516
1553 473 2960
473 1553 2960
2960 473 1553
971 1419 2835
1419 971 2835
2835 971 1419
707 2579 2666
2666 707 2579
2579 707 2666
946 18 2444
2444 18 946
18 946 2444
2873 648 2943
648 2873 2943
2943 648 2873
1370 2142 2300
2300 1370 2142
2142 1370 2300
1583 857 2881
857 1583 2881
2881 857 1583
2077 220 1435
1435 220 2077
220 1435 2077
2295 805 1250
805 1250 2295
1250 805 2295
72 285 563
285 72 563
563 72 285
2275 2006 2621
2621 2006 2275
2006 2275 2621
869 173 304
304 173 869
173 304 869
162 2405 2446
2446 162 2405
2405 162 2446
2883 802 1698
802 1698 2883
1698 802 2883
1059 1100 2907
1100 1059 2907
2907 1059 1100
103 88 337
88 103 337
337 88 103
2921 506 728
728 506 2921
506 728 2921
1430 1114 1232
1114 1232 1430
1232 1114 1430
360 1270 2451
2451 360 1270
1270 360 2451
2018 454 1398
454 1398 2018
1398 454 2018
2113 1219 2840
2840 1219 2113
1219 2113 2840
2100 900 1297
1297 900 2100
900 1297 2100
2211 1262 1954
1262 1954 2211
1954 1262 2211
2995 2003 2673
2673 2003 2995
2003 2673 2995
2073 1216 1786
1216 1786 2073
1786 1216 2073
560 2403 2826
2403 560 2826
2826 560 2403
1494 958 2915
2915 958 1494
958 1494 2915
589 141 2910
2910 141 589
141 589 2910
2240 738 1482
1482 738 2240
738 1482 2240
813 837 2968
2968 813 837
837 813 2968
2837 53 1849
1849 53 2837
53 1849 2837
1737 27 1225
27 1225 1737
1225 27 1737
1999 611 2011
2011 611 1999
611 1999 2011
1287 2358 2517
2358 1287 2517
2517 1287 2358
361 105 1112
105 361 1112
1112 105 361
2198 1036 2855
1036 2198 2855
2855 1036 2198
586 1439 2887
2887 586 1439
1439 586 2887
1248 1427 2371
2371 1248 1427
1427 1248 2371
766 1317 2280
2280 766 1317
1317 766 2280
1871 37 2523
37 1871 2523
2523 37 1871
2285 1773 2975
1773 2285 2975
2975 1773 2285
1058 1321 2670
2670 1058 1321
1321 1058 2670
1688 2220 2793
2793 1688 2220
2220 1688 2793
2570 293 1843
1843 293 2570
293 1843 2570
1506 503 1592
1592 503 1506
503 1506 1592
1689 270 948
948 270 1689
270 948 1689
2874 1848 2574
1848 2574 2874
2574 1848 2874
1247 672 2367
672 1247 2367
2367 672 1247
1484 1307 1572
1307 1484 1572
1572 1307 1484
128 79 1562
1562 79 128
79 128 1562
1782 653 962
653 962 1782
962 653 1782
2474 1208 2298
2298 1208 2474
1208 2298 2474
578 2094 2844
2094 578 2844
2844 578 2094
1953 1110 2715
2715 1110 1953
1110 1953 2715
107 2525 2970
2970 107 2525
2525 107 2970
2542 1864 2498
2498 1864 2542
1864 2498 2542
1255 167 2656
167 1255 2656
2656 167 1255
