2607 882 1712
882 1712 2607
1712 882 2607
2173 1247 1364
1247 1364 2173
1364 1247 2173
2551 881 1845
1845 881 2551
881 1845 2551
2972 2134 2210
2210 2134 2972
2134 2210 2972
325 1053 1855
1053 325 1855
1855 325 1053
1266 2374 2484
2374 1266 2484
2484 1266 2374
478 678 877
877 478 678
678 478 877
40 1323 2830
2830 40 1323
1323 40 2830
2879 1974 2473
1974 2473 2879
2473 1974 2879
1347 763 776
776 763 1347
763 776 1347
1065 201 1830
1830 201 1065
201 1065 1830
2239 1185 1547
1185 1547 2239
1547 1185 2239
191 307 2491
2491 191 307
307 191 2491
1548 197 1851
197 1548 1851
1851 197 1548
771 417 1628
417 771 1628
1628 417 771
2038 1802 2434
1802 2038 2434
2434 1802 2038
2571 1630 2662
2662 1630 2571
1630 2571 2662
781 51 1631
51 781 1631
1631 51 781
2767 103 2765
103 2765 2767
2765 103 2767
1314 1395 2074
2074 1314 1395
1395 1314 2074
1206 1093 2437
1093 1206 2437
2437 1093 1206
2603 598 1147
1147 598 2603
598 1147 2603
1374 676 1204
676 1204 1374
1204 676 1374
1530 1852 2894
1852 1530 2894
2894 1530 1852
2430 1043 2961
1043 2430 2961
2961 1043 2430
1111 774 2962
774 1111 2962
2962 774 1111
2981 1004 2201
2201 1004 2981
1004 2201 2981
2358 395 2409
2409 395 2358
395 2358 2409
2463 90 1971
1971 90 2463
90 1971 2463
1420 1740 2599
1740 1420 2599
2599 1420 1740
1607 1956 1989
1989 1607 1956
1956 1607 1989
2727 2419 2683
2419 2683 2727
2683 2419 2727
2478 954 2796
954 2478 2796
2796 954 2478
1281 1786 2392
2392 1281 1786
1786 1281 2392
2406 1438 2634
2634 1438 2406
1438 2406 2634
1909 2496 2756
2496 1909 2756
2756 1909 2496
1588 239 1071
239 1071 1588
1071 239 1588
1762 975 2889
975 1762 2889
2889 975 1762
2923 2077 2569
2077 2569 2923
2569 2077 2923
884 665 2537
665 884 2537
2537 665 884
2123 891 2730
891 2123 2730
2730 891 2123
2252 2643 2865
2865 2252 2643
2643 2252 2865
138 2319 2888
2888 138 2319
2319 138 2888
277 130 244
130 244 277
244 130 277
1896 492 742
742 492 1896
492 742 1896
227 257 2735
2735 227 257
257 227 2735
1525 2002 2752
2002 1525 2752
2752 1525 2002
2900 1942 2871
2871 1942 2900
1942 2871 2900
1363 422 588
588 422 1363
422 588 1363
165 543 2834
2834 165 543
543 165 2834
2391 802 2129
802 2129 2391
2129 802 2391
2826 1970 2362
1970 2362 2826
2362 1970 2826
1563 2082 2556
2082 1563 2556
2556 1563 2082
350 887 1263
887 350 1263
1263 350 887
2810 988 2525
988 2525 2810
2525 988 2810
167 132 2684
132 167 2684
2684 132 167
2754 286 2469
2469 286 2754
286 2469 2754
1886 496 2620
496 1886 2620
2620 496 1886
2167 376 772
376 772 2167
772 376 2167
569 1005 2208
1005 569 2208
2208 569 1005
2980 371 1403
371 1403 2980
1403 371 2980
2303 114 1465
114 1465 2303
1465 114 2303
2861 536 2235
2235 536 2861
536 2235 2861
2193 2081 2513
2513 2081 2193
2081 2193 2513
2304 1605 1738
1605 1738 2304
1738 1605 2304
606 10 329
10 329 606
329 10 606
1233 425 450
425 450 1233
450 425 1233
461 81 2412
81 461 2412
2412 81 461
21 452 505
452 21 505
505 21 452
1993 933 1935
933 1935 1993
1935 933 1993
2667 528 641
641 528 2667
528 641 2667
2778 264 847
264 847 2778
847 264 2778
2697 1336 2164
1336 2164 2697
2164 1336 2697
2843 804 898
898 804 2843
804 898 2843
328 968 1586
1586 328 968
968 328 1586
338 1764 2329
2329 338 1764
1764 338 2329
2846 865 2632
865 2632 2846
2632 865 2846
115 157 2313
157 115 2313
2313 115 157
630 131 1109
1109 131 630
131 630 1109
2244 1362 1666
1362 1666 2244
1666 1362 2244
2705 1038 1527
1038 1527 2705
1527 1038 2705
822 431 1325
1325 431 822
431 822 1325
2043 1731 2896
1731 2043 2896
2896 1731 2043
2622 671 2320
671 2320 2622
2320 671 2622
745 741 2951
741 745 2951
2951 741 745
1914 897 1986
897 1914 1986
1986 897 1914
2874 57 2873
57 2873 2874
2873 57 2874
921 811 1075
811 921 1075
1075 811 921
2757 409 1494
1494 409 2757
409 1494 2757
735 234 2769
234 735 2769
2769 234 735
2588 888 918
918 888 2588
888 918 2588
280 1401 2928
1401 280 2928
2928 280 1401
999 222 296
222 296 999
296 222 999
1183 84 655
84 655 1183
655 84 1183
703 1735 2227
1735 703 2227
2227 703 1735
2065 1642 2651
2651 1642 2065
1642 2065 2651
558 1671 2567
2567 558 1671
1671 558 2567
387 535 2866
535 387 2866
2866 387 535
68 1566 2056
2056 68 1566
1566 68 2056
2877 653 2616
2616 653 2877
653 2616 2877
2070 2665 2755
2665 2070 2755
2755 2070 2665
407 272 1928
272 407 1928
1928 272 407
1650 1482 1816
1482 1650 1816
1816 1482 1650
2213 659 984
659 984 2213
984 659 2213
1379 250 1473
250 1379 1473
1473 250 1379
518 689 2575
689 518 2575
2575 518 689
304 159 2714
2714 159 304
159 304 2714
916 1124 2507
1124 916 2507
2507 916 1124
2534 1180 1304
1180 1304 2534
1304 1180 2534
2247 254 896
254 896 2247
896 254 2247
2915 1400 1842
1400 1842 2915
1842 1400 2915
2310 226 1153
226 1153 2310
1153 226 2310
949 123 2305
2305 123 949
123 949 2305
1698 86 243
243 86 1698
86 243 1698
72 917 1849
917 72 1849
1849 72 917
1300 693 2661
693 1300 2661
2661 693 1300
2165 568 950
950 568 2165
568 950 2165
1581 694 752
752 694 1581
694 752 1581
456 1019 1565
1019 456 1565
1565 456 1019
1980 2061 2895
2895 1980 2061
2061 1980 2895
162 810 2943
2943 162 810
810 162 2943
2375 1123 2177
2177 1123 2375
1123 2177 2375
166 1152 2306
1152 166 2306
2306 166 1152
1365 521 819
521 819 1365
819 521 1365
697 852 1328
852 697 1328
1328 697 852
1074 861 2772
861 1074 2772
2772 861 1074
749 1009 1203
1203 749 1009
1009 749 1203
2156 2823 2882
2882 2156 2823
2823 2156 2882
2162 28 1875
1875 28 2162
28 1875 2162
297 1653 2500
2500 297 1653
1653 297 2500
370 1640 2572
1640 370 2572
2572 370 1640
1810 656 2357
2357 656 1810
656 1810 2357
549 1437 2508
1437 549 2508
2508 549 1437
959 202 1598
202 959 1598
1598 202 959
696 1222 2954
2954 696 1222
1222 696 2954
2892 1000 2498
2498 1000 2892
1000 2498 2892
1665 1765 1877
1765 1665 1877
1877 1665 1765
1591 791 2499
2499 791 1591
791 1591 2499
369 517 2745
2745 369 517
517 369 2745
1838 2110 2685
2685 1838 2110
2110 1838 2685
621 1557 1990
1990 621 1557
1557 621 1990
2530 462 499
499 462 2530
462 499 2530
1138 147 525
525 147 1138
147 525 1138
2011 721 907
907 721 2011
721 907 2011
1454 670 1534
670 1454 1534
1534 670 1454
1409 93 2266
93 1409 2266
2266 93 1409
2687 2520 2674
2674 2520 2687
2520 2674 2687
1330 1638 1661
1638 1330 1661
1661 1330 1638
854 755 1229
755 854 1229
1229 755 854
1679 1648 2350
1648 1679 2350
2350 1648 1679
1140 2096 2817
2096 1140 2817
2817 1140 2096
483 322 1689
1689 322 483
322 483 1689
1673 204 2139
204 1673 2139
2139 204 1673
1265 1151 1575
1151 1265 1575
1575 1151 1265
690 853 2080
853 690 2080
2080 690 853
32 1729 2278
1729 32 2278
2278 32 1729
2833 1241 2880
2880 1241 2833
1241 2833 2880
2677 221 2381
221 2381 2677
2381 221 2677
1878 1495 1710
1710 1495 1878
1495 1710 1878
2785 1856 2945
1856 2785 2945
2945 1856 2785
2143 794 1016
794 1016 2143
1016 794 2143
2497 1929 2519
2519 1929 2497
1929 2497 2519
460 585 2490
585 460 2490
2490 460 585
2690 299 2344
299 2344 2690
2344 299 2690
309 127 1380
1380 127 309
127 309 1380
75 8 1568
8 75 1568
1568 8 75
573 981 2340
2340 573 981
981 573 2340
161 1289 1354
1354 161 1289
1289 161 1354
1814 726 1037
726 1037 1814
1037 726 1814
2279 1034 2361
2361 1034 2279
1034 2279 2361
1219 446 1867
1867 446 1219
446 1219 1867
2373 616 1655
1655 616 2373
616 1655 2373
1641 1299 1561
1299 1561 1641
1561 1299 1641
2034 784 1387
1387 784 2034
784 1387 2034
1555 1276 2852
2852 1276 1555
1276 1555 2852
1811 482 1779
1779 482 1811
482 1779 1811
1361 2174 2897
2174 1361 2897
2897 1361 2174
1737 710 1674
1674 710 1737
710 1674 1737
1282 1753 2102
1753 1282 2102
2102 1282 1753
1888 1371 2678
1371 1888 2678
2678 1371 1888
2615 1205 1876
1876 1205 2615
1205 1876 2615
879 1163 1755
1755 879 1163
1163 879 1755
319 1404 2369
1404 319 2369
2369 319 1404
2155 1253 2220
2220 1253 2155
1253 2155 2220
594 1668 2675
2675 594 1668
1668 594 2675
640 893 1015
893 640 1015
1015 640 893
2676 524 2617
2617 524 2676
524 2617 2676
256 634 2933
634 256 2933
2933 256 634
487 315 1061
1061 315 487
315 487 1061
1341 142 2504
142 1341 2504
2504 142 1341
760 176 504
504 176 760
176 504 760
11 1920 2185
1920 11 2185
2185 11 1920
654 685 2524
2524 654 685
685 654 2524
1570 1609 2402
2402 1570 1609
1609 1570 2402
1907 1464 2680
1464 1907 2680
2680 1464 1907
2648 284 337
337 284 2648
284 337 2648
1593 1288 1800
1800 1288 1593
1288 1593 1800
2130 15 733
15 733 2130
733 15 2130
1042 495 828
495 828 1042
828 495 1042
2627 33 1720
1720 33 2627
33 1720 2627
2589 1370 2351
2351 1370 2589
1370 2351 2589
1688 170 2576
170 1688 2576
2576 170 1688
633 2555 2641
2555 633 2641
2641 633 2555
2696 1542 2573
1542 2573 2696
2573 1542 2696
622 846 1544
846 622 1544
1544 622 846
1691 976 2290
976 1691 2290
2290 976 1691
1270 534 1676
1676 534 1270
534 1270 1676
47 448 2248
2248 47 448
448 47 2248
195 1488 2083
2083 195 1488
1488 195 2083
2841 98 550
98 550 2841
550 98 2841
181 2207 2907
2907 181 2207
2207 181 2907
1501 440 1721
1721 440 1501
440 1501 1721
1242 190 1056
190 1056 1242
1056 190 1242
993 502 1538
1538 502 993
502 993 1538
2150 1690 2512
1690 2150 2512
2512 1690 2150
637 2353 2942
2353 637 2942
2942 637 2353
2289 399 2849
399 2289 2849
2849 399 2289
1310 1944 1953
1953 1310 1944
1944 1310 1953
2828 2527 2885
2527 2828 2885
2885 2527 2828
174 1999 2969
1999 174 2969
2969 174 1999
2656 607 1257
607 1257 2656
1257 607 2656
1490 643 1184
643 1184 1490
1184 643 1490
116 863 1879
863 116 1879
1879 116 863
587 6 2045
6 587 2045
2045 6 587
2979 720 2853
2853 720 2979
720 2853 2979
1302 858 2097
2097 858 1302
858 1302 2097
510 625 1174
625 510 1174
1174 510 625
850 366 432
432 366 850
366 432 850
2953 1805 1901
1901 1805 2953
1805 1901 2953
2468 789 1326
1326 789 2468
789 1326 2468
2112 1318 1905
1318 1905 2112
1905 1318 2112
1224 2390 2558
2558 1224 2390
2390 1224 2558
2449 2032 2789
2032 2449 2789
2789 2032 2449
2040 1319 2932
2932 1319 2040
1319 2040 2932
1897 934 1803
934 1803 1897
1803 934 1897
1181 1068 2456
2456 1068 1181
1068 1181 2456
2429 1799 2762
2762 1799 2429
1799 2429 2762
2036 620 2905
2905 620 2036
620 2036 2905
485 1031 1917
1031 485 1917
1917 485 1031
1526 1046 1719
1046 1526 1719
1719 1046 1526
1098 110 2119
2119 110 1098
110 1098 2119
1251 137 224
224 137 1251
137 224 1251
2052 1789 2992
2992 1789 2052
1789 2052 2992
2111 7 1324
1324 7 2111
7 1324 2111
497 64 140
140 64 497
64 140 497
2288 560 1165
560 1165 2288
1165 560 2288
2048 880 1150
880 1150 2048
1150 880 2048
2539 2450 2878
2878 2450 2539
2450 2539 2878
779 312 1110
1110 312 779
312 779 1110
1750 872 1122
1122 872 1750
872 1122 1750
1590 2418 2819
2418 1590 2819
2819 1590 2418
753 139 737
737 139 753
139 737 753
1172 82 677
82 677 1172
677 82 1172
1560 430 2064
2064 430 1560
430 1560 2064
1191 1515 2255
2255 1191 1515
1515 1191 2255
2501 1146 1167
1146 1167 2501
1167 1146 2501
4 932 1995
1995 4 932
932 4 1995
800 380 1487
380 800 1487
1487 380 800
1489 1461 1874
1461 1489 1874
1874 1461 1489
2712 1030 2531
1030 2531 2712
2531 1030 2712
274 512 684
512 274 684
684 274 512
841 2623 2929
2929 841 2623
2623 841 2929
154 113 2960
113 154 2960
2960 113 154
2975 1782 1892
1782 1892 2975
1892 1782 2975
373 1474 2144
2144 373 1474
1474 373 2144
3 1228 2337
2337 3 1228
1228 3 2337
2257 1747 2731
2731 1747 2257
1747 2257 2731
1477 529 970
970 529 1477
529 970 1477
267 2140 2243
2243 267 2140
2140 267 2243
1885 1240 2560
2560 1240 1885
1240 1885 2560
340 96 1837
96 340 1837
1837 96 340
2003 982 2702
982 2003 2702
2702 982 2003
1499 565 2170
565 1499 2170
2170 565 1499
909 1493 2590
2590 909 1493
1493 909 2590
2017 830 2128
2128 830 2017
830 2017 2128
1502 102 581
102 581 1502
581 102 1502
2168 437 2737
2737 437 2168
437 2168 2737
966 1895 2231
2231 966 1895
1895 966 2231
1804 734 1742
734 1742 1804
1742 734 1804
615 368 706
706 368 615
368 615 706
1128 780 1072
1072 780 1128
780 1072 1128
538 704 2271
704 538 2271
2271 538 704
1806 823 912
823 912 1806
912 823 1806
305 261 1097
261 305 1097
1097 261 305
1192 1733 2424
1733 1192 2424
2424 1192 1733
2832 186 2783
186 2783 2832
2783 186 2832
396 352 2394
2394 352 396
352 396 2394
341 930 2515
930 341 2515
2515 341 930
2172 2206 2275
2206 2172 2275
2275 2172 2206
2062 2007 2137
2137 2007 2062
2007 2062 2137
251 2479 2711
2479 251 2711
2711 251 2479
2536 219 2147
219 2147 2536
2147 219 2536
1846 1577 2552
1577 1846 2552
2552 1577 1846
359 1903 2722
2722 359 1903
1903 359 2722
468 669 2935
2935 468 669
669 468 2935
1255 567 1342
567 1255 1342
1342 567 1255
2404 628 1513
628 1513 2404
1513 628 2404
1470 2307 2799
2307 1470 2799
2799 1470 2307
657 287 592
287 592 657
592 287 657
2591 1296 1312
1296 1312 2591
1312 1296 2591
145 1614 2262
1614 145 2262
2262 145 1614
1398 236 2804
236 1398 2804
2804 236 1398
1918 14 2746
14 1918 2746
2746 14 1918
69 402 2758
2758 69 402
402 69 2758
484 199 526
199 484 526
526 199 484
1966 99 293
99 293 1966
293 99 1966
1313 1041 1894
1894 1041 1313
1041 1313 1894
2700 210 1998
1998 210 2700
210 1998 2700
1823 662 2926
662 1823 2926
2926 662 1823
576 2026 2776
2026 576 2776
2776 576 2026
2098 1272 1587
1272 1587 2098
1587 1272 2098
809 2091 2268
2268 809 2091
2091 809 2268
2840 520 2273
2273 520 2840
520 2273 2840
738 1576 2324
2324 738 1576
1576 738 2324
2075 688 1528
688 1528 2075
1528 688 2075
2291 983 2609
983 2291 2609
2609 983 2291
2349 480 2728
480 2349 2728
2728 480 2349
1306 434 2359
434 1306 2359
2359 434 1306
71 302 1021
302 71 1021
1021 71 302
936 1308 2734
1308 936 2734
2734 936 1308
925 645 1969
1969 645 925
645 925 1969
1836 1900 2837
1900 1836 2837
2837 1836 1900
1543 235 2215
2215 235 1543
235 1543 2215
1186 572 2477
2477 572 1186
572 1186 2477
2626 63 1133
63 1133 2626
1133 63 2626
2521 342 2217
2217 342 2521
342 2217 2521
2470 744 856
744 856 2470
856 744 2470
938 770 1456
770 938 1456
1456 770 938
2672 13 1925
13 1925 2672
1925 13 2672
1399 2455 2794
2455 1399 2794
2794 1399 2455
2382 2092 2779
2779 2092 2382
2092 2382 2779
152 1637 2356
1637 152 2356
2356 152 1637
421 392 1012
1012 392 421
392 421 1012
360 25 1421
25 360 1421
1421 25 360
967 1160 1455
1160 967 1455
1455 967 1160
1578 627 2782
2782 627 1578
627 1578 2782
31 1794 1937
1937 31 1794
1794 31 1937
613 1440 2000
2000 613 1440
1440 613 2000
423 1518 1958
1518 423 1958
1958 423 1518
2073 259 2698
2698 259 2073
259 2073 2698
2851 303 488
488 303 2851
303 488 2851
2087 120 2999
2999 120 2087
120 2087 2999
1390 1533 1857
1533 1390 1857
1857 1390 1533
2526 1594 2784
2784 1594 2526
1594 2526 2784
1416 455 2559
455 1416 2559
2559 455 1416
92 1858 2920
2920 92 1858
1858 92 2920
1238 164 2827
164 1238 2827
2827 164 1238
2566 1981 2041
1981 2041 2566
2041 1981 2566
62 1189 1567
1189 62 1567
1567 62 1189
2015 1775 2030
2030 1775 2015
1775 2015 2030
2272 2786 2821
2821 2272 2786
2786 2272 2821
2816 2241 2562
2241 2562 2816
2562 2241 2816
2581 1166 1601
1601 1166 2581
1166 1601 2581
848 1418 2908
2908 848 1418
1418 848 2908
748 2 986
986 2 748
2 748 986
1551 901 2564
2564 901 1551
901 1551 2564
1457 1865 2054
1865 1457 2054
2054 1457 1865
1519 128 869
128 869 1519
869 128 1519
1709 1471 2028
1471 1709 2028
2028 1471 1709
1249 1957 2019
2019 1249 1957
1957 1249 2019
731 458 673
673 458 731
458 673 731
2283 94 758
94 758 2283
758 94 2283
1788 974 2439
974 1788 2439
2439 974 1788
52 1667 2452
1667 52 2452
2452 52 1667
821 2725 2971
2725 821 2971
2971 821 2725
687 55 2966
2966 55 687
55 687 2966
2595 331 2511
2511 331 2595
331 2511 2595
1014 732 2538
2538 732 1014
732 1014 2538
596 67 899
899 67 596
67 596 899
555 1020 2750
2750 555 1020
1020 555 2750
2987 435 1962
435 1962 2987
1962 435 2987
2125 994 2912
2912 994 2125
994 2125 2912
344 449 1509
1509 344 449
449 344 1509
1749 1178 1327
1178 1327 1749
1327 1178 1749
353 1686 2875
2875 353 1686
1686 353 2875
561 1384 1784
1384 561 1784
1784 561 1384
2261 76 911
911 76 2261
76 911 2261
1713 1552 2963
2963 1552 1713
1552 1713 2963
2604 1647 2296
2296 1647 2604
1647 2296 2604
1960 894 1476
1476 894 1960
894 1476 1960
263 883 1633
1633 263 883
883 263 1633
2176 121 904
904 121 2176
121 904 2176
667 339 1221
339 667 1221
1221 339 667
2352 1808 2809
1808 2352 2809
2809 1808 2352
1783 391 1290
391 1290 1783
1290 391 1783
1610 1010 1961
1961 1010 1610
1010 1610 1961
2583 827 2688
2688 827 2583
827 2583 2688
2925 215 1531
1531 215 2925
215 1531 2925
34 2367 2695
2367 34 2695
2695 34 2367
1634 324 2529
2529 324 1634
324 1634 2529
2597 1442 2189
1442 2189 2597
2189 1442 2597
1315 79 1047
1047 79 1315
79 1047 1315
2224 1584 2416
2416 1584 2224
1584 2224 2416
2916 612 2420
2420 612 2916
612 2420 2916
2720 1834 2012
2012 1834 2720
1834 2012 2720
2694 1125 2020
2020 1125 2694
1125 2020 2694
472 2619 2884
2884 472 2619
2619 472 2884
2218 1121 1378
1378 1121 2218
1121 1378 2218
908 591 2260
591 908 2260
2260 591 908
91 108 1113
108 91 1113
1113 91 108
1861 89 2464
2464 89 1861
89 1861 2464
1924 601 2308
2308 601 1924
601 1924 2308
1428 1611 2205
2205 1428 1611
1611 1428 2205
2586 718 1793
1793 718 2586
718 1793 2586
273 2004 2029
2004 273 2029
2029 273 2004
1396 2159 2522
2522 1396 2159
2159 1396 2522
1602 559 2768
559 1602 2768
2768 559 1602
2135 2704 2898
2898 2135 2704
2704 2135 2898
639 756 1202
1202 639 756
756 639 1202
2650 1622 2854
1622 2650 2854
2854 1622 2650
1261 238 2451
2451 238 1261
238 1261 2451
459 611 2618
2618 459 611
611 459 2618
1267 19 97
19 97 1267
97 19 1267
2286 107 1716
1716 107 2286
107 1716 2286
889 743 2899
743 889 2899
2899 743 889
2664 910 1058
1058 910 2664
910 1058 2664
383 442 805
805 383 442
442 383 805
1372 406 1397
1397 406 1372
406 1372 1397
2568 1423 2280
2280 1423 2568
1423 2280 2568
95 1546 2913
2913 95 1546
1546 95 2913
740 252 378
252 378 740
378 252 740
1923 722 2115
2115 722 1923
722 1923 2115
384 2348 2602
2602 384 2348
2348 384 2602
1415 945 2113
945 1415 2113
2113 945 1415
1060 1562 1813
1813 1060 1562
1562 1060 1813
1950 1480 1492
1480 1492 1950
1492 1480 1950
382 355 2169
355 382 2169
2169 355 382
2741 1615 2857
1615 2741 2857
2857 1615 2741
695 793 1368
793 695 1368
1368 695 793
489 1996 2570
1996 489 2570
2570 489 1996
2316 2259 2883
2259 2316 2883
2883 2259 2316
2582 467 2085
2085 467 2582
467 2085 2582
1339 926 2993
926 1339 2993
2993 926 1339
2399 766 2663
2663 766 2399
766 2399 2663
2474 701 1018
1018 701 2474
701 1018 2474
826 1226 1343
1343 826 1226
1226 826 1343
153 1385 1410
1385 153 1410
1410 153 1385
1912 2298 2707
2298 1912 2707
2707 1912 2298
479 26 962
26 479 962
962 26 479
1154 1023 1549
1549 1023 1154
1023 1154 1549
37 363 2166
2166 37 363
363 37 2166
1096 1559 2862
2862 1096 1559
1559 1096 2862
314 1639 2739
1639 314 2739
2739 314 1639
2101 759 2447
759 2101 2447
2447 759 2101
1243 998 1672
998 1243 1672
1672 998 1243
2386 1069 2387
1069 2386 2387
2387 1069 2386
2842 45 1045
1045 45 2842
45 1045 2842
2977 824 2212
2212 824 2977
824 2212 2977
2384 1335 2042
1335 2042 2384
2042 1335 2384
2546 1889 2510
2510 1889 2546
1889 2510 2546
1695 83 973
973 83 1695
83 973 1695
2152 782 1484
782 1484 2152
1484 782 2152
2415 160 2417
2417 160 2415
160 2415 2417
1040 232 2486
2486 232 1040
232 1040 2486
2808 1687 2699
1687 2699 2808
2699 1687 2808
245 374 2561
374 245 2561
2561 245 374
2658 836 2216
836 2216 2658
2216 836 2658
1595 1057 1717
1057 1595 1717
1717 1057 1595
1126 473 1771
473 1126 1771
1771 473 1126
2487 508 2565
2565 508 2487
508 2487 2565
2047 2264 2334
2334 2047 2264
2264 2047 2334
1491 268 1199
1199 268 1491
268 1199 1491
855 513 754
754 513 855
513 754 855
1646 1200 2886
2886 1200 1646
1200 1646 2886
2950 50 1833
1833 50 2950
50 1833 2950
2941 1089 1101
1101 1089 2941
1089 1101 2941
1393 708 1116
1116 708 1393
708 1116 1393
217 557 1262
557 217 1262
1262 217 557
1212 185 188
185 188 1212
188 185 1212
61 812 2625
2625 61 812
812 61 2625
2593 1359 2973
2973 1359 2593
1359 2593 2973
1507 1529 2955
2955 1507 1529
1529 1507 2955
2910 2058 2691
2691 2058 2910
2058 2691 2910
1754 420 605
605 420 1754
420 605 1754
2703 377 597
597 377 2703
377 597 2703
2493 927 2605
2605 927 2493
927 2493 2605
2679 599 2646
599 2646 2679
2646 599 2679
42 1131 1258
1258 42 1131
1131 42 1258
2121 438 1657
438 1657 2121
1657 438 2121
533 963 2724
963 533 2724
2724 533 963
2242 2457 2726
2726 2242 2457
2457 2242 2726
1466 786 825
786 825 1466
825 786 1466
266 1809 2671
1809 266 2671
2671 266 1809
1498 1033 1190
1033 1190 1498
1190 1033 1498
1483 2021 2764
2764 1483 2021
2021 1483 2764
2918 74 1652
1652 74 2918
74 1652 2918
1209 527 2917
2917 527 1209
527 1209 2917
2893 1512 2269
2269 1512 2893
1512 2269 2893
411 2341 2766
2766 411 2341
2341 411 2766
1523 212 2701
2701 212 1523
212 1523 2701
965 119 2229
119 965 2229
2229 119 965
1216 503 553
503 553 1216
553 503 1216
54 35 1868
35 54 1868
1868 35 54
2209 2181 2407
2181 2209 2407
2407 2181 2209
2642 2090 2689
2689 2090 2642
2090 2642 2689
2825 2154 2214
2214 2154 2825
2154 2214 2825
2284 292 2318
2318 292 2284
292 2284 2318
727 1218 2467
1218 727 2467
2467 727 1218
2483 1127 2732
1127 2483 2732
2732 1127 2483
906 778 1104
1104 778 906
778 906 1104
1388 1701 1968
1968 1388 1701
1701 1388 1968
942 1746 1984
1746 942 1984
1984 942 1746
1077 349 454
454 349 1077
349 454 1077
1095 829 1284
829 1095 1284
1284 829 1095
248 357 465
357 248 465
465 248 357
953 792 2371
2371 792 953
792 953 2371
41 476 1848
1848 41 476
476 41 1848
330 1078 1375
1375 330 1078
1078 330 1375
713 428 1627
428 713 1627
1627 428 713
1273 1269 2438
1269 1273 2438
2438 1269 1273
1822 106 556
556 106 1822
106 556 1822
1866 1063 2100
1063 1866 2100
2100 1063 1866
1413 551 2957
551 1413 2957
2957 551 1413
2506 241 2204
2204 241 2506
241 2204 2506
1198 351 964
351 964 1198
964 351 1198
1997 563 2103
2103 563 1997
563 1997 2103
419 398 2717
2717 398 419
398 419 2717
1952 327 1193
1193 327 1952
327 1193 1952
1052 1173 2397
1173 1052 2397
2397 1052 1173
2601 1235 1412
1235 1412 2601
1412 1235 2601
393 1346 1790
1790 393 1346
1346 393 1790
129 808 1436
808 129 1436
1436 129 808
269 255 2921
255 269 2921
2921 255 269
1317 1275 2059
2059 1275 1317
1275 1317 2059
1264 474 652
474 652 1264
652 474 1264
1444 602 1331
602 1331 1444
1331 602 1444
1294 1505 1756
1505 1294 1756
1756 1294 1505
1141 1408 2151
2151 1141 1408
1408 1141 2151
2554 1545 2550
1545 2550 2554
2550 1545 2554
1149 148 658
658 148 1149
148 658 1149
2516 2211 2265
2265 2211 2516
2211 2265 2516
1757 20 1697
1697 20 1757
20 1697 1757
1884 1232 2996
2996 1232 1884
1232 1884 2996
1579 1479 1597
1479 1579 1597
1597 1479 1579
757 1287 2301
1287 757 2301
2301 757 1287
1854 890 2127
890 1854 2127
2127 890 1854
2482 122 1062
122 1062 2482
1062 122 2482
1394 2514 2644
2644 1394 2514
2514 1394 2644
839 1564 2532
2532 839 1564
1564 839 2532
1102 1036 2805
2805 1036 1102
1036 1102 2805
515 1301 2544
2544 515 1301
1301 515 2544
2149 386 1744
386 1744 2149
1744 386 2149
610 80 2548
80 610 2548
2548 80 610
1572 346 1220
346 1220 1572
1220 346 1572
1955 1100 1161
1161 1100 1955
1100 1161 1955
2657 1358 2547
2547 1358 2657
1358 2547 2657
2738 1510 1774
1510 1774 2738
1774 1510 2738
2911 2505 2780
2780 2505 2911
2505 2780 2911
2585 1168 2421
2421 1168 2585
1168 2421 2585
541 141 2729
2729 141 541
141 541 2729
2655 1195 2946
1195 2655 2946
2946 1195 2655
1115 2378 2432
2432 1115 2378
2378 1115 2432
562 354 1497
1497 354 562
354 562 1497
1791 783 2153
783 1791 2153
2153 783 1791
1616 2471 2613
2613 1616 2471
2471 1616 2613
1927 2199 2669
2199 1927 2669
2669 1927 2199
2124 457 1681
457 1681 2124
1681 457 2124
1094 2403 2454
2454 1094 2403
2403 1094 2454
2608 1132 2171
2171 1132 2608
1132 2171 2608
2222 1936 2770
2770 1936 2222
1936 2222 2770
1859 1196 1656
1196 1656 1859
1656 1196 1859
2574 240 714
714 240 2574
240 714 2574
1797 73 1381
1381 73 1797
73 1381 1797
902 295 539
539 295 902
295 539 902
2323 44 1481
1481 44 2323
44 1481 2323
2411 111 276
276 111 2411
111 276 2411
1207 469 552
552 469 1207
469 552 1207
2414 2057 2233
2057 2233 2414
2233 2057 2414
1890 209 1592
209 1592 1890
1592 209 1890
1268 70 2360
70 1268 2360
2360 70 1268
1088 192 1759
192 1088 1759
1759 192 1088
466 679 1389
1389 466 679
679 466 1389
2186 947 1164
1164 947 2186
947 1164 2186
2405 1316 1869
1869 1316 2405
1316 1869 2405
2868 1801 2637
2637 1801 2868
1801 2637 2868
2611 2055 2175
2055 2175 2611
2175 2055 2611
1118 1158 2640
1158 1118 2640
2640 1118 1158
885 603 1860
1860 603 885
603 885 1860
2476 1175 2331
2331 1175 2476
1175 2331 2476
283 1604 2114
2114 283 1604
1604 283 2114
1425 1589 2246
2246 1425 1589
1589 1425 2246
2974 1862 2195
1862 2195 2974
2195 1862 2974
614 1227 1239
1239 614 1227
1227 614 1239
1983 1608 2902
2902 1608 1983
1608 1983 2902
1367 617 2423
2423 617 1367
617 1367 2423
1947 859 2321
859 1947 2321
2321 859 1947
711 104 1135
1135 104 711
104 711 1135
225 928 2379
2379 225 928
928 225 2379
220 29 1932
29 220 1932
1932 29 220
1723 18 2339
18 1723 2339
2339 18 1723
2448 787 1136
1136 787 2448
787 1136 2448
542 1807 2494
1807 542 2494
2494 542 1807
2988 686 2845
686 2845 2988
2845 686 2988
1524 1044 2959
2959 1044 1524
1044 1524 2959
1422 1880 2295
2295 1422 1880
1880 1422 2295
1726 1700 2326
2326 1700 1726
1700 1726 2326
1321 1675 2006
2006 1321 1675
1675 1321 2006
2016 1556 1632
1632 1556 2016
1556 1632 2016
651 326 1117
326 651 1117
1117 326 651
2937 2744 2919
2919 2744 2937
2744 2919 2937
143 785 900
900 143 785
785 143 900
820 995 2995
2995 820 995
995 820 2995
1254 1651 2813
2813 1254 1651
1651 1254 2813
1230 2093 2847
2093 1230 2847
2847 1230 2093
2940 500 2393
500 2393 2940
2393 500 2940
233 281 1902
1902 233 281
281 233 1902
730 1355 2223
2223 730 1355
1355 730 2223
2221 184 1658
184 1658 2221
1658 184 2221
1048 626 870
870 626 1048
626 870 1048
2161 609 2067
2067 609 2161
609 2067 2161
1913 1758 1870
1870 1758 1913
1758 1870 1913
2104 9 361
361 9 2104
9 361 2104
814 78 1017
78 814 1017
1017 78 814
1024 27 1832
27 1024 1832
1832 27 1024
1194 470 1623
470 1194 1623
1623 470 1194
2956 1322 2400
2400 1322 2956
1322 2400 2956
2495 1843 2126
1843 2126 2495
2126 1843 2495
2117 2444 2458
2458 2117 2444
2444 2117 2458
1297 519 1508
519 1297 1508
1508 519 1297
868 43 1407
1407 43 868
43 868 1407
1478 709 1977
1977 709 1478
709 1478 1977
2790 1002 2715
2715 1002 2790
1002 2715 2790
905 1027 1171
1171 905 1027
1027 905 1171
405 2535 2666
2535 405 2666
2666 405 2535
1148 1090 2443
2443 1090 1148
1090 1148 2443
1532 48 1279
48 1279 1532
1279 48 1532
769 372 1414
372 769 1414
1414 372 769
1696 1618 2751
2751 1618 1696
1618 1696 2751
2629 253 2160
2160 253 2629
253 2160 2629
501 385 2736
2736 385 501
385 501 2736
2398 681 1433
681 1433 2398
1433 681 2398
2254 666 2721
2721 666 2254
666 2254 2721
444 716 1452
1452 444 716
716 444 1452
1624 1820 2435
2435 1624 1820
1820 1624 2435
761 1677 2466
2466 761 1677
1677 761 2466
2297 629 2413
629 2297 2413
2413 629 2297
22 379 1283
379 22 1283
1283 22 379
401 335 1959
335 401 1959
1959 335 401
631 381 2798
381 631 2798
2798 381 631
2202 1517 2431
2431 1517 2202
1517 2202 2431
2203 427 736
427 736 2203
736 427 2203
608 1503 2638
1503 608 2638
2638 608 1503
289 1382 2673
2673 289 1382
1382 289 2673
1537 100 2253
2253 100 1537
100 1537 2253
59 624 1596
1596 59 624
624 59 1596
2299 16 2835
2835 16 2299
16 2299 2835
2422 1334 2864
1334 2422 2864
2864 1334 2422
149 924 2881
2881 149 924
924 149 2881
1915 516 1402
1402 516 1915
516 1402 1915
211 851 2033
2033 211 851
851 211 2033
2226 1350 1654
1654 1350 2226
1350 1654 2226
2670 1105 2964
1105 2670 2964
2964 1105 2670
282 334 1682
334 282 1682
1682 282 334
2293 1574 2145
2145 1574 2293
1574 2145 2293
1430 1620 2188
1620 1430 2188
2188 1430 1620
2063 136 751
136 751 2063
751 136 2063
1087 494 532
532 494 1087
494 532 1087
173 1475 2503
2503 173 1475
1475 173 2503
1569 874 1776
874 1569 1776
1776 874 1569
413 946 2237
946 413 2237
2237 413 946
2659 189 1169
189 1169 2659
1169 189 2659
1916 336 2647
2647 336 1916
336 1916 2647
2461 876 1351
1351 876 2461
876 1351 2461
1278 1447 2345
1447 1278 2345
2345 1278 1447
509 955 2610
955 509 2610
2610 509 955
198 179 1070
179 198 1070
1070 179 198
875 1722 2427
1722 875 2427
2427 875 1722
1736 2332 2645
2645 1736 2332
2332 1736 2645
2148 231 1636
231 1636 2148
1636 231 2148
2343 169 1660
169 1660 2343
1660 169 2343
1708 682 1176
682 1176 1708
1176 682 1708
237 389 547
547 237 389
389 237 547
1692 285 1292
285 1292 1692
1292 285 1692
1271 797 1768
797 1271 1768
1768 797 1271
1345 1391 1872
1872 1345 1391
1391 1345 1872
306 729 937
729 306 937
937 306 729
1303 1067 1678
1678 1067 1303
1067 1303 1678
356 1921 1987
1921 356 1987
1987 356 1921
604 1369 2624
1369 604 2624
2624 604 1369
2009 1599 2368
2368 1599 2009
1599 2009 2368
919 300 788
788 300 919
300 788 919
2389 1446 2146
2146 1446 2389
1446 2146 2389
2814 540 1143
540 1143 2814
1143 540 2814
2191 1211 2194
1211 2191 2194
2194 1211 2191
1827 838 2179
838 1827 2179
2179 838 1827
320 175 813
813 175 320
175 320 813
1516 979 2184
2184 979 1516
979 1516 2184
2267 477 2936
2936 477 2267
477 2267 2936
1352 923 1829
1829 923 1352
923 1352 1829
1237 842 1431
1431 842 1237
842 1237 1431
660 2706 2793
2793 660 2706
2706 660 2793
2831 2533 2890
2533 2831 2890
2890 2533 2831
1353 2025 2982
2982 1353 2025
2025 1353 2982
1891 871 2370
871 1891 2370
2370 871 1891
124 2445 2636
2636 124 2445
2445 124 2636
17 490 1760
1760 17 490
490 17 1760
1828 705 2838
2838 705 1828
705 1828 2838
288 2122 2743
2122 288 2743
2743 288 2122
768 985 2136
985 768 2136
2136 768 985
978 156 2485
156 978 2485
2485 156 978
1411 2346 2385
2385 1411 2346
2346 1411 2385
2844 171 1179
171 1179 2844
1179 171 2844
817 1992 2300
1992 817 2300
2300 817 1992
2718 135 835
835 135 2718
135 835 2718
2013 144 1938
144 1938 2013
1938 144 2013
2089 2051 2803
2803 2051 2089
2051 2089 2803
1309 36 2934
36 1309 2934
2934 36 1309
2200 1215 2027
2027 1215 2200
1215 2027 2200
2453 46 321
46 321 2453
321 46 2453
1976 1210 2983
1210 1976 2983
2983 1210 1976
2545 1583 2250
2250 1583 2545
1583 2250 2545
2815 453 2958
453 2815 2958
2958 453 2815
1 2802 2901
2802 1 2901
2901 1 2802
424 1022 2178
2178 424 1022
1022 424 2178
818 1025 1780
1025 818 1780
1780 818 1025
2967 1177 2158
1177 2158 2967
2158 1177 2967
2747 1571 2401
2401 1571 2747
1571 2401 2747
2719 661 2991
661 2719 2991
2991 661 2719
2787 577 2788
577 2787 2788
2788 577 2787
2116 1139 2994
1139 2116 2994
2994 1139 2116
2909 412 1134
412 1134 2909
1134 412 2909
2142 1979 2594
2594 1979 2142
1979 2142 2594
2777 1344 2365
1344 2365 2777
2365 1344 2777
635 1448 2553
1448 635 2553
2553 635 1448
935 840 2858
2858 840 935
840 935 2858
1092 439 2094
439 1092 2094
2094 439 1092
301 1356 1826
1826 301 1356
1356 301 1826
1225 1032 1585
1585 1032 1225
1032 1225 1585
1291 2010 2071
2071 1291 2010
2010 1291 2071
1699 218 1812
1812 218 1699
218 1699 1812
155 951 1305
951 155 1305
1305 155 951
2274 471 2120
2120 471 2274
471 2120 2274
886 223 1432
223 886 1432
1432 223 886
150 575 1663
1663 150 575
575 150 1663
1991 24 1073
1073 24 1991
24 1073 1991
1419 1429 1626
1429 1419 1626
1626 1419 1429
2228 790 2219
790 2219 2228
2219 790 2228
646 1463 2037
1463 646 2037
2037 646 1463
644 2792 2867
2792 644 2867
2867 644 2792
1839 216 2540
2540 216 1839
216 1839 2540
112 1649 2436
2436 112 1649
1649 112 2436
1386 397 1945
1945 397 1386
397 1386 1945
1824 343 2797
2797 343 1824
343 1824 2797
595 2192 2775
2192 595 2775
2775 595 2192
506 632 920
632 506 920
920 506 632
566 570 860
570 566 860
860 566 570
2084 53 2014
53 2014 2084
2014 53 2084
583 1625 2236
2236 583 1625
1625 583 2236
1732 1340 1940
1940 1340 1732
1340 1732 1940
1973 866 952
866 952 1973
952 866 1973
915 1066 1223
1066 915 1223
1223 915 1066
1441 2118 2249
2118 1441 2249
2249 1441 2118
2891 2031 2383
2383 2031 2891
2031 2383 2891
922 957 2441
957 922 2441
2441 922 957
1911 39 944
39 944 1911
944 39 1911
746 582 1214
1214 582 746
582 746 1214
1337 674 832
832 674 1337
674 832 1337
2277 767 941
767 941 2277
941 767 2277
1844 903 1028
1028 903 1844
903 1028 1844
2922 1600 1613
1600 1613 2922
1613 1600 2922
1252 1451 1985
1985 1252 1451
1451 1252 1985
2240 247 1514
247 1514 2240
1514 247 2240
1819 2109 2635
2635 1819 2109
2109 1819 2635
971 807 2584
2584 807 971
807 971 2584
2333 1286 1978
1286 1978 2333
1978 1286 2333
1245 1930 1994
1994 1245 1930
1930 1245 1994
2388 418 475
418 475 2388
475 418 2388
977 1702 2733
1702 977 2733
2733 977 1702
333 146 441
441 146 333
146 333 441
2592 311 1468
311 1468 2592
1468 311 2592
1486 1106 2105
2105 1106 1486
1106 1486 2105
1619 1082 1785
1082 1619 1785
1785 1082 1619
2426 313 1083
313 1083 2426
1083 313 2426
2557 2005 2541
2005 2541 2557
2541 2005 2557
1500 969 1417
969 1417 1500
1417 969 1500
2325 1250 2660
2660 1250 2325
1250 2325 2660
2606 486 619
486 619 2606
619 486 2606
2811 680 1934
680 1934 2811
1934 680 2811
1617 939 2060
2060 939 1617
939 1617 2060
523 200 913
200 523 913
913 200 523
2528 58 1752
1752 58 2528
58 1752 2528
23 618 2138
2138 23 618
618 23 2138
1817 816 2713
2713 816 1817
816 1817 2713
636 2872 2970
2872 636 2970
2970 636 2872
2377 1662 2095
1662 2095 2377
2095 1662 2377
2836 531 1091
1091 531 2836
531 1091 2836
692 270 408
270 408 692
408 270 692
208 2801 2952
2952 208 2801
2801 208 2952
1260 347 2046
2046 347 1260
347 1260 2046
1522 187 1485
1485 187 1522
187 1485 1522
1853 1295 1967
1295 1853 1967
1967 1295 1853
1763 991 1003
1003 991 1763
991 1003 1763
777 2598 2681
2598 777 2681
2681 777 2598
715 1795 1943
1795 715 1943
1943 715 1795
2710 1280 2600
2600 1280 2710
1280 2600 2710
1039 728 2939
2939 728 1039
728 1039 2939
2612 182 1540
1540 182 2612
182 1540 2612
2986 1520 2309
2309 1520 2986
1520 2309 2986
2930 522 2489
2489 522 2930
522 2489 2930
2839 426 436
436 426 2839
426 436 2839
2230 1217 2654
2654 1217 2230
1217 2230 2654
2596 271 683
271 683 2596
683 271 2596
593 600 1427
1427 593 600
600 593 1427
1114 230 2863
230 1114 2863
2863 230 1114
2163 507 1504
507 1504 2163
1504 507 2163
1130 1256 1939
1939 1130 1256
1256 1130 1939
717 1550 1693
1693 717 1550
1550 717 1693
1008 1946 2234
1946 1008 2234
2234 1008 1946
1748 447 1376
1376 447 1748
447 1376 1748
1208 493 1629
1629 493 1208
493 1208 1629
2990 1906 2276
1906 2276 2990
2276 1906 2990
404 308 1734
308 404 1734
1734 308 404
2053 799 2044
799 2044 2053
2044 799 2053
1684 586 1007
1007 586 1684
586 1007 1684
2763 1333 1714
1333 1714 2763
1714 1333 2763
443 1187 2978
1187 443 2978
2978 443 1187
433 762 795
762 433 795
795 433 762
1883 2251 2354
2251 1883 2354
2354 1883 2251
1558 1521 2791
2791 1521 1558
1521 1558 2791
1751 1941 1965
1965 1751 1941
1941 1751 1965
1383 345 1910
1910 345 1383
345 1383 1910
1831 548 1182
548 1182 1831
1182 548 1831
196 203 1730
1730 196 203
203 196 1730
1307 358 2806
358 1307 2806
2806 358 1307
989 1926 2480
2480 989 1926
1926 989 2480
415 445 2460
2460 415 445
445 415 2460
2985 663 862
862 663 2985
663 862 2985
1904 151 2314
151 1904 2314
2314 151 1904
931 1798 2395
1798 931 2395
2395 931 1798
2774 77 895
895 77 2774
77 895 2774
1434 242 1882
1882 242 1434
242 1434 1882
2335 298 1680
298 1680 2335
1680 298 2335
1643 316 2938
316 1643 2938
2938 316 1643
1635 750 1792
750 1635 1792
1792 750 1635
1669 707 1898
1898 707 1669
707 1669 1898
648 1006 1777
1777 648 1006
1006 648 1777
2869 463 2022
463 2022 2869
2022 463 2869
2850 2312 2947
2312 2850 2947
2947 2312 2850
2488 530 773
530 773 2488
773 530 2488
1933 1188 2232
2232 1188 1933
1188 1933 2232
1511 1825 1887
1825 1511 1887
1887 1511 1825
2069 101 1659
101 1659 2069
1659 101 2069
1244 1469 2183
1469 1244 2183
2183 1244 1469
178 2088 2440
2088 178 2440
2440 178 2088
1426 183 1582
183 1426 1582
1582 183 1426
163 1144 1231
1231 163 1144
1144 163 1231
66 664 2502
664 66 2502
2502 66 664
1645 831 2481
831 1645 2481
2481 831 1645
2245 958 961
961 958 2245
958 961 2245
1815 491 2822
491 1815 2822
2822 491 1815
1739 1443 2442
1443 1739 2442
2442 1443 1739
2380 1298 1781
1781 1298 2380
1298 1781 2380
1864 228 857
857 228 1864
228 857 1864
1086 948 1818
1818 948 1086
948 1086 1818
2630 2330 2686
2686 2330 2630
2330 2630 2686
719 258 2018
2018 258 719
258 719 2018
1112 1573 2072
2072 1112 1573
1573 1112 2072
1683 12 798
12 798 1683
798 12 1683
2709 1320 2753
2753 1320 2709
1320 2709 2753
1156 1949 2187
2187 1156 1949
1949 1156 2187
2256 410 2949
410 2256 2949
2949 410 2256
2760 1724 2577
2577 1724 2760
1724 2577 2760
834 1725 1772
1725 834 1772
1772 834 1725
1743 844 2587
844 1743 2587
2587 844 1743
1704 177 213
177 213 1704
213 177 1704
2425 867 1951
867 1951 2425
1951 867 2425
1988 672 803
803 672 1988
672 803 1988
1084 105 1450
1450 105 1084
105 1084 1450
1694 2108 2848
2848 1694 2108
2108 1694 2848
1055 193 1049
1049 193 1055
193 1049 1055
2870 375 394
375 394 2870
394 375 2870
1366 2050 2363
2050 1366 2363
2363 1366 2050
1778 400 1445
400 1445 1778
1445 400 1778
650 649 1621
1621 649 650
649 650 1621
1081 260 1035
260 1035 1081
1035 260 1081
1821 2509 2998
2998 1821 2509
2509 1821 2998
2708 158 2829
2829 158 2708
158 2708 2829
699 1711 2270
2270 699 1711
1711 699 2270
837 1435 1873
1435 837 1873
1873 837 1435
2761 429 1076
1076 429 2761
429 1076 2761
1011 278 2542
2542 278 1011
278 1011 2542
2238 590 1277
1277 590 2238
590 1277 2238
2563 873 1197
873 1197 2563
1197 873 2563
2372 2035 2824
2035 2372 2824
2824 2035 2372
133 1703 1741
1741 133 1703
1703 133 1741
2795 2322 2924
2322 2795 2924
2924 2322 2795
2225 364 2517
364 2225 2517
2517 364 2225
878 1064 2079
1064 878 2079
2079 878 1064
1472 700 1841
1841 700 1472
700 1472 1841
2749 65 647
65 647 2749
647 65 2749
2196 2366 2903
2903 2196 2366
2366 2196 2903
1054 584 2068
2068 584 1054
584 1054 2068
56 1460 1606
1606 56 1460
1460 56 1606
833 1405 2023
2023 833 1405
1405 833 2023
1835 675 1137
1137 675 1835
675 1137 1835
2614 172 388
172 388 2614
388 172 2614
2311 1001 1236
1001 1236 2311
1236 1001 2311
914 996 1954
1954 914 996
996 914 1954
2904 1234 2475
2475 1234 2904
1234 2475 2904
2141 2771 2989
2989 2141 2771
2771 2141 2989
2807 194 2579
2579 194 2807
194 2579 2807
451 554 642
642 451 554
554 451 642
414 1506 2668
1506 414 2668
2668 414 1506
1377 246 1453
246 1377 1453
1453 246 1377
2364 580 2258
580 2258 2364
2258 580 2364
1728 511 2812
2812 511 1728
511 1728 2812
579 1787 1948
1948 579 1787
1787 579 1948
929 85 1311
1311 85 929
85 929 1311
1120 765 1670
765 1120 1670
1670 765 1120
1919 956 2428
2428 956 1919
956 1919 2428
365 1893 2106
2106 365 1893
1893 365 2106
229 310 2856
310 229 2856
2856 229 310
1881 265 1439
1439 265 1881
265 1439 1881
623 1727 2327
2327 623 1727
1727 623 2327
60 589 1964
589 60 1964
1964 60 589
1079 987 2078
987 1079 2078
2078 987 1079
1899 2263 2948
2948 1899 2263
2263 1899 2948
1157 2639 2748
2748 1157 2639
2639 1157 2748
2433 992 2446
2446 992 2433
992 2433 2446
207 49 2860
2860 49 207
49 207 2860
2282 960 1406
1406 960 2282
960 1406 2282
739 249 2107
2107 249 739
249 739 2107
2338 117 134
134 117 2338
117 134 2338
997 30 943
30 943 997
943 30 997
1685 725 1349
725 1349 1685
1349 725 1685
2968 1103 1773
1103 1773 2968
1773 1103 2968
2001 126 2931
126 2001 2931
2931 126 2001
205 1360 2742
1360 205 2742
2742 205 1360
2976 1847 2800
2800 1847 2976
1847 2800 2976
2376 1554 1963
1963 1554 2376
1554 1963 2376
2099 390 1357
390 1357 2099
1357 390 2099
1467 544 2292
2292 544 1467
544 1467 2292
2543 801 1373
1373 801 2543
801 1373 2543
545 546 1248
1248 545 546
546 545 1248
1539 514 1085
1085 514 1539
514 1085 1539
691 279 416
416 279 691
279 416 691
1580 87 574
87 574 1580
574 87 1580
294 1982 2408
2408 294 1982
1982 294 2408
2317 1013 2716
2716 1013 2317
1013 2317 2716
1745 481 1462
1462 481 1745
481 1462 1745
1715 1285 1348
1348 1285 1715
1285 1348 1715
1603 1026 2465
1026 1603 2465
2465 1026 1603
668 290 2076
290 668 2076
2076 290 668
806 498 1201
498 806 1201
1201 498 806
2682 1972 2628
2628 1972 2682
1972 2628 2682
764 275 2906
2906 275 764
275 764 2906
367 747 2133
747 367 2133
2133 367 747
2759 2302 3000
3000 2302 2759
2302 2759 3000
2621 537 2523
537 2523 2621
2523 537 2621
1496 206 796
796 206 1496
206 796 1496
980 317 2887
317 980 2887
2887 317 980
291 1051 1863
1051 291 1863
1863 291 1051
1259 1246 2281
2281 1246 1259
1246 1259 2281
1050 864 2859
2859 864 1050
864 1050 2859
638 564 2944
564 638 2944
2944 564 638
348 1129 1706
1129 348 1706
1706 348 1129
1541 464 2182
464 1541 2182
2182 464 1541
109 1274 2927
1274 109 2927
2927 109 1274
318 698 2723
2723 318 698
698 318 2723
892 125 1612
125 892 1612
1612 125 892
1424 1145 2781
2781 1145 1424
