121 87 208
87 121 208
208 87 121
85 203 232
203 85 232
232 85 203
287 40 154
154 40 287
40 154 287
42 137 157
137 42 157
157 42 137
220 111 117
111 117 220
117 111 220
260 59 295
295 59 260
59 260 295
110 26 97
26 97 110
97 26 110
185 112 191
112 185 191
191 112 185
274 217 253
253 217 274
217 253 274
298 175 228
175 228 298
228 175 298
294 96 268
268 96 294
96 268 294
169 35 148
148 35 169
35 148 169
224 155 165
155 165 224
165 155 224
37 181 248
248 37 181
181 37 248
251 89 221
221 89 251
89 221 251
77 102 235
235 77 102
102 77 235
182 55 164
164 55 182
55 164 182
52 114 184
114 52 184
184 52 114
297 49 58
49 58 297
58 49 297
190 75 79
79 75 190
75 79 190
170 233 292
233 170 292
292 170 233
129 116 146
146 116 129
116 129 146
296 41 192
41 192 296
192 41 296
86 36 271
271 36 86
36 86 271
183 118 286
286 118 183
118 183 286
45 119 141
119 45 141
141 45 119
199 13 15
13 15 199
15 13 199
267 204 236
236 204 267
204 236 267
276 38 84
84 38 276
38 84 276
21 136 200
200 21 136
136 21 200
172 29 63
63 29 172
29 63 172
150 106 239
239 106 150
106 150 239
43 209 214
214 43 209
209 43 214
243 8 195
8 195 243
195 8 243
107 163 210
210 107 163
163 107 210
134 167 263
263 134 167
167 134 263
99 94 246
246 94 99
94 99 246
120 51 266
51 120 266
266 51 120
50 32 177
32 50 177
177 32 50
68 142 285
285 68 142
142 68 285
282 17 252
17 252 282
252 17 282
34 76 256
256 34 76
76 34 256
202 100 194
100 194 202
194 100 202
48 81 108
81 48 108
108 48 81
161 133 168
133 161 168
168 133 161
227 130 226
130 226 227
226 130 227
5 145 284
145 5 284
284 5 145
234 173 238
238 173 234
173 234 238
280 1 25
1 25 280
25 1 280
278 71 196
71 196 278
196 71 278
230 27 288
27 230 288
288 27 230
24 90 255
90 24 255
255 24 90
247 162 237
162 237 247
237 162 247
180 30 211
211 30 180
30 180 211
105 78 153
78 105 153
153 78 105
44 66 74
66 44 74
74 44 66
269 187 272
272 187 269
187 269 272
18 31 215
215 18 31
31 18 215
240 39 300
39 240 300
300 39 240
281 249 293
249 281 293
293 249 281
98 3 147
147 3 98
3 98 147
12 125 222
125 12 222
222 12 125
14 124 218
218 14 124
124 14 218
160 16 33
16 33 160
33 16 160
56 115 273
115 56 273
273 56 115
189 70 83
70 83 189
83 70 189
61 277 283
277 61 283
283 61 277
290 53 62
53 62 290
62 53 290
57 261 275
275 57 261
261 57 275
6 80 131
131 6 80
80 6 131
7 19 244
19 7 244
244 7 19
95 174 250
250 95 174
174 95 250
69 166 241
241 69 166
166 69 241
73 135 151
135 73 151
151 73 135
149 10 265
10 149 265
265 10 149
47 4 158
158 4 47
4 47 158
259 156 257
156 257 259
257 156 259
216 159 179
159 179 216
179 159 216
186 2 225
225 2 186
2 186 225
245 64 91
91 64 245
64 91 245
213 88 289
289 88 213
88 213 289
143 60 122
122 60 143
60 122 143
171 127 205
127 171 205
205 127 171
258 223 231
223 231 258
231 223 258
152 113 242
242 113 152
113 152 242
299 176 264
264 176 299
176 264 299
206 82 193
193 82 206
82 193 206
65 138 279
279 65 138
138 65 279
229 9 207
207 9 229
9 207 229
67 104 128
128 67 104
104 67 128
254 212 270
212 254 270
270 212 254
139 28 178
178 28 139
28 139 178
198 46 262
262 46 198
46 198 262
93 219 291
219 93 291
291 93 219
92 72 144
72 92 144
144 72 92
103 23 188
23 103 188
188 23 103
101 22 126
22 101 126
126 22 101
140 54 201
201 54 140
54 140 201
132 20 197
20 132 197
197 20 132
11 109 123
123 11 109
109 11 123
