66 25 31
31 25 66
25 31 66
227 41 109
109 41 227
41 109 227
8 47 59
47 8 59
59 8 47
184 166 276
166 184 276
276 166 184
212 9 132
9 132 212
132 9 212
230 42 102
102 42 230
42 102 230
2 11 38
38 2 11
11 2 38
180 160 236
160 180 236
236 160 180
127 69 193
69 127 193
193 69 127
263 43 267
43 263 267
267 43 263
183 60 195
195 60 183
60 183 195
124 123 152
152 123 124
123 124 152
75 28 278
278 28 75
28 75 278
40 82 290
290 40 82
82 40 290
51 136 208
208 51 136
136 51 208
93 108 200
200 93 108
108 93 200
269 142 179
142 179 269
179 142 269
289 67 257
257 67 289
67 257 289
188 83 251
83 188 251
251 83 188
268 76 206
206 76 268
76 206 268
234 95 129
95 129 234
129 95 234
48 89 143
143 48 89
89 48 143
296 63 169
169 63 296
63 169 296
74 214 255
214 74 255
255 74 214
119 77 270
270 77 119
77 119 270
283 130 281
130 281 283
281 130 283
259 176 203
176 203 259
203 176 259
204 131 157
157 131 204
131 157 204
128 191 282
191 128 282
282 128 191
162 121 198
198 121 162
121 162 198
216 262 300
262 216 300
300 216 262
20 105 146
146 20 105
105 20 146
277 92 199
199 92 277
92 199 277
233 231 288
288 231 233
231 233 288
99 15 260
15 99 260
260 15 99
168 217 292
217 168 292
292 168 217
44 113 197
113 44 197
197 44 113
185 57 272
57 185 272
272 57 185
97 149 219
219 97 149
149 97 219
50 34 85
34 50 85
85 34 50
275 114 241
241 114 275
114 241 275
137 151 264
151 137 264
264 137 151
196 167 209
167 196 209
209 167 196
54 36 49
49 36 54
36 49 54
237 145 221
145 221 237
221 145 237
79 165 182
165 79 182
182 79 165
72 156 238
156 72 238
238 72 156
71 245 279
279 71 245
245 71 279
29 117 125
117 29 125
125 29 117
39 78 139
78 39 139
139 39 78
232 98 274
98 232 274
274 98 232
19 24 175
24 19 175
175 19 24
80 118 247
118 80 247
247 80 118
285 144 153
144 153 285
153 144 285
115 173 293
293 115 173
173 115 293
126 189 261
189 126 261
261 126 189
228 18 207
207 18 228
18 207 228
249 133 235
133 235 249
235 133 249
223 53 294
53 223 294
294 53 223
159 70 225
70 159 225
225 70 159
94 111 177
111 94 177
177 94 111
298 112 205
112 205 298
205 112 298
32 6 186
6 32 186
186 6 32
211 37 213
213 37 211
37 211 213
106 158 172
172 106 158
158 106 172
58 155 164
155 58 164
164 58 155
64 91 265
91 64 265
265 64 91
242 73 147
73 147 242
147 73 242
150 1 122
1 122 150
122 1 150
266 107 286
107 266 286
286 107 266
27 239 244
244 27 239
239 27 244
56 30 246
30 56 246
246 30 56
201 148 287
148 201 287
287 148 201
13 86 194
86 13 194
194 13 86
254 161 252
161 252 254
252 161 254
222 88 229
88 222 229
229 88 222
96 61 295
295 61 96
61 96 295
273 190 210
210 190 273
190 210 273
46 14 170
14 46 170
170 14 46
135 178 299
299 135 178
178 135 299
101 90 284
284 90 101
90 101 284
5 7 248
7 5 248
248 5 7
33 104 138
104 33 138
138 33 104
220 16 65
16 65 220
65 16 220
100 12 181
181 12 100
12 100 181
291 84 218
84 218 291
218 84 291
224 4 110
4 110 224
110 4 224
26 23 52
52 23 26
23 26 52
81 35 103
103 35 81
35 81 103
21 22 192
192 21 22
22 21 192
240 3 174
3 174 240
174 3 240
10 55 116
55 10 116
116 10 55
17 140 215
140 17 215
215 17 140
141 202 226
226 141 202
202 141 226
62 134 243
243 62 134
134 62 243
187 163 171
163 171 187
171 163 187
258 154 271
154 258 271
271 154 258
68 250 280
250 68 280
280 68 250
87 256 297
297 87 256
256 87 297
120 45 253
45 120 253
253 45 120
