248 17 137
137 17 248
17 137 248
38 44 53
44 38 53
53 38 44
170 65 183
65 170 183
183 65 170
110 226 262
262 110 226
226 110 262
200 131 191
191 131 200
131 191 200
155 4 69
69 4 155
4 69 155
176 146 213
146 176 213
213 146 176
242 88 113
88 113 242
113 88 242
298 127 243
243 127 298
127 243 298
142 63 189
63 142 189
189 63 142
261 91 211
91 211 261
211 91 261
114 45 231
45 114 231
231 45 114
266 245 275
245 266 275
275 245 266
129 77 103
103 77 129
77 103 129
190 15 139
139 15 190
15 139 190
115 40 67
40 67 115
67 40 115
90 237 254
254 90 237
237 90 254
171 144 251
251 144 171
144 171 251
169 52 270
52 169 270
270 52 169
13 128 140
128 13 140
140 13 128
36 255 263
263 36 255
255 36 263
76 104 165
104 76 165
165 76 104
175 182 197
182 175 197
197 175 182
268 66 293
293 66 268
66 268 293
133 59 246
246 59 133
59 133 246
235 221 267
267 221 235
221 235 267
198 30 141
141 30 198
30 141 198
265 159 168
159 168 265
168 159 265
184 33 154
33 154 184
154 33 184
300 39 192
39 192 300
192 39 300
12 26 279
26 12 279
279 12 26
250 37 96
96 37 250
37 96 250
1 9 105
105 1 9
9 1 105
126 86 125
125 86 126
86 125 126
117 3 11
3 11 117
11 3 117
119 273 289
289 119 273
273 119 289
47 98 164
98 47 164
164 47 98
7 85 93
93 7 85
85 7 93
225 55 299
299 55 225
55 225 299
252 42 179
42 179 252
179 42 252
150 132 214
132 150 214
214 132 150
294 25 281
281 25 294
25 281 294
75 210 215
210 75 215
215 75 210
177 72 121
72 121 177
121 72 177
287 51 97
97 51 287
51 97 287
292 60 217
60 217 292
217 60 292
295 8 167
8 167 295
167 8 295
180 49 247
49 180 247
247 49 180
220 138 233
138 220 233
233 138 220
71 81 249
249 71 81
81 71 249
2 68 187
68 2 187
187 2 68
288 29 158
158 29 288
29 158 288
92 34 276
276 34 92
34 92 276
100 106 209
209 100 106
106 100 209
35 58 173
58 35 173
173 35 58
208 135 157
135 157 208
157 135 208
41 219 274
219 41 274
274 41 219
223 186 286
186 223 286
286 186 223
284 6 87
6 87 284
87 6 284
196 203 222
203 196 222
222 196 203
32 56 153
153 32 56
56 32 153
193 102 264
264 102 193
102 193 264
202 22 285
285 22 202
22 202 285
204 70 107
107 70 204
70 107 204
218 20 230
20 218 230
230 20 218
61 16 50
16 50 61
50 16 61
259 122 234
234 122 259
122 234 259
80 136 151
151 80 136
136 80 151
178 148 269
269 148 178
148 178 269
73 57 79
79 57 73
57 73 79
172 74 291
74 172 291
291 74 172
89 84 163
84 89 163
163 84 89
54 95 239
95 54 239
239 54 95
28 111 232
111 28 232
232 28 111
118 152 271
271 118 152
152 118 271
280 62 272
62 272 280
272 62 280
27 120 256
120 27 256
256 27 120
145 238 240
238 145 240
240 145 238
260 194 205
205 194 260
194 205 260
5 199 216
199 5 216
216 5 199
19 64 224
224 19 64
64 19 224
228 130 244
130 228 244
244 130 228
278 123 181
181 123 278
123 181 278
43 174 258
174 43 258
258 43 174
78 195 253
195 78 253
253 78 195
23 14 229
14 23 229
229 14 23
257 101 162
162 101 257
101 162 257
212 143 160
143 160 212
160 143 212
83 109 188
188 83 109
109 83 188
48 277 282
282 48 277
277 48 282
227 116 134
134 116 227
116 134 227
166 24 46
46 24 166
24 46 166
206 21 236
236 21 206
21 206 236
185 82 241
241 82 185
82 185 241
147 207 296
296 147 207
207 147 296
31 94 124
94 31 124
124 31 94
201 99 290
99 201 290
290 99 201
156 283 297
283 156 297
297 156 283
18 108 161
161 18 108
108 18 161
149 10 112
10 112 149
112 10 149
