23705 2718 26988
26988 2718 23705
2718 23705 26988
17287 6235 8582
8582 6235 17287
6235 8582 17287
10620 6321 29519
6321 10620 29519
29519 6321 10620
11058 15567 17179
17179 11058 15567
15567 11058 17179
20080 19560 27880
19560 20080 27880
27880 19560 20080
2342 1987 20560
20560 1987 2342
1987 2342 20560
29766 25217 27638
25217 27638 29766
27638 25217 29766
12584 6014 10152
6014 10152 12584
10152 6014 12584
29372 7021 13931
13931 7021 29372
7021 13931 29372
9006 952 9277
9277 952 9006
952 9006 9277
5972 11690 18407
18407 5972 11690
11690 5972 18407
16975 12408 12708
12708 12408 16975
12408 12708 16975
26093 5501 20994
20994 5501 26093
5501 20994 26093
14478 13253 14795
13253 14478 14795
14795 13253 14478
8771 3224 18108
3224 8771 18108
18108 3224 8771
8185 17234 20125
20125 8185 17234
17234 8185 20125
27483 4308 17465
17465 4308 27483
4308 17465 27483
11737 11439 18435
11439 11737 18435
18435 11439 11737
18054 3659 20640
20640 3659 18054
3659 18054 20640
15473 16527 28019
28019 15473 16527
16527 15473 28019
23938 20165 26944
20165 23938 26944
26944 20165 23938
8801 20073 20874
20874 8801 20073
20073 8801 20874
25437 13160 28192
13160 25437 28192
28192 13160 25437
21505 12246 18919
18919 12246 21505
12246 18919 21505
8236 19205 20968
20968 8236 19205
19205 8236 20968
16906 705 4850
705 4850 16906
4850 705 16906
17363 2534 13393
2534 13393 17363
13393 2534 17363
7149 6486 21498
6486 7149 21498
21498 6486 7149
8395 566 2541
566 2541 8395
2541 566 8395
12792 9251 15793
15793 9251 12792
9251 12792 15793
18458 10645 13638
13638 10645 18458
10645 13638 18458
5735 6560 9916
6560 5735 9916
9916 5735 6560
22844 19674 20486
19674 20486 22844
20486 19674 22844
17787 24136 25869
24136 17787 25869
25869 17787 24136
29939 25123 27847
25123 27847 29939
27847 25123 29939
4806 3411 15375
15375 3411 4806
3411 4806 15375
1884 13655 29033
29033 1884 13655
13655 1884 29033
10853 20375 21208
21208 10853 20375
20375 10853 21208
27791 23463 24149
24149 23463 27791
23463 24149 27791
20956 11266 22856
22856 11266 20956
11266 20956 22856
82 10962 15831
10962 82 15831
15831 82 10962
19635 16710 28170
16710 19635 28170
28170 16710 19635
20228 6288 23360
23360 6288 20228
6288 20228 23360
17382 2843 11394
11394 2843 17382
2843 11394 17382
13641 9490 29249
9490 13641 29249
29249 9490 13641
10000 7653 25433
25433 7653 10000
7653 10000 25433
25055 13532 21730
13532 21730 25055
21730 13532 25055
17075 19135 21143
19135 17075 21143
21143 17075 19135
1390 16621 17028
16621 1390 17028
17028 1390 16621
6304 3076 26461
3076 6304 26461
26461 3076 6304
904 7194 16167
7194 904 16167
16167 904 7194
18775 12978 17163
12978 17163 18775
17163 12978 18775
18920 8146 11119
8146 11119 18920
11119 8146 18920
18257 9000 24091
9000 18257 24091
24091 9000 18257
23274 9798 29889
29889 9798 23274
9798 23274 29889
22427 26608 28002
26608 22427 28002
28002 22427 26608
27122 4892 17652
17652 4892 27122
4892 17652 27122
213 7851 11913
11913 213 7851
7851 213 11913
18774 4738 8075
8075 4738 18774
4738 8075 18774
24141 2905 18118
18118 2905 24141
2905 18118 24141
13681 4167 8605
8605 4167 13681
4167 8605 13681
15705 16732 19598
19598 15705 16732
16732 15705 19598
24478 18881 19448
19448 18881 24478
18881 19448 24478
11825 6884 29803
6884 11825 29803
29803 6884 11825
24667 1284 1536
1284 1536 24667
1536 1284 24667
27889 315 24888
24888 315 27889
315 24888 27889
5529 4436 16209
4436 5529 16209
16209 4436 5529
25695 5358 20193
20193 5358 25695
5358 20193 25695
2739 12123 18776
18776 2739 12123
12123 2739 18776
3595 13654 24946
13654 3595 24946
24946 3595 13654
2976 1890 18048
1890 2976 18048
18048 1890 2976
18205 12790 21670
21670 12790 18205
12790 18205 21670
26586 20033 29677
29677 20033 26586
20033 26586 29677
14810 654 7297
7297 654 14810
654 7297 14810
17295 14258 27459
14258 17295 27459
27459 14258 17295
7597 10129 26678
26678 7597 10129
10129 7597 26678
21139 12492 27323
12492 21139 27323
27323 12492 21139
1175 9045 20798
9045 1175 20798
20798 1175 9045
10907 12001 21194
21194 10907 12001
12001 10907 21194
9373 10578 22548
10578 9373 22548
22548 9373 10578
12017 19251 28422
19251 12017 28422
28422 12017 19251
15403 5178 25152
25152 5178 15403
5178 15403 25152
174 12893 25999
12893 174 25999
25999 174 12893
21052 4847 12617
4847 12617 21052
12617 4847 21052
21513 21821 29279
21821 21513 29279
29279 21513 21821
27818 4776 19493
4776 19493 27818
19493 4776 27818
21775 13153 23376
13153 21775 23376
23376 13153 21775
2326 27532 29070
29070 2326 27532
27532 2326 29070
12646 3944 23381
23381 3944 12646
3944 12646 23381
22001 1916 10606
1916 10606 22001
10606 1916 22001
5724 8719 27391
8719 5724 27391
27391 5724 8719
25484 14619 28403
28403 14619 25484
14619 25484 28403
20530 20388 21309
21309 20388 20530
20388 20530 21309
28673 16461 19747
16461 19747 28673
19747 16461 28673
8228 27215 27749
27749 8228 27215
27215 8228 27749
9640 7970 14570
14570 7970 9640
7970 9640 14570
16265 17959 25860
17959 16265 25860
25860 16265 17959
7736 26649 27357
26649 7736 27357
27357 7736 26649
16519 8470 11385
11385 8470 16519
8470 11385 16519
5325 5057 5780
5780 5057 5325
5057 5325 5780
3727 14556 29247
29247 3727 14556
14556 3727 29247
6333 6967 13452
13452 6333 6967
6967 6333 13452
9898 6293 19241
19241 6293 9898
6293 9898 19241
13308 8450 15523
15523 8450 13308
8450 13308 15523
20111 11603 12199
11603 12199 20111
12199 11603 20111
16322 1220 12073
1220 12073 16322
12073 1220 16322
2932 24848 28502
28502 2932 24848
24848 2932 28502
15896 23717 24027
23717 15896 24027
24027 15896 23717
9092 14749 24013
24013 9092 14749
14749 9092 24013
5819 5908 24599
24599 5819 5908
5908 5819 24599
16330 18849 23207
18849 16330 23207
23207 16330 18849
4515 1831 12279
12279 1831 4515
1831 4515 12279
18912 10262 18713
10262 18713 18912
18713 10262 18912
25451 17825 29810
17825 25451 29810
29810 17825 25451
9563 19059 22609
22609 9563 19059
19059 9563 22609
19414 5030 9626
5030 9626 19414
9626 5030 19414
8222 14451 17441
14451 8222 17441
17441 8222 14451
25460 20700 29227
29227 20700 25460
20700 25460 29227
27695 21827 28605
21827 27695 28605
28605 21827 27695
22041 2479 24376
2479 22041 24376
24376 2479 22041
26551 23145 23773
23145 23773 26551
23773 23145 26551
4861 3721 25191
25191 3721 4861
3721 4861 25191
669 2135 23182
2135 669 23182
23182 669 2135
18502 4386 9192
9192 4386 18502
4386 9192 18502
23560 8311 24441
8311 23560 24441
24441 8311 23560
7463 5612 28080
28080 5612 7463
5612 7463 28080
11807 18068 29319
29319 11807 18068
18068 11807 29319
27389 10762 22559
10762 22559 27389
22559 10762 27389
5586 4398 15187
15187 4398 5586
4398 5586 15187
18412 5747 18169
18169 5747 18412
5747 18169 18412
8896 7725 26575
26575 7725 8896
7725 8896 26575
29443 3410 14981
14981 3410 29443
3410 14981 29443
27305 5115 26380
5115 26380 27305
26380 5115 27305
13903 2102 2104
2102 2104 13903
2104 2102 13903
4924 16436 26554
16436 4924 26554
26554 4924 16436
6112 11884 24893
24893 6112 11884
11884 6112 24893
23074 17962 29086
29086 17962 23074
17962 23074 29086
11115 1610 1783
1610 1783 11115
1783 1610 11115
22433 3732 20723
3732 20723 22433
20723 3732 22433
3623 284 24465
284 3623 24465
24465 284 3623
5492 473 4716
4716 473 5492
473 4716 5492
12550 7199 21484
7199 12550 21484
21484 7199 12550
11059 7017 15274
7017 11059 15274
15274 7017 11059
21544 4925 17539
17539 4925 21544
4925 17539 21544
19729 1628 19636
1628 19636 19729
19636 1628 19729
3789 22625 23260
22625 3789 23260
23260 3789 22625
27209 10799 12330
12330 10799 27209
10799 12330 27209
13736 26087 29587
29587 13736 26087
26087 13736 29587
17916 1603 19104
19104 1603 17916
1603 17916 19104
10055 14684 22436
14684 10055 22436
22436 10055 14684
14805 26106 26684
26106 14805 26684
26684 14805 26106
29643 15118 28297
28297 15118 29643
15118 28297 29643
24052 24298 29691
29691 24052 24298
24298 24052 29691
13673 14171 21227
14171 13673 21227
21227 13673 14171
11125 9120 29863
9120 11125 29863
29863 9120 11125
24098 6493 27682
6493 24098 27682
27682 6493 24098
23879 6765 27776
6765 23879 27776
27776 6765 23879
12835 26553 29072
29072 12835 26553
26553 12835 29072
5361 16546 27328
16546 5361 27328
27328 5361 16546
2721 20601 23060
20601 2721 23060
23060 2721 20601
15043 9621 15994
9621 15043 15994
15994 9621 15043
25099 21848 26597
21848 25099 26597
26597 21848 25099
1232 5440 14205
5440 1232 14205
14205 1232 5440
22465 2554 19680
2554 19680 22465
19680 2554 22465
42 23983 27183
27183 42 23983
23983 42 27183
7321 12350 19117
19117 7321 12350
12350 7321 19117
17081 14818 24044
14818 17081 24044
24044 14818 17081
4590 23998 27388
27388 4590 23998
23998 4590 27388
8068 2504 6744
6744 2504 8068
2504 6744 8068
12926 17744 26354
17744 12926 26354
26354 12926 17744
28538 6738 13544
6738 13544 28538
13544 6738 28538
26518 7023 21754
21754 7023 26518
7023 21754 26518
15242 5563 7642
7642 5563 15242
5563 7642 15242
25766 3857 18960
3857 18960 25766
18960 3857 25766
28445 20734 24770
24770 20734 28445
20734 24770 28445
28729 13112 23761
23761 13112 28729
13112 23761 28729
3050 26259 29373
26259 3050 29373
29373 3050 26259
23791 5354 8650
8650 5354 23791
5354 8650 23791
3298 3135 26609
26609 3135 3298
3135 3298 26609
3951 11324 24747
24747 3951 11324
11324 3951 24747
15404 17201 26019
26019 15404 17201
17201 15404 26019
6928 477 23714
477 6928 23714
23714 477 6928
7039 4648 21084
21084 4648 7039
4648 7039 21084
28419 13649 15287
13649 15287 28419
15287 13649 28419
13013 14802 22043
14802 13013 22043
22043 13013 14802
22197 13827 14072
13827 14072 22197
14072 13827 22197
23694 9837 26844
26844 9837 23694
9837 23694 26844
2033 5132 14841
14841 2033 5132
5132 2033 14841
20226 2901 17556
2901 17556 20226
17556 2901 20226
8365 903 25550
25550 903 8365
903 8365 25550
12254 14966 15812
14966 12254 15812
15812 12254 14966
11556 4573 28005
28005 4573 11556
4573 11556 28005
10588 3842 12284
12284 3842 10588
3842 10588 12284
12953 4965 5144
4965 5144 12953
5144 4965 12953
3221 13241 22533
13241 3221 22533
22533 3221 13241
29778 5125 13645
13645 5125 29778
5125 13645 29778
4934 1315 15888
15888 1315 4934
1315 4934 15888
15263 5845 29076
29076 5845 15263
5845 15263 29076
1539 320 8946
320 1539 8946
8946 320 1539
21856 4582 16537
4582 16537 21856
16537 4582 21856
7667 13632 16690
16690 7667 13632
13632 7667 16690
4910 26006 29410
29410 4910 26006
26006 4910 29410
21982 7525 25859
25859 7525 21982
7525 21982 25859
19471 10090 12693
12693 10090 19471
10090 12693 19471
17684 13956 16854
13956 16854 17684
16854 13956 17684
19304 11657 26278
11657 19304 26278
26278 11657 19304
20657 20459 26883
26883 20459 20657
20459 20657 26883
540 7169 27709
27709 540 7169
7169 540 27709
22067 3753 6817
6817 3753 22067
3753 6817 22067
3262 10555 19177
19177 3262 10555
10555 3262 19177
14697 10430 15411
15411 10430 14697
10430 14697 15411
19161 6456 21036
6456 19161 21036
21036 6456 19161
18658 5830 26835
26835 5830 18658
5830 18658 26835
16814 16901 17276
17276 16814 16901
16901 16814 17276
8446 25369 28841
28841 8446 25369
25369 8446 28841
114 7572 8810
8810 114 7572
7572 114 8810
6599 4760 7390
4760 6599 7390
7390 4760 6599
11961 24758 27704
27704 11961 24758
24758 11961 27704
4410 262 14223
14223 262 4410
262 4410 14223
14256 23144 29000
23144 14256 29000
29000 14256 23144
6933 16949 22706
22706 6933 16949
16949 6933 22706
12739 24572 28508
24572 12739 28508
28508 12739 24572
12118 1664 10552
10552 1664 12118
1664 10552 12118
20150 3 15142
15142 3 20150
3 15142 20150
10881 22582 23410
23410 10881 22582
22582 10881 23410
20043 1353 28215
28215 1353 20043
1353 20043 28215
5701 17221 24204
17221 5701 24204
24204 5701 17221
1274 15775 17849
17849 1274 15775
15775 1274 17849
12960 5338 20438
5338 12960 20438
20438 5338 12960
377 11411 26463
11411 377 26463
26463 377 11411
5741 12876 19395
12876 5741 19395
19395 5741 12876
13561 8445 24589
8445 13561 24589
24589 8445 13561
13158 14591 25098
25098 13158 14591
14591 13158 25098
1464 7750 25962
25962 1464 7750
7750 1464 25962
5977 26047 26598
26598 5977 26047
26047 5977 26598
4782 1098 15669
1098 4782 15669
15669 1098 4782
24418 296 29116
296 24418 29116
29116 296 24418
13156 15105 24949
24949 13156 15105
15105 13156 24949
7823 430 20980
430 7823 20980
20980 430 7823
989 9526 10550
9526 989 10550
10550 989 9526
22567 18625 27644
27644 18625 22567
18625 22567 27644
13702 20658 29580
20658 13702 29580
29580 13702 20658
5255 7396 23797
7396 5255 23797
23797 5255 7396
19593 2487 15708
15708 2487 19593
2487 15708 19593
19982 527 28193
527 19982 28193
28193 527 19982
4853 17732 20634
20634 4853 17732
17732 4853 20634
28129 15381 22457
22457 15381 28129
15381 22457 28129
18714 5572 23051
5572 18714 23051
23051 5572 18714
10448 3542 19896
19896 3542 10448
3542 10448 19896
12586 5783 19650
19650 5783 12586
5783 12586 19650
13554 17472 20501
17472 13554 20501
20501 13554 17472
24065 399 16820
16820 399 24065
399 16820 24065
21913 20948 28217
28217 20948 21913
20948 21913 28217
18644 18295 28801
28801 18295 18644
18295 18644 28801
13616 18852 27938
27938 13616 18852
18852 13616 27938
3179 979 23644
23644 979 3179
979 3179 23644
22343 1672 13675
13675 1672 22343
1672 13675 22343
4698 8371 22290
22290 4698 8371
8371 4698 22290
5230 4369 24737
24737 4369 5230
4369 5230 24737
506 7413 11771
7413 506 11771
11771 506 7413
23568 14488 20385
14488 20385 23568
20385 14488 23568
22992 14817 29316
29316 14817 22992
14817 22992 29316
12544 14425 27041
27041 12544 14425
14425 12544 27041
21929 18289 29933
18289 21929 29933
29933 18289 21929
26411 10945 22658
22658 10945 26411
10945 22658 26411
813 18156 28499
18156 813 28499
28499 813 18156
17816 672 4406
672 4406 17816
4406 672 17816
10843 3072 16871
3072 10843 16871
16871 3072 10843
25361 3188 15815
3188 15815 25361
15815 3188 25361
26651 3202 21752
21752 3202 26651
3202 21752 26651
5139 22969 25477
25477 5139 22969
22969 5139 25477
15647 3532 9287
9287 3532 15647
3532 9287 15647
9527 26111 27649
27649 9527 26111
26111 9527 27649
6467 1862 9340
9340 1862 6467
1862 6467 9340
12025 24208 29270
29270 12025 24208
24208 12025 29270
20761 11366 14057
14057 11366 20761
11366 14057 20761
18163 13538 16643
13538 16643 18163
16643 13538 18163
28173 4325 19252
4325 19252 28173
19252 4325 28173
9359 2292 5525
5525 2292 9359
2292 5525 9359
24069 4597 14994
4597 14994 24069
14994 4597 24069
23012 1913 14627
1913 14627 23012
14627 1913 23012
20957 3853 15961
15961 3853 20957
3853 15961 20957
24330 1058 4974
4974 1058 24330
1058 4974 24330
27150 21475 22858
21475 22858 27150
22858 21475 27150
11911 6396 16924
6396 11911 16924
16924 6396 11911
9632 7036 19625
7036 9632 19625
19625 7036 9632
24329 21510 26856
21510 24329 26856
26856 21510 24329
6041 4219 18744
4219 6041 18744
18744 4219 6041
3008 14605 29290
29290 3008 14605
14605 3008 29290
12959 16714 17758
17758 12959 16714
16714 12959 17758
29975 13768 28053
28053 13768 29975
13768 28053 29975
10501 2856 8949
8949 2856 10501
2856 8949 10501
964 3438 5155
3438 964 5155
5155 964 3438
3583 92 5414
92 3583 5414
5414 92 3583
16421 7363 11761
11761 7363 16421
7363 11761 16421
29926 11655 24711
24711 11655 29926
11655 24711 29926
13289 27104 28135
28135 13289 27104
27104 13289 28135
9730 2931 13480
2931 9730 13480
13480 2931 9730
29969 4756 29945
29945 4756 29969
4756 29945 29969
19006 4768 10034
4768 10034 19006
10034 4768 19006
12510 11023 27327
11023 12510 27327
27327 11023 12510
25017 14360 24000
24000 14360 25017
14360 24000 25017
25906 15773 18503
15773 18503 25906
18503 15773 25906
27021 26010 27162
26010 27021 27162
27162 26010 27021
14064 19296 24958
24958 14064 19296
19296 14064 24958
16407 26495 27222
26495 16407 27222
27222 16407 26495
2038 2811 4174
2811 2038 4174
4174 2038 2811
6442 10199 16339
10199 6442 16339
16339 6442 10199
4470 9427 27356
9427 4470 27356
27356 4470 9427
16128 731 11226
731 11226 16128
11226 731 16128
25107 24068 25364
24068 25107 25364
25364 24068 25107
27297 8215 12061
12061 8215 27297
8215 12061 27297
13116 2089 27952
27952 2089 13116
2089 13116 27952
8240 4865 5738
4865 5738 8240
5738 4865 8240
19876 3045 16267
16267 3045 19876
3045 16267 19876
2833 11294 17319
17319 2833 11294
11294 2833 17319
15482 2782 13122
2782 13122 15482
13122 2782 15482
15903 4905 27253
27253 4905 15903
4905 15903 27253
6602 18297 24580
18297 6602 24580
24580 6602 18297
22719 11220 12112
11220 12112 22719
12112 11220 22719
17439 4056 23069
23069 4056 17439
4056 17439 23069
19830 3239 13245
3239 13245 19830
13245 3239 19830
19025 14354 18684
14354 18684 19025
18684 14354 19025
19926 16217 20663
16217 19926 20663
20663 16217 19926
19487 6605 14236
6605 14236 19487
14236 6605 19487
1026 24611 27817
27817 1026 24611
24611 1026 27817
21963 9382 17757
9382 17757 21963
17757 9382 21963
5486 10202 16063
16063 5486 10202
10202 5486 16063
3889 23869 24832
24832 3889 23869
23869 3889 24832
24845 10472 26068
10472 24845 26068
26068 10472 24845
5579 6273 24492
6273 5579 24492
24492 5579 6273
9150 13585 15843
13585 9150 15843
15843 9150 13585
19677 900 11276
11276 900 19677
900 11276 19677
24539 6707 20854
20854 6707 24539
6707 20854 24539
23841 3432 3672
3672 3432 23841
3432 3672 23841
19109 10596 18999
10596 18999 19109
18999 10596 19109
26610 12694 24887
24887 12694 26610
12694 24887 26610
28539 19566 21643
21643 19566 28539
19566 21643 28539
20740 16575 16659
16575 16659 20740
16659 16575 20740
9801 7944 12669
12669 7944 9801
7944 9801 12669
17001 2880 22012
22012 2880 17001
2880 17001 22012
7788 6465 25011
6465 7788 25011
25011 6465 7788
4093 7468 26537
7468 4093 26537
26537 4093 7468
10121 7920 25470
7920 10121 25470
25470 7920 10121
25689 7497 21013
7497 21013 25689
21013 7497 25689
29471 10454 22477
22477 10454 29471
10454 22477 29471
18099 7385 13741
7385 13741 18099
13741 7385 18099
15696 18544 26975
26975 15696 18544
18544 15696 26975
11517 13835 26740
13835 11517 26740
26740 11517 13835
26758 11285 20719
20719 11285 26758
11285 20719 26758
29920 26310 28701
28701 26310 29920
26310 28701 29920
27008 17313 20402
17313 20402 27008
20402 17313 27008
242 23440 24695
24695 242 23440
23440 242 24695
14752 17237 25750
25750 14752 17237
17237 14752 25750
24989 14059 21959
21959 14059 24989
14059 21959 24989
7902 24752 25490
25490 7902 24752
24752 7902 25490
14888 3153 13399
3153 13399 14888
13399 3153 14888
20197 13734 22979
22979 13734 20197
13734 20197 22979
29236 10988 12216
12216 10988 29236
10988 12216 29236
16341 20397 22930
22930 16341 20397
20397 16341 22930
1850 15050 23750
15050 1850 23750
23750 1850 15050
5917 6994 14759
6994 5917 14759
14759 5917 6994
21611 1805 19528
1805 19528 21611
19528 1805 21611
9646 9468 25116
25116 9468 9646
9468 9646 25116
3319 6282 28609
6282 3319 28609
28609 3319 6282
19478 8230 12506
8230 12506 19478
12506 8230 19478
15286 18353 28889
28889 15286 18353
18353 15286 28889
14957 20432 22498
22498 14957 20432
20432 14957 22498
15830 6498 27843
27843 6498 15830
6498 15830 27843
14912 12234 14963
14963 12234 14912
12234 14912 14963
20515 529 20868
20868 529 20515
529 20515 20868
24402 4170 29673
4170 24402 29673
29673 4170 24402
14118 17290 29498
17290 14118 29498
29498 14118 17290
78 11951 23154
23154 78 11951
11951 78 23154
24249 8361 8476
8476 8361 24249
8361 8476 24249
29614 1580 8963
8963 1580 29614
1580 8963 29614
3490 4067 18798
18798 3490 4067
4067 3490 18798
3474 158 29111
158 3474 29111
29111 158 3474
8049 10533 24619
10533 8049 24619
24619 8049 10533
21424 14021 21964
21964 14021 21424
14021 21424 21964
18247 3321 8356
3321 8356 18247
8356 3321 18247
3830 1016 20839
20839 1016 3830
1016 3830 20839
16155 6946 25445
6946 16155 25445
25445 6946 16155
12204 4169 4821
4821 4169 12204
4169 4821 12204
25777 14515 25096
25096 14515 25777
14515 25096 25777
3208 16579 23832
16579 3208 23832
23832 3208 16579
4051 10147 15392
15392 4051 10147
10147 4051 15392
4931 8425 29220
29220 4931 8425
8425 4931 29220
17977 4584 18961
18961 4584 17977
4584 17977 18961
5084 7494 22946
22946 5084 7494
7494 5084 22946
8674 20992 21814
20992 8674 21814
21814 8674 20992
19461 10504 11794
10504 11794 19461
11794 10504 19461
10471 8168 28593
8168 10471 28593
28593 8168 10471
5266 18555 21283
18555 5266 21283
21283 5266 18555
26112 11645 15291
15291 11645 26112
11645 15291 26112
16095 19681 29365
29365 16095 19681
19681 16095 29365
28592 851 12577
851 12577 28592
12577 851 28592
15944 1184 27575
1184 15944 27575
27575 1184 15944
25174 1983 8760
1983 8760 25174
8760 1983 25174
28617 14284 29745
29745 14284 28617
14284 28617 29745
24328 5336 10215
10215 5336 24328
5336 10215 24328
11161 2289 11403
2289 11161 11403
11403 2289 11161
29918 15649 15730
15730 15649 29918
15649 15730 29918
14199 8952 12932
12932 8952 14199
8952 12932 14199
11020 3774 25390
25390 3774 11020
3774 11020 25390
4647 5301 8234
5301 4647 8234
8234 4647 5301
13465 21007 26236
26236 13465 21007
21007 13465 26236
28363 727 3440
727 3440 28363
3440 727 28363
23163 5654 13909
5654 13909 23163
13909 5654 23163
19967 4124 23642
23642 4124 19967
4124 19967 23642
10682 4822 11868
11868 4822 10682
4822 10682 11868
12949 21429 27861
21429 12949 27861
27861 12949 21429
2730 756 4194
4194 756 2730
756 2730 4194
10265 10220 18318
18318 10220 10265
10220 10265 18318
12351 10208 17294
17294 10208 12351
10208 12351 17294
5271 18075 23939
23939 5271 18075
18075 5271 23939
12103 585 25688
25688 585 12103
585 12103 25688
23575 8755 16347
8755 16347 23575
16347 8755 23575
7003 5480 16075
5480 7003 16075
16075 5480 7003
15491 8966 24742
24742 8966 15491
8966 15491 24742
29845 8199 16785
8199 16785 29845
16785 8199 29845
6482 8407 28338
8407 6482 28338
28338 6482 8407
23048 3806 29707
29707 3806 23048
3806 23048 29707
12359 1527 10589
10589 1527 12359
1527 10589 12359
23015 753 5239
5239 753 23015
753 5239 23015
26101 7159 13201
13201 7159 26101
7159 13201 26101
27272 1879 14520
14520 1879 27272
1879 14520 27272
11550 2943 14911
2943 11550 14911
14911 2943 11550
17036 1758 20318
20318 1758 17036
1758 17036 20318
23689 4311 7584
7584 4311 23689
4311 7584 23689
15651 6938 27200
6938 15651 27200
27200 6938 15651
29992 15613 15980
15980 15613 29992
15613 15980 29992
29899 4596 25082
4596 25082 29899
25082 4596 29899
2219 15742 27656
15742 2219 27656
27656 2219 15742
8272 791 28235
28235 791 8272
791 8272 28235
3957 12940 21416
12940 3957 21416
21416 3957 12940
2702 25203 29728
25203 2702 29728
29728 2702 25203
27525 9411 23725
9411 23725 27525
23725 9411 27525
1061 14785 16287
16287 1061 14785
14785 1061 16287
17575 12098 14371
14371 12098 17575
12098 14371 17575
25119 18795 23072
23072 18795 25119
18795 23072 25119
25459 21301 23617
23617 21301 25459
21301 23617 25459
15398 9937 17422
9937 15398 17422
17422 9937 15398
27290 2360 19709
19709 2360 27290
2360 19709 27290
16338 3531 13027
3531 13027 16338
13027 3531 16338
13660 26447 28300
28300 13660 26447
26447 13660 28300
11397 20046 28206
20046 11397 28206
28206 11397 20046
18618 12923 28106
12923 18618 28106
28106 12923 18618
8276 5160 10958
10958 5160 8276
5160 8276 10958
3533 5509 27050
27050 3533 5509
5509 3533 27050
25573 27192 27734
27734 25573 27192
27192 25573 27734
14196 13992 25025
25025 13992 14196
13992 14196 25025
21869 12742 25443
25443 12742 21869
12742 21869 25443
24714 20757 27069
20757 24714 27069
27069 20757 24714
25735 28987 29860
28987 25735 29860
29860 25735 28987
10966 2370 16334
2370 10966 16334
16334 2370 10966
15449 1737 5219
1737 5219 15449
5219 1737 15449
12634 3492 6880
3492 6880 12634
6880 3492 12634
29901 14958 18115
14958 18115 29901
18115 14958 29901
24350 3028 23324
3028 23324 24350
23324 3028 24350
8156 25065 28468
28468 8156 25065
25065 8156 28468
2524 6104 16024
6104 2524 16024
16024 2524 6104
7243 10038 14493
14493 7243 10038
10038 7243 14493
21405 601 14587
14587 601 21405
601 14587 21405
20264 496 6814
6814 496 20264
496 6814 20264
19489 3922 27171
3922 19489 27171
27171 3922 19489
12306 6915 26232
26232 6915 12306
6915 12306 26232
28373 15765 22061
22061 15765 28373
15765 22061 28373
368 23701 26152
23701 368 26152
26152 368 23701
10807 8532 9694
8532 9694 10807
9694 8532 10807
27839 2206 27225
2206 27225 27839
27225 2206 27839
14145 2085 26907
26907 2085 14145
2085 14145 26907
23847 11681 22572
22572 11681 23847
11681 22572 23847
14430 25672 26850
26850 14430 25672
25672 14430 26850
23045 1171 4616
4616 1171 23045
1171 4616 23045
26662 6869 10117
10117 6869 26662
6869 10117 26662
25120 2411 11365
2411 11365 25120
11365 2411 25120
6357 26258 28520
26258 6357 28520
28520 6357 26258
953 1126 18493
18493 953 1126
1126 953 18493
5140 1616 17180
17180 1616 5140
1616 5140 17180
28186 13916 14807
14807 13916 28186
13916 14807 28186
26001 6706 7136
7136 6706 26001
6706 7136 26001
14290 15668 15941
15668 14290 15941
15941 14290 15668
27479 16431 26244
26244 16431 27479
16431 26244 27479
25722 12069 16395
16395 12069 25722
12069 16395 25722
3465 6760 12368
12368 3465 6760
6760 3465 12368
3454 674 11986
674 3454 11986
11986 674 3454
16111 17469 25458
25458 16111 17469
17469 16111 25458
26674 5552 17088
17088 5552 26674
5552 17088 26674
29993 6540 25170
25170 6540 29993
6540 25170 29993
1260 8485 11067
8485 1260 11067
11067 1260 8485
2525 8114 11843
8114 2525 11843
11843 2525 8114
4177 9308 12122
12122 4177 9308
9308 4177 12122
24214 4728 29735
4728 24214 29735
29735 4728 24214
7051 16629 23630
16629 7051 23630
23630 7051 16629
19317 24859 28145
24859 19317 28145
28145 19317 24859
316 24048 29433
29433 316 24048
24048 316 29433
10906 2098 10187
2098 10187 10906
10187 2098 10906
29102 15858 29029
29029 15858 29102
15858 29029 29102
19064 12663 18381
12663 18381 19064
18381 12663 19064
26386 18855 22760
18855 22760 26386
22760 18855 26386
14914 17360 21972
21972 14914 17360
17360 14914 21972
28094 4972 15239
4972 15239 28094
15239 4972 28094
18307 3297 4815
4815 3297 18307
3297 4815 18307
26641 3619 11977
11977 3619 26641
3619 11977 26641
14249 15513 19800
15513 14249 19800
19800 14249 15513
10411 5326 9877
9877 5326 10411
5326 9877 10411
23428 716 1487
716 1487 23428
1487 716 23428
24024 10046 28268
28268 10046 24024
10046 24024 28268
16336 2377 8341
2377 8341 16336
8341 2377 16336
25041 687 14784
14784 687 25041
687 14784 25041
19143 13716 27569
27569 13716 19143
13716 19143 27569
5310 1969 4887
4887 1969 5310
1969 4887 5310
18222 21651 22634
21651 18222 22634
22634 18222 21651
1581 5722 23448
5722 1581 23448
23448 1581 5722
25171 5947 16786
16786 5947 25171
5947 16786 25171
27643 27125 29289
29289 27125 27643
27125 27643 29289
2229 17896 28911
17896 2229 28911
28911 2229 17896
16981 13746 20405
20405 13746 16981
13746 16981 20405
26252 2005 29244
2005 26252 29244
29244 2005 26252
4486 4777 20371
20371 4486 4777
4777 4486 20371
3981 836 19202
836 3981 19202
19202 836 3981
2714 2449 3416
2449 2714 3416
3416 2449 2714
24323 24334 26149
26149 24323 24334
24334 24323 26149
4594 9654 15384
15384 4594 9654
9654 4594 15384
19909 19889 24596
19889 19909 24596
24596 19889 19909
22513 10452 18856
10452 18856 22513
18856 10452 22513
229 2170 28465
28465 229 2170
2170 229 28465
19975 19760 28478
28478 19760 19975
19760 19975 28478
25450 21724 25720
25720 21724 25450
21724 25450 25720
20588 510 13187
13187 510 20588
510 13187 20588
20076 17537 18601
18601 17537 20076
17537 18601 20076
2710 17189 24935
17189 2710 24935
24935 2710 17189
28131 485 29619
29619 485 28131
485 28131 29619
8709 5626 11138
11138 5626 8709
5626 8709 11138
21800 19854 27002
27002 19854 21800
19854 21800 27002
29401 22816 24656
22816 24656 29401
24656 22816 29401
21486 6313 9151
6313 9151 21486
9151 6313 21486
1167 9401 21218
9401 1167 21218
21218 1167 9401
13875 438 23076
438 13875 23076
23076 438 13875
29759 4997 7437
4997 7437 29759
7437 4997 29759
20931 5402 13145
5402 13145 20931
13145 5402 20931
17007 3581 23480
23480 3581 17007
3581 17007 23480
12393 14594 20416
20416 12393 14594
14594 12393 20416
11265 8811 18736
8811 11265 18736
18736 8811 11265
21231 23447 25529
23447 21231 25529
25529 21231 23447
6597 5986 11202
11202 5986 6597
5986 6597 11202
6704 6777 20907
6777 6704 20907
20907 6704 6777
22723 6678 14365
14365 6678 22723
6678 14365 22723
27418 6655 13474
13474 6655 27418
6655 13474 27418
13431 10021 23724
10021 13431 23724
23724 10021 13431
15871 13442 16161
16161 13442 15871
13442 15871 16161
26776 12475 20596
20596 12475 26776
12475 20596 26776
8590 25817 26971
25817 8590 26971
26971 8590 25817
23420 7601 14116
7601 14116 23420
14116 7601 23420
18312 11980 13897
13897 11980 18312
11980 13897 18312
22114 5734 17265
5734 17265 22114
17265 5734 22114
8612 9270 14942
9270 8612 14942
14942 8612 9270
29104 16369 23268
23268 16369 29104
16369 23268 29104
27775 9708 21339
9708 21339 27775
21339 9708 27775
29802 16671 27263
27263 16671 29802
16671 27263 29802
3023 10838 21215
21215 3023 10838
10838 3023 21215
14860 1480 21224
1480 14860 21224
21224 1480 14860
12938 4860 13023
4860 12938 13023
13023 4860 12938
12628 5867 9612
5867 9612 12628
9612 5867 12628
1941 10968 15766
15766 1941 10968
10968 1941 15766
4408 14374 23256
23256 4408 14374
14374 4408 23256
2319 20347 29087
20347 2319 29087
29087 2319 20347
11831 15400 19326
15400 11831 19326
19326 11831 15400
19941 5906 27216
5906 19941 27216
27216 5906 19941
3685 13688 16084
16084 3685 13688
13688 3685 16084
15374 8986 18341
18341 8986 15374
8986 15374 18341
29340 2807 15252
2807 15252 29340
15252 2807 29340
11921 9935 26361
9935 11921 26361
26361 9935 11921
23710 13090 14491
13090 14491 23710
14491 13090 23710
1502 7171 12083
12083 1502 7171
7171 1502 12083
17551 18392 28971
28971 17551 18392
18392 17551 28971
28037 10258 26909
10258 26909 28037
26909 10258 28037
15559 16195 28892
28892 15559 16195
16195 15559 28892
7250 28542 28843
28843 7250 28542
28542 7250 28843
17808 4190 28205
28205 4190 17808
4190 17808 28205
29489 16177 28124
28124 16177 29489
16177 28124 29489
5731 21421 28504
21421 5731 28504
28504 5731 21421
8423 7932 12210
7932 8423 12210
12210 7932 8423
24358 23231 28324
28324 23231 24358
23231 24358 28324
6087 1576 3705
3705 1576 6087
1576 3705 6087
10499 11815 20970
11815 10499 20970
20970 10499 11815
17114 12916 28497
28497 12916 17114
12916 17114 28497
12656 13192 19364
13192 12656 19364
19364 12656 13192
26355 1726 8159
8159 1726 26355
1726 8159 26355
5459 5043 13224
5043 5459 13224
13224 5043 5459
19314 8761 28455
28455 8761 19314
8761 19314 28455
28335 25225 29859
29859 25225 28335
25225 28335 29859
29186 21222 23935
23935 21222 29186
21222 23935 29186
26189 4605 20104
4605 20104 26189
20104 4605 26189
27265 12574 28698
12574 27265 28698
28698 12574 27265
22943 4159 5974
5974 4159 22943
4159 5974 22943
1099 570 28247
570 1099 28247
28247 570 1099
4102 12197 21018
21018 4102 12197
12197 4102 21018
899 968 10291
968 899 10291
10291 899 968
24496 9459 9686
9459 9686 24496
9686 9459 24496
27521 1460 5348
5348 1460 27521
1460 5348 27521
16982 18813 19323
18813 16982 19323
19323 16982 18813
19734 6911 12512
6911 12512 19734
12512 6911 19734
4434 5388 12457
5388 4434 12457
12457 4434 5388
17315 4215 9001
4215 9001 17315
9001 4215 17315
21802 21530 21904
21904 21530 21802
21530 21802 21904
10841 17284 24880
24880 10841 17284
17284 10841 24880
5718 11243 25054
25054 5718 11243
11243 5718 25054
20289 17520 20817
20817 17520 20289
17520 20289 20817
26414 11050 20195
20195 11050 26414
11050 20195 26414
1114 16847 28196
16847 1114 28196
28196 1114 16847
17488 9169 26832
9169 17488 26832
26832 9169 17488
23328 12496 28705
28705 12496 23328
12496 23328 28705
21067 19018 27420
27420 19018 21067
19018 21067 27420
13994 413 14713
14713 413 13994
413 13994 14713
19968 14029 21393
21393 14029 19968
14029 19968 21393
13078 23226 26003
23226 13078 26003
26003 13078 23226
29635 1875 26574
1875 26574 29635
26574 1875 29635
27707 109 8471
109 8471 27707
8471 109 27707
6510 13031 13899
13899 6510 13031
13031 6510 13899
10074 3618 28900
3618 10074 28900
28900 3618 10074
2611 10737 13519
13519 2611 10737
10737 2611 13519
28334 10735 27400
27400 10735 28334
10735 27400 28334
23386 8754 21009
8754 21009 23386
21009 8754 23386
6057 2505 18030
2505 6057 18030
18030 2505 6057
28045 1381 15160
15160 1381 28045
1381 15160 28045
13539 20142 20684
20142 13539 20684
20684 13539 20142
643 6585 24805
24805 643 6585
6585 643 24805
19144 8513 17892
8513 17892 19144
17892 8513 19144
1103 11112 15869
11112 1103 15869
15869 1103 11112
24220 771 15739
771 15739 24220
15739 771 24220
9244 12318 18509
12318 9244 18509
18509 9244 12318
7409 17980 21370
17980 7409 21370
21370 7409 17980
14283 8166 20924
20924 8166 14283
8166 14283 20924
29942 7919 17425
7919 17425 29942
17425 7919 29942
26929 4409 23258
23258 4409 26929
4409 23258 26929
20170 73 27375
27375 73 20170
73 20170 27375
746 16797 21521
21521 746 16797
16797 746 21521
16148 9958 22273
22273 9958 16148
9958 16148 22273
5017 1574 7148
7148 1574 5017
1574 5017 7148
7773 9 17583
9 7773 17583
17583 9 7773
7556 857 16928
857 7556 16928
16928 857 7556
9810 12056 23548
12056 9810 23548
23548 9810 12056
23858 123 19722
123 19722 23858
19722 123 23858
4052 12282 25143
12282 4052 25143
25143 4052 12282
23385 10313 15008
10313 15008 23385
15008 10313 23385
803 1253 4160
4160 803 1253
1253 803 4160
4321 7213 16529
7213 4321 16529
16529 4321 7213
28081 4028 16079
4028 16079 28081
16079 4028 28081
25951 18910 19131
18910 19131 25951
19131 18910 25951
2404 7846 14388
14388 2404 7846
7846 2404 14388
12505 9052 22505
22505 9052 12505
9052 12505 22505
23900 4228 4307
4307 4228 23900
4228 4307 23900
3132 8824 12523
8824 3132 12523
12523 3132 8824
25268 8722 16067
16067 8722 25268
8722 16067 25268
13788 23674 29437
29437 13788 23674
23674 13788 29437
20139 15801 25357
25357 15801 20139
15801 20139 25357
19898 20219 29079
20219 19898 29079
29079 19898 20219
21939 12120 24547
12120 21939 24547
24547 12120 21939
4548 24153 25227
25227 4548 24153
24153 4548 25227
1401 19098 21865
19098 1401 21865
21865 1401 19098
6713 20816 21638
21638 6713 20816
20816 6713 21638
25546 9087 17070
17070 9087 25546
9087 17070 25546
18454 19860 23703
19860 18454 23703
23703 18454 19860
14760 10311 15997
15997 10311 14760
10311 14760 15997
24973 18653 23637
18653 23637 24973
23637 18653 24973
881 21476 24974
21476 881 24974
24974 881 21476
22038 1046 7481
1046 7481 22038
7481 1046 22038
25557 9238 14538
9238 14538 25557
14538 9238 25557
9997 18571 22703
18571 9997 22703
22703 9997 18571
26012 5401 19010
5401 19010 26012
19010 5401 26012
18261 5069 8646
5069 8646 18261
8646 5069 18261
14920 8382 12752
8382 12752 14920
12752 8382 14920
28990 2869 5511
2869 5511 28990
5511 2869 28990
15257 8998 19038
19038 8998 15257
8998 15257 19038
12434 1937 8438
1937 8438 12434
8438 1937 12434
21868 14282 21413
21413 14282 21868
14282 21413 21868
12217 13410 19930
19930 12217 13410
13410 12217 19930
17078 13209 22739
22739 13209 17078
13209 17078 22739
29240 648 18945
18945 648 29240
648 18945 29240
6768 1332 2293
2293 1332 6768
1332 2293 6768
1289 2287 26374
26374 1289 2287
2287 1289 26374
9473 21878 29003
21878 9473 29003
29003 9473 21878
3855 5208 6072
6072 3855 5208
5208 3855 6072
25023 13011 26939
26939 13011 25023
13011 25023 26939
19504 10414 13244
13244 10414 19504
10414 13244 19504
10554 1619 26589
26589 1619 10554
1619 10554 26589
18979 17920 23917
23917 17920 18979
17920 18979 23917
26477 19060 22450
19060 22450 26477
22450 19060 26477
18159 12813 15193
12813 15193 18159
15193 12813 18159
15467 2890 27344
27344 2890 15467
2890 15467 27344
10088 11460 25348
11460 10088 25348
25348 10088 11460
28090 3586 11709
3586 11709 28090
11709 3586 28090
8586 11698 18829
11698 8586 18829
18829 8586 11698
12667 8551 27926
27926 8551 12667
8551 12667 27926
5944 16308 18494
16308 5944 18494
18494 5944 16308
7282 12855 28245
12855 7282 28245
28245 7282 12855
17809 278 25163
278 17809 25163
25163 278 17809
14179 8629 15353
15353 8629 14179
8629 14179 15353
861 16113 18612
16113 861 18612
18612 861 16113
1957 6556 22247
22247 1957 6556
6556 1957 22247
15511 1532 20610
20610 1532 15511
1532 15511 20610
26692 20696 25756
20696 25756 26692
25756 20696 26692
23237 947 3500
947 3500 23237
3500 947 23237
19819 4121 27856
27856 4121 19819
4121 19819 27856
1978 12244 22344
22344 1978 12244
12244 1978 22344
1083 16915 19190
19190 1083 16915
16915 1083 19190
8652 3039 17164
3039 8652 17164
17164 3039 8652
15039 19599 20335
19599 15039 20335
20335 15039 19599
23508 739 1202
1202 739 23508
739 1202 23508
22535 2223 20426
20426 2223 22535
2223 20426 22535
10186 11837 25385
25385 10186 11837
11837 10186 25385
29465 14579 16679
14579 16679 29465
16679 14579 29465
3032 17430 26445
26445 3032 17430
17430 3032 26445
28486 581 5617
581 5617 28486
5617 581 28486
781 4744 23209
23209 781 4744
4744 781 23209
23771 13849 20808
20808 13849 23771
13849 20808 23771
28505 18955 25182
18955 25182 28505
25182 18955 28505
18900 17243 20977
17243 18900 20977
20977 17243 18900
17921 14266 29987
14266 17921 29987
29987 14266 17921
14494 5487 8308
5487 8308 14494
8308 5487 14494
524 16872 18029
16872 524 18029
18029 524 16872
10168 5948 21937
21937 5948 10168
5948 10168 21937
17182 17731 28077
17731 17182 28077
28077 17182 17731
28320 3964 5584
3964 5584 28320
5584 3964 28320
7533 8570 17661
17661 7533 8570
8570 7533 17661
29934 625 7427
625 7427 29934
7427 625 29934
7566 2171 15175
15175 2171 7566
2171 7566 15175
17976 16016 29541
16016 17976 29541
29541 16016 17976
26007 9784 9806
9784 9806 26007
9806 9784 26007
426 21717 21886
21717 426 21886
21886 426 21717
1166 7790 14431
7790 1166 14431
14431 1166 7790
29323 5448 20281
5448 20281 29323
20281 5448 29323
16497 7466 9549
7466 9549 16497
9549 7466 16497
29294 21954 27109
21954 27109 29294
27109 21954 29294
26420 1993 16707
16707 1993 26420
1993 16707 26420
25700 1074 27909
27909 1074 25700
1074 25700 27909
15890 12853 16224
12853 15890 16224
16224 12853 15890
4033 2967 11330
2967 4033 11330
11330 2967 4033
609 2023 2477
2477 609 2023
2023 609 2477
23033 2168 18710
18710 2168 23033
2168 18710 23033
11723 5609 22774
22774 5609 11723
5609 11723 22774
5790 15367 24508
15367 5790 24508
24508 5790 15367
19467 15471 19026
19026 15471 19467
15471 19026 19467
5164 2478 24559
2478 5164 24559
24559 2478 5164
1235 513 20895
513 1235 20895
20895 513 1235
14091 205 11147
205 11147 14091
11147 205 14091
586 28072 28849
28849 586 28072
28072 586 28849
11694 10351 19028
10351 11694 19028
19028 10351 11694
3847 12778 21503
12778 3847 21503
21503 3847 12778
4092 15394 29658
29658 4092 15394
15394 4092 29658
17263 14614 23608
14614 17263 23608
23608 14614 17263
17518 3798 20491
3798 17518 20491
20491 3798 17518
9281 2074 7631
7631 2074 9281
2074 7631 9281
13869 14314 14561
14561 13869 14314
14314 13869 14561
1319 9550 20768
20768 1319 9550
9550 1319 20768
10375 7367 11437
7367 10375 11437
11437 7367 10375
16723 198 12944
198 12944 16723
12944 198 16723
7184 20300 23185
20300 7184 23185
23185 7184 20300
28722 23931 27599
27599 23931 28722
23931 27599 28722
17412 24432 29647
29647 17412 24432
24432 17412 29647
12451 2114 4949
2114 4949 12451
4949 2114 12451
2250 10744 19980
10744 2250 19980
19980 2250 10744
14565 9420 26910
26910 9420 14565
9420 14565 26910
11184 25403 29097
25403 11184 29097
29097 11184 25403
18237 1868 2396
1868 2396 18237
2396 1868 18237
28543 20731 22727
22727 20731 28543
20731 22727 28543
20706 10131 12072
10131 12072 20706
12072 10131 20706
20568 1130 9882
9882 1130 20568
1130 9882 20568
3043 11278 19047
11278 3043 19047
19047 3043 11278
23804 8923 26951
26951 8923 23804
8923 23804 26951
13817 22395 24772
22395 13817 24772
24772 13817 22395
14034 12189 25749
25749 12189 14034
12189 14034 25749
5169 1644 19806
19806 1644 5169
1644 5169 19806
2233 9584 19691
19691 2233 9584
9584 2233 19691
17586 1754 9659
1754 9659 17586
9659 1754 17586
20166 1521 12236
12236 1521 20166
1521 12236 20166
19474 638 25323
638 19474 25323
25323 638 19474
24597 2881 21308
21308 2881 24597
2881 21308 24597
21910 12891 17721
12891 17721 21910
17721 12891 21910
10231 19313 22316
22316 10231 19313
19313 10231 22316
13032 25242 26677
25242 13032 26677
26677 13032 25242
19103 12211 18831
18831 12211 19103
12211 18831 19103
14696 5452 26548
5452 14696 26548
26548 5452 14696
16234 3979 24653
24653 3979 16234
3979 16234 24653
16971 7555 14471
7555 14471 16971
14471 7555 16971
28791 20026 27472
27472 20026 28791
