1238 936 1957
1957 936 1238
936 1238 1957
1109 967 1140
1140 967 1109
967 1109 1140
634 199 810
810 199 634
199 634 810
2992 176 841
176 841 2992
841 176 2992
2823 882 1076
882 1076 2823
1076 882 2823
2196 938 2703
938 2196 2703
2703 938 2196
2848 1406 1423
1406 1423 2848
1423 1406 2848
2262 2567 2813
2567 2262 2813
2813 2262 2567
1741 174 1150
1150 174 1741
174 1150 1741
1978 531 1558
531 1558 1978
1558 531 1978
2945 662 2024
2024 662 2945
662 2024 2945
1812 1011 2292
2292 1011 1812
1011 1812 2292
1958 1740 2092
1740 1958 2092
2092 1740 1958
1147 565 2075
565 1147 2075
2075 565 1147
291 1244 2682
1244 291 2682
2682 291 1244
2170 448 1725
1725 448 2170
448 1725 2170
1010 1223 2977
1223 1010 2977
2977 1010 1223
395 335 746
335 395 746
746 335 395
1081 126 668
668 126 1081
126 668 1081
1996 940 1371
940 1371 1996
1371 940 1996
1289 289 1050
1050 289 1289
289 1050 1289
2785 1599 2215
2215 1599 2785
1599 2215 2785
2519 1118 2895
2895 1118 2519
1118 2519 2895
91 342 1365
342 91 1365
1365 91 342
1215 1898 2651
2651 1215 1898
1898 1215 2651
2350 2804 2997
2804 2350 2997
2997 2350 2804
1161 996 1167
996 1161 1167
1167 996 1161
1673 1062 1352
1352 1062 1673
1062 1352 1673
2065 34 1491
34 1491 2065
1491 34 2065
1213 1846 2687
1846 1213 2687
2687 1213 1846
179 145 2009
2009 145 179
145 179 2009
1455 1104 2172
2172 1104 1455
1104 1455 2172
667 1211 2686
2686 667 1211
1211 667 2686
2131 44 1598
1598 44 2131
44 1598 2131
1699 287 492
287 492 1699
492 287 1699
856 1072 1192
1192 856 1072
1072 856 1192
1146 881 2545
881 1146 2545
2545 881 1146
2367 9 1479
1479 9 2367
9 1479 2367
31 1561 1711
1561 31 1711
1711 31 1561
552 1593 1924
1593 552 1924
1924 552 1593
2270 247 1206
247 1206 2270
1206 247 2270
350 1708 2833
1708 350 2833
2833 350 1708
2996 937 2164
937 2164 2996
2164 937 2996
382 1341 1568
1341 382 1568
1568 382 1341
698 1453 2601
1453 698 2601
2601 698 1453
966 694 767
767 694 966
694 767 966
2048 771 2908
2908 771 2048
771 2048 2908
725 2019 2646
2019 725 2646
2646 725 2019
1413 413 2697
2697 413 1413
413 1413 2697
219 1448 3000
1448 219 3000
3000 219 1448
2271 2274 2598
2598 2271 2274
2274 2271 2598
2746 1142 1190
1190 1142 2746
1142 1190 2746
1437 1233 2163
2163 1233 1437
1233 1437 2163
2704 60 963
60 963 2704
963 60 2704
2510 1563 2647
1563 2510 2647
2647 1563 2510
1696 876 2429
876 1696 2429
2429 876 1696
187 1229 2360
2360 187 1229
1229 187 2360
133 429 2553
2553 133 429
429 133 2553
370 120 604
120 370 604
604 120 370
2450 1005 1543
1005 1543 2450
1543 1005 2450
2915 101 1977
101 1977 2915
1977 101 2915
1226 336 2158
336 1226 2158
2158 336 1226
1408 861 1108
861 1108 1408
1108 861 1408
414 227 852
852 227 414
227 414 852
220 707 1894
707 220 1894
1894 220 707
1632 254 2053
254 1632 2053
2053 254 1632
2240 1519 1926
1519 1926 2240
1926 1519 2240
2329 623 1158
623 1158 2329
1158 623 2329
796 719 1739
719 796 1739
1739 719 796
1268 1919 2509
2509 1268 1919
1919 1268 2509
2399 1180 1697
1697 1180 2399
1180 1697 2399
1176 961 2845
2845 961 1176
961 1176 2845
2489 160 490
160 490 2489
490 160 2489
2188 1078 1639
1639 1078 2188
1078 1639 2188
1049 3 1961
1961 3 1049
3 1049 1961
16 206 312
206 16 312
312 16 206
2154 316 2210
316 2154 2210
2210 316 2154
2472 1321 2109
1321 2109 2472
2109 1321 2472
764 172 2976
172 764 2976
2976 172 764
2954 1859 2999
2999 1859 2954
1859 2954 2999
1827 202 1980
1980 202 1827
202 1827 1980
385 362 2501
2501 362 385
362 385 2501
2987 443 1267
443 1267 2987
1267 443 2987
650 1053 1515
1515 650 1053
1053 650 1515
2596 27 1266
27 1266 2596
1266 27 2596
2959 1181 2128
1181 2128 2959
2128 1181 2959
1619 1548 2411
2411 1548 1619
1548 1619 2411
1814 1400 1738
1738 1400 1814
1400 1738 1814
333 256 2134
2134 256 333
256 333 2134
2004 734 1770
1770 734 2004
734 1770 2004
1197 298 308
308 298 1197
298 308 1197
590 1778 2129
2129 590 1778
1778 590 2129
867 548 2150
548 867 2150
2150 548 867
2991 449 1178
449 1178 2991
1178 449 2991
2336 1361 1991
1991 1361 2336
1361 1991 2336
2297 1965 2186
2186 1965 2297
1965 2186 2297
626 728 1618
1618 626 728
728 626 1618
1853 234 2014
2014 234 1853
234 1853 2014
1921 1930 1995
1930 1921 1995
1995 1921 1930
1935 2064 2227
2064 1935 2227
2227 1935 2064
139 2145 2702
2702 139 2145
2145 139 2702
930 622 2557
622 930 2557
2557 622 930
544 1185 1473
1473 544 1185
1185 544 1473
1678 1037 1912
1912 1037 1678
1037 1678 1912
2067 677 2030
2030 677 2067
677 2030 2067
828 716 1934
1934 716 828
716 828 1934
1909 592 2920
2920 592 1909
592 1909 2920
390 74 1648
1648 74 390
74 390 1648
1865 792 2751
2751 792 1865
792 1865 2751
624 1664 1669
1669 624 1664
1664 624 1669
317 546 1082
546 317 1082
1082 317 546
2780 292 507
507 292 2780
292 507 2780
831 1383 1405
1405 831 1383
1383 831 1405
2910 314 1780
1780 314 2910
314 1780 2910
2256 112 2108
112 2108 2256
2108 112 2256
1340 2475 2672
2475 1340 2672
2672 1340 2475
198 1205 2505
1205 198 2505
2505 198 1205
192 501 2288
501 192 2288
2288 192 501
1887 611 1331
611 1331 1887
1331 611 1887
1613 331 368
368 331 1613
331 368 1613
2397 1421 2137
1421 2137 2397
2137 1421 2397
1530 892 2530
2530 892 1530
892 1530 2530
1688 1325 1723
1723 1325 1688
1325 1688 1723
2876 56 1016
1016 56 2876
56 1016 2876
1836 87 2082
87 1836 2082
2082 87 1836
566 2209 2608
2209 566 2608
2608 566 2209
2463 358 2324
2324 358 2463
358 2324 2463
325 457 1897
1897 325 457
457 325 1897
380 2051 2310
2051 380 2310
2310 380 2051
833 1091 1245
1091 833 1245
1245 833 1091
1706 549 2337
549 1706 2337
2337 549 1706
559 1462 2334
1462 559 2334
2334 559 1462
756 251 2714
2714 251 756
251 756 2714
1554 1052 1974
1974 1052 1554
1052 1554 1974
2710 2258 2656
2258 2656 2710
2656 2258 2710
1034 628 1703
1703 628 1034
628 1034 1703
2730 1695 2361
1695 2361 2730
2361 1695 2730
629 1309 2338
1309 629 2338
2338 629 1309
564 2306 2556
2306 564 2556
2556 564 2306
389 334 1295
334 389 1295
1295 334 389
2484 128 1820
1820 128 2484
128 1820 2484
415 1899 2412
1899 415 2412
2412 415 1899
303 2245 2816
2245 303 2816
2816 303 2245
188 1802 2381
1802 188 2381
2381 188 1802
2614 320 972
972 320 2614
320 972 2614
899 562 2950
562 899 2950
2950 562 899
2117 24 2184
24 2117 2184
2184 24 2117
1564 1432 2181
1432 1564 2181
2181 1432 1564
2047 811 2764
2764 811 2047
811 2047 2764
2942 587 1630
587 1630 2942
1630 587 2942
1476 1251 1889
1251 1476 1889
1889 1251 1476
2747 1500 2398
1500 2398 2747
2398 1500 2747
1975 878 1964
878 1964 1975
1964 878 1975
596 1054 1506
1054 596 1506
1506 596 1054
2558 422 713
713 422 2558
422 713 2558
2715 1794 1979
1794 1979 2715
1979 1794 2715
928 440 1442
440 928 1442
1442 440 928
210 2408 2612
2612 210 2408
2408 210 2612
2413 849 1357
1357 849 2413
849 1357 2413
2017 92 1507
1507 92 2017
92 1507 2017
426 348 2395
348 426 2395
2395 348 426
2077 71 2981
2981 71 2077
71 2077 2981
784 456 1253
456 784 1253
1253 456 784
2363 33 238
238 33 2363
33 238 2363
2441 313 2736
313 2441 2736
2736 313 2441
1013 594 2623
2623 594 1013
594 1013 2623
75 1674 2225
1674 75 2225
2225 75 1674
503 327 1399
327 503 1399
1399 327 503
977 763 2272
2272 763 977
763 977 2272
1555 1774 1860
1774 1555 1860
1860 1555 1774
181 442 2638
2638 181 442
442 181 2638
2554 166 2854
166 2554 2854
2854 166 2554
2111 1475 2788
2788 1475 2111
1475 2111 2788
1743 685 2275
685 1743 2275
2275 685 1743
281 401 1857
401 281 1857
1857 281 401
621 469 1693
1693 469 621
469 621 1693
487 1302 1535
1302 487 1535
1535 487 1302
2533 2133 2183
2183 2133 2533
2133 2183 2533
1194 1526 2140
2140 1194 1526
1526 1194 2140
2807 655 1620
1620 655 2807
655 1620 2807
468 1242 2856
2856 468 1242
1242 468 2856
89 2384 2743
2743 89 2384
2384 89 2743
1867 1111 2927
1111 1867 2927
2927 1111 1867
2604 1745 2753
2753 1745 2604
1745 2604 2753
2025 148 1566
148 1566 2025
1566 148 2025
1668 204 1953
204 1668 1953
1953 204 1668
814 1277 2590
1277 814 2590
2590 814 1277
1582 879 1531
879 1531 1582
1531 879 1582
515 1381 2250
2250 515 1381
1381 515 2250
1709 835 2749
835 1709 2749
2749 835 1709
1823 613 1666
1666 613 1823
613 1666 1823
2342 999 1064
999 1064 2342
1064 999 2342
2217 1671 2477
1671 2217 2477
2477 1671 2217
2249 2221 2522
2522 2221 2249
2221 2249 2522
2157 827 2896
827 2157 2896
2896 827 2157
1363 866 1377
866 1363 1377
1377 866 1363
421 30 2115
2115 30 421
30 421 2115
2074 1153 2283
1153 2074 2283
2283 1153 2074
2707 455 871
455 871 2707
871 455 2707
2630 1641 2660
1641 2630 2660
2660 1641 2630
904 765 2943
765 904 2943
2943 765 904
2457 379 2786
379 2457 2786
2786 379 2457
715 504 610
610 504 715
504 610 715
1833 1231 2456
1231 1833 2456
2456 1231 1833
1949 505 672
505 672 1949
672 505 1949
2299 1349 2369
2369 1349 2299
1349 2299 2369
407 848 2913
2913 407 848
848 407 2913
1722 1198 1907
1907 1198 1722
1198 1722 1907
891 2423 2561
2561 891 2423
2423 891 2561
2255 239 847
847 239 2255
239 847 2255
2668 1250 2782
2782 1250 2668
1250 2668 2782
2937 1366 2723
1366 2723 2937
2723 1366 2937
995 1973 2869
1973 995 2869
2869 995 1973
2855 1878 2120
1878 2120 2855
2120 1878 2855
1337 2073 2971
2073 1337 2971
2971 1337 2073
2886 726 2311
726 2311 2886
2311 726 2886
62 64 2325
2325 62 64
64 62 2325
1330 783 1941
1941 783 1330
783 1330 1941
1166 1184 1527
1184 1166 1527
1527 1166 1184
2592 779 1468
1468 779 2592
779 1468 2592
1106 2261 2825
2825 1106 2261
2261 1106 2825
1012 1881 2738
2738 1012 1881
1881 1012 2738
2165 28 948
28 948 2165
948 28 2165
2979 2422 2655
2655 2422 2979
2422 2655 2979
2644 302 1621
302 1621 2644
1621 302 2644
908 1032 2831
1032 908 2831
2831 908 1032
521 735 1020
735 521 1020
1020 521 735
1220 772 1445
772 1220 1445
1445 772 1220
2870 460 920
460 920 2870
920 460 2870
329 1045 2162
2162 329 1045
1045 329 2162
2425 914 2404
914 2404 2425
2404 914 2425
2602 2527 2624
2624 2527 2602
2527 2602 2624
142 154 161
161 142 154
154 142 161
991 2542 2988
2988 991 2542
2542 991 2988
15 1950 2428
1950 15 2428
2428 15 1950
1982 2406 2410
2406 1982 2410
2410 1982 2406
699 884 1134
1134 699 884
884 699 1134
39 257 2755
257 39 2755
2755 39 257
2642 137 1644
137 1644 2642
1644 137 2642
712 491 585
491 585 712
585 491 712
1373 1333 2678
2678 1333 1373
1333 1373 2678
2020 916 2015
2015 916 2020
916 2015 2020
2584 290 862
862 290 2584
290 862 2584
983 344 1070
1070 344 983
344 983 1070
2016 403 1035
403 1035 2016
1035 403 2016
1948 682 1199
1199 682 1948
682 1199 1948
5 567 2320
2320 5 567
567 5 2320
1224 1348 1560
1348 1224 1560
1560 1224 1348
2665 605 1670
1670 605 2665
605 1670 2665
2355 1024 2958
1024 2355 2958
2958 1024 2355
1493 1282 2631
1282 1493 2631
2631 1282 1493
803 537 2733
2733 537 803
537 803 2733
2415 2467 2984
2984 2415 2467
2467 2415 2984
1902 502 2351
502 1902 2351
2351 502 1902
2185 1067 2599
2599 1067 2185
1067 2185 2599
107 993 1304
1304 107 993
993 107 1304
1838 1228 1647
1647 1228 1838
1228 1647 1838
1113 777 2405
777 1113 2405
2405 777 1113
1221 670 1236
1236 670 1221
670 1221 1236
2104 1312 2273
2273 1312 2104
1312 2104 2273
2380 194 1634
1634 194 2380
194 1634 2380
2218 681 2200
2200 681 2218
681 2200 2218
2699 1189 2564
1189 2564 2699
2564 1189 2699
1716 1602 2774
2774 1602 1716
1602 1716 2774
1539 786 1099
1099 786 1539
786 1099 1539
57 1269 1986
1986 57 1269
1269 57 1986
1051 213 649
213 649 1051
649 213 1051
393 714 1937
1937 393 714
714 393 1937
1640 2498 2673
2498 1640 2673
2673 1640 2498
396 381 1015
1015 381 396
381 396 1015
1316 912 2548
2548 912 1316
912 1316 2548
2526 1728 2449
2449 1728 2526
1728 2449 2526
2643 98 1658
1658 98 2643
98 1658 2643
539 523 2208
2208 523 539
523 539 2208
1536 759 1775
1775 759 1536
759 1536 1775
1990 1438 1690
1690 1438 1990
1438 1690 1990
2253 309 1576
309 1576 2253
1576 309 2253
2727 132 2492
2492 132 2727
132 2492 2727
1344 1249 2860
1249 1344 2860
2860 1249 1344
1742 534 1093
534 1093 1742
1093 534 1742
1959 533 744
533 744 1959
744 533 1959
2482 78 589
78 589 2482
589 78 2482
67 109 1908
109 67 1908
1908 67 109
2581 1840 2099
2099 1840 2581
1840 2099 2581
2478 1417 2459
1417 2459 2478
2459 1417 2478
2012 321 2885
321 2012 2885
2885 321 2012
1441 1992 2963
2963 1441 1992
1992 1441 2963
1822 864 1310
1310 864 1822
864 1310 1822
1672 258 2502
258 1672 2502
2502 258 1672
208 901 2266
901 208 2266
2266 208 901
618 1454 2769
2769 618 1454
1454 618 2769
2809 888 1538
1538 888 2809
888 1538 2809
2645 563 2090
2090 563 2645
563 2090 2645
2281 157 2089
2089 157 2281
157 2089 2281
2808 1272 1799
1272 1799 2808
1799 1272 2808
2734 686 2837
686 2734 2837
2837 686 2734
261 1597 2573
1597 261 2573
2573 261 1597
2349 955 2947
2947 955 2349
955 2349 2947
829 1338 1969
1969 829 1338
1338 829 1969
598 887 2177
887 598 2177
2177 598 887
165 688 2761
2761 165 688
688 165 2761
1721 383 1951
383 1721 1951
1951 383 1721
2044 216 2007
216 2007 2044
2007 216 2044
2662 1705 2241
2241 1705 2662
1705 2241 2662
2783 307 378
307 378 2783
378 307 2783
18 461 2122
461 18 2122
2122 18 461
2593 1439 2805
2805 1439 2593
1439 2593 2805
2796 522 740
522 740 2796
740 522 2796
2879 498 2622
498 2622 2879
2622 498 2879
1207 2149 2178
2149 1207 2178
2178 1207 2149
965 960 2123
2123 960 965
960 965 2123
1264 2112 2390
2390 1264 2112
2112 1264 2390
1533 1586 1818
1818 1533 1586
1586 1533 1818
103 182 2213
2213 103 182
182 103 2213
2160 1149 2935
2935 1149 2160
1149 2160 2935
2202 209 2619
209 2202 2619
2619 209 2202
2628 733 924
924 733 2628
733 924 2628
2941 1512 2212
1512 2212 2941
2212 1512 2941
2083 66 2600
66 2083 2600
2600 66 2083
2919 2308 2568
2308 2568 2919
2568 2308 2919
2100 527 2639
2639 527 2100
527 2100 2639
1061 376 1474
376 1061 1474
1474 376 1061
817 471 900
900 471 817
471 817 900
2469 392 530
392 530 2469
530 392 2469
90 275 890
275 90 890
890 90 275
436 205 1542
1542 205 436
205 436 1542
2146 1638 2204
2204 1638 2146
1638 2146 2204
2368 1845 2995
1845 2368 2995
2995 1845 2368
2834 1876 2986
1876 2834 2986
2986 1876 2834
2767 1115 2356
2356 1115 2767
1115 2356 2767
2579 1553 2028
2028 1553 2579
1553 2028 2579
2304 268 423
423 268 2304
268 423 2304
584 929 1422
1422 584 929
929 584 1422
441 896 1784
1784 441 896
896 441 1784
2926 280 802
802 280 2926
280 802 2926
647 1077 2576
1077 647 2576
2576 647 1077
2002 1830 2085
1830 2002 2085
2085 1830 2002
2552 951 2603
951 2552 2603
2603 951 2552
2301 1275 2232
1275 2232 2301
2232 1275 2301
1572 159 754
754 159 1572
159 754 1572
279 178 1409
1409 178 279
178 279 1409
2964 203 1682
203 1682 2964
1682 203 2964
1729 1675 2587
2587 1675 1729
1675 1729 2587
1492 1769 2962
1769 1492 2962
2962 1492 1769
689 723 1927
1927 689 723
723 689 1927
1792 445 1418
445 1418 1792
1418 445 1792
2327 895 2352
895 2327 2352
2352 895 2327
353 1057 1427
1057 353 1427
1427 353 1057
1214 21 476
21 476 1214
476 21 1214
2737 595 2611
595 2611 2737
2611 595 2737
82 43 242
43 82 242
242 43 82
283 846 1637
846 283 1637
1637 283 846
2705 625 642
625 642 2705
642 625 2705
2300 2586 2790
2790 2300 2586
2586 2300 2790
2659 425 2214
2214 425 2659
425 2214 2659
697 240 259
259 240 697
240 259 697
1196 724 1525
1525 724 1196
724 1196 1525
652 1036 1748
1748 652 1036
1036 652 1748
2884 554 1237
554 1237 2884
1237 554 2884
1790 778 2443
2443 778 1790
778 1790 2443
1291 1581 1626
1626 1291 1581
1581 1291 1626
1424 1354 2141
2141 1354 1424
1354 1424 2141
2709 1270 2636
1270 2636 2709
2636 1270 2709
352 770 2968
770 352 2968
2968 352 770
2627 532 1864
532 1864 2627
1864 532 2627
2532 19 542
542 19 2532
19 542 2532
35 372 1435
372 35 1435
1435 35 372
676 1461 2692
1461 676 2692
2692 676 1461
2396 517 2252
517 2252 2396
2252 517 2396
1736 812 1141
1141 812 1736
812 1141 1736
2088 180 2087
2087 180 2088
180 2087 2088
2433 231 2784
2784 231 2433
231 2433 2784
2465 346 1781
1781 346 2465
346 1781 2465
45 1900 2461
2461 45 1900
1900 45 2461
1993 1243 2042
2042 1243 1993
1243 1993 2042
556 2681 2810
2810 556 2681
2681 556 2810
1129 2880 2922
2922 1129 2880
2880 1129 2922
7 369 932
369 7 932
932 7 369
1718 1212 2054
2054 1212 1718
1212 1718 2054
2491 276 485
485 276 2491
276 485 2491
2182 1426 2537
1426 2182 2537
2537 1426 2182
2468 310 1850
310 1850 2468
1850 310 2468
2847 851 869
851 869 2847
869 851 2847
2127 842 1145
1145 842 2127
842 1145 2127
2235 63 371
63 371 2235
371 63 2235
2555 1047 1617
1047 1617 2555
1617 1047 2555
1278 270 1324
270 1278 1324
1324 270 1278
1892 1704 1810
1810 1704 1892
1704 1810 1892
1800 432 2153
432 1800 2153
2153 432 1800
2594 25 266
266 25 2594
25 266 2594
343 296 2700
296 343 2700
2700 296 343
1456 1183 2824
2824 1183 1456
1183 1456 2824
2512 1195 1292
1195 1292 2512
1292 1195 2512
2944 877 923
923 877 2944
877 923 2944
217 1608 2653
2653 217 1608
1608 217 2653
751 1516 2326
1516 751 2326
2326 751 1516
2251 11 1989
11 1989 2251
1989 11 2251
1469 1170 2534
2534 1170 1469
1170 1469 2534
1884 898 2679
898 1884 2679
2679 898 1884
13 683 857
857 13 683
683 13 857
1633 357 1565
1565 357 1633
357 1565 1633
1484 249 1458
249 1458 1484
1458 249 1484
2839 447 1001
447 1001 2839
1001 447 2839
1314 984 1048
1048 984 1314
984 1048 1314
1294 2690 2698
2698 1294 2690
2690 1294 2698
1163 211 2677
211 1163 2677
2677 211 1163
2223 265 2238
265 2223 2238
2238 265 2223
738 1407 2735
2735 738 1407
1407 738 2735
1396 1303 1592
1303 1396 1592
1592 1303 1396
235 1188 2654
2654 235 1188
1188 235 2654
2524 1089 2741
2741 1089 2524
1089 2524 2741
1172 2233 2595
2595 1172 2233
2233 1172 2595
1681 1388 1571
1388 1571 1681
1571 1388 1681
933 397 2771
397 933 2771
2771 397 933
2713 2037 2440
2037 2440 2713
2440 2037 2713
2689 1444 2006
1444 2006 2689
2006 1444 2689
2419 1583 2718
1583 2419 2718
2718 1583 2419
2378 1751 2918
2918 1751 2378
1751 2378 2918
2516 481 2508
2508 481 2516
481 2508 2516
59 1004 2503
1004 59 2503
2503 59 1004
1642 911 2026
911 1642 2026
2026 911 1642
599 99 1287
99 599 1287
1287 99 599
1315 420 1849
1849 420 1315
420 1315 1849
1386 1459 2321
1459 1386 2321
2321 1386 1459
953 1305 2393
1305 953 2393
2393 953 1305
2269 2216 2434
2434 2216 2269
2216 2269 2434
979 1915 2897
2897 979 1915
1915 979 2897
497 53 837
53 497 837
837 53 497
462 408 1528
408 462 1528
1528 408 462
1600 545 643
545 643 1600
643 545 1600
2242 1787 2883
1787 2242 2883
2883 1787 2242
1998 2287 2551
2287 1998 2551
2551 1998 2287
679 356 645
645 356 679
356 645 679
2392 1727 2151
1727 2151 2392
2151 1727 2392
50 2658 2894
2894 50 2658
2658 50 2894
23 1293 2989
2989 23 1293
1293 23 2989
823 121 1416
1416 121 823
121 823 1416
1353 37 2421
2421 37 1353
37 1353 2421
514 1503 1544
1544 514 1503
1503 514 1544
745 295 2842
295 745 2842
2842 295 745
985 183 2865
183 985 2865
2865 183 985
85 1217 2013
1217 85 2013
2013 85 1217
2280 267 2198
2198 267 2280
267 2198 2280
2829 1256 1920
1920 1256 2829
1256 1920 2829
992 277 1143
277 992 1143
1143 277 992
2061 2029 2536
2536 2029 2061
2029 2061 2536
2609 1511 2725
2725 1511 2609
1511 2609 2725
1494 2195 2768
2768 1494 2195
2195 1494 2768
2671 1726 1938
1938 1726 2671
1726 1938 2671
586 375 1509
375 586 1509
1509 375 586
2765 1152 2093
2093 1152 2765
1152 2093 2765
1557 874 2451
874 1557 2451
2451 874 1557
1056 1768 2453
1768 1056 2453
2453 1056 1768
86 1234 2801
1234 86 2801
2801 86 1234
627 40 1100
40 627 1100
1100 40 627
418 451 1160
1160 418 451
451 418 1160
1963 127 807
127 807 1963
807 127 1963
2499 553 2201
553 2201 2499
2201 553 2499
687 2114 2436
2436 687 2114
2114 687 2436
1591 1379 1504
1379 1504 1591
1504 1379 1591
926 221 2740
2740 221 926
221 926 2740
1209 1523 2264
1523 1209 2264
2264 1209 1523
2982 657 2613
657 2613 2982
2613 657 2982
354 761 1689
1689 354 761
761 354 1689
2693 656 766
656 766 2693
766 656 2693
2268 48 2476
48 2268 2476
2476 48 2268
2034 1119 2319
2319 1119 2034
1119 2034 2319
278 324 2674
2674 278 324
324 278 2674
582 1043 1765
1765 582 1043
1043 582 1765
730 207 774
207 730 774
774 207 730
1362 152 671
152 671 1362
671 152 1362
836 1522 1839
1839 836 1522
1522 836 1839
2543 973 1518
1518 973 2543
973 1518 2543
547 2358 2439
2439 547 2358
2358 547 2439
1467 1260 2056
1260 1467 2056
2056 1260 1467
2095 94 106
94 106 2095
106 94 2095
2228 224 483
224 483 2228
483 224 2228
2973 328 1988
328 1988 2973
1988 328 2973
820 1955 2347
2347 820 1955
1955 820 2347
1577 1551 2906
1551 1577 2906
2906 1551 1577
1085 1398 1575
1398 1085 1575
1575 1085 1398
631 226 2045
2045 226 631
226 631 2045
2169 410 1095
410 1095 2169
1095 410 2169
2121 1317 2544
2544 1317 2121
1317 2121 2544
47 1332 1940
1940 47 1332
1332 47 1940
663 666 2341
666 663 2341
2341 663 666
2094 1803 2010
1803 2010 2094
2010 1803 2094
2675 2732 2890
2890 2675 2732
2732 2675 2890
2819 1063 1715
1063 1715 2819
1715 1063 2819
1885 100 2454
100 1885 2454
2454 100 1885
2706 1000 2110
1000 2110 2706
2110 1000 2706
2237 739 2798
739 2237 2798
2798 739 2237
2072 737 1452
1452 737 2072
737 1452 2072
117 373 946
946 117 373
373 117 946
1412 2844 2914
2914 1412 2844
2844 1412 2914
1116 81 749
749 81 1116
81 749 1116
2843 558 2560
2560 558 2843
558 2560 2843
1297 2520 2956
2520 1297 2956
2956 1297 2520
2035 551 2758
2758 551 2035
551 2035 2758
1866 815 1319
1319 815 1866
815 1319 1866
135 437 980
980 135 437
437 135 980
2817 69 2772
69 2772 2817
2772 69 2817
1763 1182 2629
1182 1763 2629
2629 1182 1763
1069 1280 1513
1280 1069 1513
1513 1069 1280
54 509 1040
509 54 1040
1040 54 509
169 1939 2091
2091 169 1939
1939 169 2091
2635 1397 2582
2582 1397 2635
1397 2582 2635
1928 144 149
144 149 1928
149 144 1928
2766 1589 2471
2471 1589 2766
1589 2471 2766
2640 1335 1807
1807 1335 2640
1335 1807 2640
2562 976 2952
976 2562 2952
2952 976 2562
305 1385 2079
2079 305 1385
1385 305 2079
2166 989 2667
989 2166 2667
2667 989 2166
1071 583 2479
2479 583 1071
583 1071 2479
1873 1485 1687
1485 1687 1873
1687 1485 1873
1273 941 1028
1028 941 1273
941 1028 1273
1985 1610 1870
1610 1870 1985
1870 1610 1985
721 365 692
692 365 721
365 692 721
2649 195 1858
195 1858 2649
1858 195 2649
1997 102 651
102 651 1997
651 102 1997
2923 1154 2955
2955 1154 2923
1154 2923 2955
2664 2719 2787
2719 2664 2787
2787 2664 2719
2432 2008 2339
2339 2008 2432
2008 2339 2432
1732 225 1003
1003 225 1732
225 1003 1732
945 2298 2821
2821 945 2298
2298 945 2821
1811 571 1821
571 1811 1821
1821 571 1811
1157 2387 2953
2387 1157 2953
2953 1157 2387
787 1131 2401
2401 787 1131
1131 787 2401
2812 193 2857
193 2812 2857
2857 193 2812
870 163 2373
2373 163 870
163 870 2373
1875 55 1731
55 1731 1875
1731 55 1875
575 162 1367
1367 162 575
162 575 1367
971 260 2546
2546 260 971
260 971 2546
696 510 2577
510 696 2577
2577 510 696
1680 1350 2231
1350 1680 2231
2231 1350 1680
591 1806 2828
1806 591 2828
2828 591 1806
2113 486 569
569 486 2113
486 569 2113
2248 304 1370
304 1370 2248
1370 304 2248
2951 1970 2431
1970 2431 2951
2431 1970 2951
1760 196 2335
2335 196 1760
196 1760 2335
958 555 1918
1918 555 958
555 958 1918
617 508 1720
1720 508 617
508 617 1720
1910 646 2993
646 1910 2993
2993 646 1910
110 1667 2742
1667 110 2742
2742 110 1667
1480 1623 1877
1877 1480 1623
1623 1480 1877
1795 155 2528
2528 155 1795
155 1795 2528
271 793 2470
2470 271 793
793 271 2470
2859 1132 2909
1132 2859 2909
2909 1132 2859
2618 1590 1783
1590 1783 2618
1783 1590 2618
2259 1173 1472
1173 1472 2259
1472 1173 2259
863 140 574
574 140 863
140 574 863
1868 1042 2487
1042 1868 2487
2487 1042 1868
1882 1477 2323
2323 1477 1882
1477 1882 2323
2222 1546 2130
1546 2130 2222
2130 1546 2222
1628 323 2307
323 1628 2307
2307 323 1628
248 1008 1712
1712 248 1008
1008 248 1712
1483 576 2291
2291 576 1483
576 1483 2291
51 789 2960
789 51 2960
2960 51 789
2676 452 913
913 452 2676
452 913 2676
2376 288 1265
288 1265 2376
1265 288 2376
2621 1311 1962
1962 1311 2621
1311 1962 2621
416 528 790
790 416 528
528 416 790
2001 1247 2967
1247 2001 2967
2967 1247 2001
2523 136 1677
1677 136 2523
136 1677 2523
2244 1355 1607
1355 1607 2244
1607 1355 2244
467 1382 2589
2589 467 1382
1382 467 2589
1981 2488 2685
2685 1981 2488
2488 1981 2685
2372 2394 2442
2394 2372 2442
2442 2372 2394
2464 853 2068
2068 853 2464
853 2068 2464
2838 2229 2518
2518 2229 2838
2229 2518 2838
1431 1552 2657
1552 1431 2657
2657 1431 1552
473 974 1499
974 473 1499
1499 473 974
1356 706 2752
706 1356 2752
2752 706 1356
1168 1 2357
2357 1 1168
1 1168 2357
1896 557 2569
2569 557 1896
557 1896 2569
2333 326 1123
326 1123 2333
1123 326 2333
1624 641 2060
641 1624 2060
2060 641 1624
2052 424 1556
424 1556 2052
1556 424 2052
1808 315 1707
315 1707 1808
1707 315 1808
330 489 2116
2116 330 489
489 330 2116
939 1323 2900
2900 939 1323
1323 939 2900
2191 147 1826
1826 147 2191
147 1826 2191
2132 297 2027
297 2027 2132
2027 297 2132
1027 2260 2606
2606 1027 2260
2260 1027 2606
2517 843 2861
843 2517 2861
2861 843 2517
1306 648 2096
648 1306 2096
2096 648 1306
1216 1033 1520
1033 1216 1520
1520 1033 1216
1429 1090 2098
1090 1429 2098
2098 1090 1429
65 1130 2625
2625 65 1130
1130 65 2625
1659 38 480
480 38 1659
38 480 1659
93 1257 1956
1257 93 1956
1956 93 1257
2691 122 1127
1127 122 2691
122 1127 2691
2207 1710 2418
1710 2207 2418
2418 1710 2207
1932 1842 2515
2515 1842 1932
1842 1932 2515
2375 29 2871
29 2375 2871
2871 29 2375
1762 10 2511
2511 10 1762
10 1762 2511
819 474 1651
1651 474 819
474 819 1651
1734 2447 2539
2447 1734 2539
2539 1734 2447
223 1662 1754
1662 223 1754
1754 223 1662
1625 880 903
903 880 1625
880 903 1625
1724 860 2354
860 1724 2354
2354 860 1724
2180 717 1534
717 1534 2180
1534 717 2180
49 639 2972
639 49 2972
2972 49 639
2550 2294 2990
2990 2294 2550
2294 2550 2990
1895 464 1549
464 1549 1895
1549 464 1895
2420 1204 1364
1204 1364 2420
1364 1204 2420
1752 1482 1983
1983 1482 1752
1482 1752 1983
1404 1801 2135
2135 1404 1801
1801 1404 2135
2370 454 2770
2770 454 2370
454 2370 2770
609 263 680
263 609 680
680 263 609
244 620 1804
620 244 1804
1804 244 620
2118 1798 1872
1872 1798 2118
1798 1872 2118
477 430 1944
430 477 1944
1944 430 477
1343 1700 2426
2426 1343 1700
1700 1343 2426
2978 1258 1967
1967 1258 2978
1258 1967 2978
1540 1851 2312
1851 1540 2312
2312 1540 1851
435 2792 2814
2792 435 2814
2814 435 2792
1451 36 2983
36 1451 2983
2983 36 1451
2022 1097 1629
1097 1629 2022
1629 1097 2022
186 1464 1609
1609 186 1464
1464 186 1609
704 229 2583
229 704 2583
2583 229 704
1879 573 1698
573 1698 1879
1698 573 1879
2513 1643 2724
2724 1643 2513
1643 2513 2724
2585 1193 1393
1193 1393 2585
1393 1193 2585
752 1009 1665
1665 752 1009
1009 752 1665
116 246 2957
2957 116 246
246 116 2957
2648 1318 2641
1318 2641 2648
2641 1318 2648
97 854 988
988 97 854
854 97 988
540 1105 1248
1248 540 1105
1105 540 1248
191 702 2541
2541 191 702
702 191 2541
561 499 2391
499 561 2391
2391 499 561
1465 2383 2799
2383 1465 2799
2799 1465 2383
2961 1883 2038
1883 2038 2961
2038 1883 2961
520 73 146
73 146 520
146 73 520
922 1126 2348
2348 922 1126
1126 922 2348
374 1112 1120
1120 374 1112
1112 374 1120
1162 1976 2142
1976 1162 2142
2142 1162 1976
762 332 1490
1490 332 762
332 762 1490
838 360 600
360 600 838
600 360 838
597 241 1300
1300 241 597
241 597 1300
2462 300 2031
2031 300 2462
300 2031 2462
918 1649 2605
2605 918 1649
1649 918 2605
2949 780 2903
780 2903 2949
2903 780 2949
2632 1380 1460
1380 1460 2632
1460 1380 2632
2531 1984 2494
1984 2494 2531
2494 1984 2531
883 52 123
123 52 883
52 123 883
2695 1041 1656
1656 1041 2695
1041 1656 2695
875 2059 2565
2059 875 2565
2565 875 2059
581 808 2066
2066 581 808
808 581 2066
907 1219 2407
1219 907 2407
2407 907 1219
1276 893 1414
893 1276 1414
1414 893 1276
2980 997 2046
997 2046 2980
2046 997 2980
1622 943 2882
2882 943 1622
943 1622 2882
1966 124 785
785 124 1966
124 785 1966
2295 1869 1925
1869 1925 2295
1925 1869 2295
1747 58 1854
1854 58 1747
58 1747 1854
638 311 2466
311 638 2466
2466 311 638
1650 588 2928
588 1650 2928
2928 588 1650
2934 1933 2694
1933 2694 2934
2694 1933 2934
2063 659 1761
659 1761 2063
1761 659 2063
957 1749 2901
2901 957 1749
1749 957 2901
2448 1279 2314
2314 1279 2448
1279 2314 2448
2721 245 755
755 245 2721
245 755 2721
2912 72 2239
72 2239 2912
2239 72 2912
705 949 1025
949 705 1025
1025 705 949
865 1758 2018
2018 865 1758
1758 865 2018
2076 125 2267
125 2076 2267
2267 125 2076
1384 1692 2875
1692 1384 2875
2875 1384 1692
2402 1252 1595
1252 1595 2402
1595 1252 2402
299 1929 2893
2893 299 1929
1929 299 2893
164 1328 2849
2849 164 1328
1328 164 2849
748 816 1817
816 748 1817
1817 748 816
1101 1510 2168
1510 1101 2168
2168 1101 1510
2607 130 1342
130 1342 2607
1342 130 2607
1186 640 2147
2147 640 1186
640 1186 2147
1994 1750 2711
1750 1994 2711
2711 1750 1994
1387 338 675
338 675 1387
675 338 1387
2899 2424 2802
2424 2802 2899
2802 2424 2899
990 1753 2293
2293 990 1753
1753 990 2293
2728 177 1329
177 1329 2728
1329 177 2728
1137 1165 1222
1222 1137 1165
1165 1137 1222
1121 446 2731
446 1121 2731
2731 446 1121
465 8 388
8 388 465
388 8 465
2460 959 1006
959 1006 2460
1006 959 2460
1832 131 1946
131 1832 1946
1946 131 1832
1922 550 1339
1339 550 1922
550 1339 1922
2841 839 1346
1346 839 2841
839 1346 2841
2346 1433 2493
1433 2346 2493
2493 1433 2346
2970 1972 2190
1972 2190 2970
2190 1972 2970
885 608 1796
1796 608 885
608 885 1796
1019 795 1573
1573 795 1019
795 1019 1573
129 630 1286
1286 129 630
630 129 1286
709 138 1847
1847 138 709
138 709 1847
603 886 978
886 603 978
978 603 886
2779 769 2366
769 2366 2779
2366 769 2779
1094 700 1239
1239 700 1094
700 1094 1239
1403 1038 2712
2712 1038 1403
1038 1403 2712
2726 1691 1952
1691 1952 2726
1952 1691 2726
2173 2043 2446
2446 2043 2173
2043 2173 2446
286 1737 2365
2365 286 1737
1737 286 2365
1914 1831 2023
1831 1914 2023
2023 1831 1914
1308 1627 2822
2822 1308 1627
1627 1308 2822
2815 170 1905
1905 170 2815
170 1905 2815
788 2285 2362
2285 788 2362
2362 788 2285
233 1322 1766
1766 233 1322
1322 233 1766
1906 14 2080
14 1906 2080
2080 14 1906
2230 386 2887
386 2230 2887
2887 386 2230
2840 1446 2938
1446 2840 2938
2938 1446 2840
1374 1701 2529
1701 1374 2529
2529 1374 1701
387 1230 1345
1345 387 1230
1230 387 1345
1351 998 1369
998 1351 1369
1369 998 1351
1434 252 1661
1661 252 1434
252 1434 1661
1227 262 1837
1837 262 1227
262 1227 1837
2756 243 2486
2486 243 2756
243 2486 2756
1271 632 654
654 632 1271
632 654 1271
1023 95 516
516 95 1023
95 516 1023
872 2364 2965
2364 872 2965
2965 872 2364
1942 214 2729
2729 214 1942
214 1942 2729
1757 1284 2167
2167 1284 1757
1284 1757 2167
1815 1336 2032
2032 1336 1815
1336 1815 2032
1203 800 1947
800 1203 1947
1947 800 1203
2011 2175 2811
2811 2011 2175
2175 2011 2811
830 2892 2902
2902 830 2892
2892 830 2902
2126 720 1360
720 1360 2126
1360 720 2126
2282 2 143
143 2 2282
2 143 2282
434 61 337
337 61 434
61 337 434
2101 695 2049
695 2049 2101
2049 695 2101
2138 758 1466
1466 758 2138
758 1466 2138
2377 731 2763
2763 731 2377
731 2377 2763
411 1855 2152
2152 411 1855
1855 411 2152
1175 927 1018
927 1018 1175
1018 927 1175
2806 909 1262
1262 909 2806
909 1262 2806
894 1235 1489
1489 894 1235
1235 894 1489
2998 222 2666
222 2666 2998
2666 222 2998
2136 2257 2302
2257 2136 2302
2302 2136 2257
2777 844 1562
844 1562 2777
1562 844 2777
804 1139 2344
1139 804 2344
2344 804 1139
535 2155 2818
2818 535 2155
2155 535 2818
1046 742 1782
742 1046 1782
1782 742 1046
2086 691 826
826 691 2086
691 826 2086
70 171 579
171 70 579
579 70 171
619 660 2931
2931 619 660
660 619 2931
1968 906 1578
906 1578 1968
1578 906 1968
2003 150 2409
150 2003 2409
2409 150 2003
2388 572 956
956 572 2388
572 956 2388
2143 232 1299
232 1299 2143
1299 232 2143
513 1580 2748
2748 513 1580
1580 513 2748
616 1014 2296
2296 616 1014
1014 616 2296
2474 809 1505
1505 809 2474
809 1505 2474
1603 1151 2878
2878 1151 1603
1151 1603 2878
1594 475 2125
475 1594 2125
2125 475 1594
2105 1776 1861
1861 1776 2105
1776 1861 2105
77 942 1904
942 77 1904
1904 77 942
1486 1347 2917
2917 1347 1486
1347 1486 2917
488 83 398
398 83 488
83 398 488
2481 459 2219
459 2219 2481
2219 459 2481
2559 1202 1755
1755 1202 2559
1202 1755 2559
104 2189 2911
2911 104 2189
2189 104 2911
1159 637 2759
637 1159 2759
2759 637 1159
1463 458 1135
458 1135 1463
1135 458 1463
732 108 2670
108 732 2670
2670 108 732
394 1559 2803
1559 394 2803
2803 394 1559
2683 439 2929
439 2683 2929
2929 439 2683
813 427 2309
427 813 2309
2309 427 813
1936 1654 2332
2332 1654 1936
1654 1936 2332
1901 111 2514
111 1901 2514
2514 111 1901
560 825 2762
825 560 2762
2762 560 825
1772 2921 2985
2985 1772 2921
2921 1772 2985
2435 185 444
185 444 2435
444 185 2435
2353 1496 1844
1844 1496 2353
1496 1844 2353
345 1605 1916
1916 345 1605
1605 345 1916
2276 355 747
355 747 2276
747 355 2276
1719 1060 1756
1756 1060 1719
1060 1719 1756
2633 968 1856
968 1856 2633
1856 968 2633
2243 1498 2930
1498 2243 2930
2930 1498 2243
306 1375 2192
2192 306 1375
1375 306 2192
2176 1611 1874
1611 1874 2176
1874 1611 2176
1313 684 1733
684 1313 1733
1733 684 1313
635 664 2050
2050 635 664
664 635 2050
753 2826 2966
2966 753 2826
2826 753 2966
1791 466 1532
466 1532 1791
1532 466 1791
228 775 1574
775 228 1574
1574 228 775
2305 2852 2863
2852 2305 2863
2863 2305 2852
1378 2199 2497
2199 1378 2497
2497 1378 2199
1764 114 2179
2179 114 1764
114 1764 2179
167 801 1999
801 167 1999
1999 167 801
2858 4 2889
2889 4 2858
4 2858 2889
1945 1521 2874
1521 1945 2874
2874 1521 1945
1893 399 1326
399 1326 1893
1326 399 1893
986 1058 1848
1848 986 1058
1058 986 1848
1259 718 1296
718 1259 1296
1296 718 1259
2058 910 1288
910 1288 2058
1288 910 2058
703 1440 2549
2549 703 1440
1440 703 2549
919 673 760
760 673 919
673 760 919
470 84 1524
84 470 1524
1524 84 470
1200 536 2205
2205 536 1200
536 1200 2205
2331 282 1171
1171 282 2331
282 1171 2331
2540 921 1517
1517 921 2540
921 1517 2540
1394 525 905
525 905 1394
905 525 1394
1246 873 2203
873 1246 2203
2203 873 1246
2330 1402 2437
2437 1402 2330
1402 2330 2437
1615 366 1653
366 1615 1653
1653 366 1615
806 2872 2932
2932 806 2872
2872 806 2932
438 2254 2637
2637 438 2254
2254 438 2637
1358 158 2591
2591 158 1358
158 1358 2591
41 201 359
201 41 359
359 41 201
2483 1136 2236
1136 2236 2483
2236 1136 2483
433 1254 1550
1550 433 1254
1254 433 1550
2500 2538 2701
2538 2500 2701
2701 2500 2538
2070 1888 2794
2794 1888 2070
1888 2070 2794
1971 341 384
341 384 1971
384 341 1971
2247 409 2148
409 2148 2247
2148 409 2247
658 1030 2480
2480 658 1030
1030 658 2480
1891 818 1007
1007 818 1891
818 1007 1891
2846 1931 2194
1931 2194 2846
2194 1931 2846
1588 428 1495
1495 428 1588
428 1495 1588
1785 653 1596
653 1596 1785
1596 653 1785
2610 606 1285
606 1285 2610
1285 606 2610
1759 1074 1730
1730 1074 1759
1074 1730 1759
633 773 2716
2716 633 773
773 633 2716
2570 230 2473
230 2473 2570
2473 230 2570
1281 2580 2708
2708 1281 2580
2580 1281 2708
1744 463 1359
1359 463 1744
463 1359 1744
931 1529 2994
2994 931 1529
1529 931 2994
2102 902 2789
902 2102 2789
2789 902 2102
2234 347 2318
2318 347 2234
347 2234 2318
1457 710 1241
1241 710 1457
710 1241 1457
2820 482 2374
482 2374 2820
2374 482 2820
593 669 2832
2832 593 669
669 593 2832
1841 26 1746
26 1746 1841
1746 26 1841
1002 153 1428
153 1002 1428
1428 153 1002
2797 284 1771
284 1771 2797
1771 284 2797
661 400 1911
1911 400 661
400 661 1911
2739 915 1880
1880 915 2739
915 1880 2739
799 1601 2124
2124 799 1601
1601 799 2124
2416 2033 2781
2033 2416 2781
2781 2033 2416
1508 340 834
340 834 1508
834 340 1508
1547 798 1174
1174 798 1547
798 1174 1547
285 981 2455
981 285 2455
2455 285 981
805 1225 2322
1225 805 2322
2322 805 1225
1923 264 2757
264 1923 2757
2757 264 1923
1415 2578 2652
2652 1415 2578
2578 1415 2652
1447 701 2974
2974 701 1447
701 1447 2974
253 1128 2873
1128 253 2873
2873 253 1128
2403 1570 2040
2040 1570 2403
1570 2040 2403
2535 1083 1283
1283 1083 2535
1083 1283 2535
197 529 1735
529 197 1735
1735 197 529
577 1044 2933
2933 577 1044
1044 577 2933
173 1420 2717
1420 173 2717
2717 173 1420
2575 404 2139
2139 404 2575
404 2139 2575
678 2277 2835
2277 678 2835
2835 678 2277
776 1334 1917
1334 776 1917
1917 776 1334
1863 1169 1430
1430 1169 1863
1169 1430 1863
2597 935 2071
2071 935 2597
935 2071 2597
1098 524 2343
524 1098 2343
2343 524 1098
580 568 2722
568 580 2722
2722 568 580
2588 674 2616
2616 674 2588
674 2588 2616
2650 794 2490
2490 794 2650
794 2490 2650
1301 274 2458
2458 274 1301
274 1301 2458
1055 1263 1954
1263 1055 1954
1954 1055 1263
1096 484 2220
484 1096 2220
2220 484 1096
2359 954 2107
954 2107 2359
2107 954 2359
934 2069 2119
2119 934 2069
2069 934 2119
2862 1652 2680
2680 1652 2862
1652 2680 2862
118 2174 2936
2936 118 2174
2174 118 2936
2315 215 1298
215 1298 2315
1298 215 2315
944 367 729
367 729 944
729 367 944
538 1390 2286
2286 538 1390
1390 538 2286
1124 791 2776
2776 791 1124
791 1124 2776
970 1068 1903
1903 970 1068
1068 970 1903
602 711 952
711 602 952
952 602 711
2036 614 1470
614 1470 2036
1470 614 2036
2891 1436 2925
1436 2891 2925
2925 1436 2891
1497 982 1717
1717 982 1497
982 1497 1717
2571 2197 2525
2525 2197 2571
2197 2525 2571
119 2279 2572
2279 119 2572
2572 119 2279
1144 105 218
218 105 1144
105 218 1144
417 377 1819
1819 377 417
377 417 1819
665 1087 1088
1087 665 1088
1088 665 1087
496 1614 2379
1614 496 2379
2379 496 1614
2547 12 1604
12 1604 2547
1604 12 2547
2905 1395 1943
1395 1943 2905
1943 1395 2905
2669 947 1579
947 1579 2669
1579 947 2669
2159 1029 2057
1029 2057 2159
2057 1029 2159
822 2386 2696
2696 822 2386
2386 822 2696
1320 1449 2688
2688 1320 1449
1449 1320 2688
2574 2485 2684
2684 2485 2574
2485 2574 2684
1501 1102 2663
2663 1102 1501
1102 1501 2663
1793 419 2620
419 1793 2620
2620 419 1793
1114 2563 2907
2563 1114 2907
2907 1114 2563
2773 850 2566
2566 850 2773
850 2566 2773
431 541 2744
541 431 2744
2744 431 541
1177 1122 1481
1122 1177 1481
1481 1122 1177
1110 1392 2290
2290 1110 1392
1392 1110 2290
511 578 750
750 511 578
578 511 750
1021 1026 2317
1026 1021 2317
2317 1021 1026
2836 1478 2521
1478 2521 2836
2521 1478 2836
2495 80 1080
80 1080 2495
1080 80 2495
339 607 1655
607 339 1655
1655 339 607
1017 757 1487
1487 757 1017
757 1017 1487
6 1155 1419
1155 6 1419
1419 6 1155
2867 2097 2969
2969 2097 2867
2097 2867 2969
500 1616 1789
1789 500 1616
1616 500 1789
1987 293 2206
293 1987 2206
2206 293 1987
1612 1645 2827
1645 1612 2827
2827 1612 1645
1117 1208 1210
1210 1117 1208
1208 1117 1210
1450 46 1125
46 1125 1450
1125 46 1450
1606 1886 2430
1886 1606 2430
2430 1606 1886
189 493 2211
493 189 2211
2211 189 493
1834 2745 2898
2898 1834 2745
2745 1834 2898
1261 250 405
250 405 1261
405 250 1261
2414 768 2144
2144 768 2414
768 2144 2414
858 151 1133
151 858 1133
1133 151 858
2289 2328 2868
2328 2289 2868
2868 2289 2328
2850 781 1683
1683 781 2850
781 1683 2850
2438 450 1871
450 1871 2438
1871 450 2438
1368 412 1514
1514 412 1368
412 1368 1514
644 17 2506
2506 17 644
17 644 2506
2720 1148 1411
1411 1148 2720
1148 1411 2720
1443 1065 1372
1372 1065 1443
1065 1372 1443
2313 2224 2284
2284 2224 2313
2224 2284 2313
1376 1240 2444
2444 1240 1376
1240 1376 2444
1890 255 1391
255 1391 1890
1391 255 1890
1679 840 1805
840 1679 1805
1805 840 1679
134 318 975
318 134 975
975 134 318
2940 519 526
526 519 2940
519 526 2940
2246 453 1862
1862 453 2246
453 1862 2246
512 494 2156
494 512 2156
2156 494 512
797 518 1587
1587 518 797
518 797 1587
2039 2750 2851
2750 2039 2851
2851 2039 2750
1788 236 1541
236 1541 1788
1541 236 1788
2775 969 2507
969 2507 2775
2507 969 2775
322 168 212
168 212 322
212 168 322
615 832 1218
1218 615 832
832 615 1218
1488 1545 1660
1660 1488 1545
1545 1488 1660
2187 2005 2939
2939 2005 2187
2005 2187 2939
636 113 1084
1084 113 636
113 636 1084
1079 402 2340
2340 402 1079
402 1079 2340
897 2081 2800
2081 897 2800
2800 897 2081
269 2078 2830
2078 269 2830
2830 269 2078
479 1777 2427
2427 479 1777
1777 479 2427
1307 2062 2948
2062 1307 2948
2948 1307 2062
2760 1086 1684
1684 1086 2760
1086 1684 2760
349 1636 2345
2345 349 1636
1636 349 2345
1569 1646 2504
1646 1569 2504
2504 1569 1646
2634 693 2793
2793 693 2634
693 2634 2793
612 1676 2881
1676 612 2881
2881 612 1676
950 351 1039
351 950 1039
1039 351 950
2103 391 2778
391 2103 2778
2778 391 2103
1635 1031 1187
1031 1187 1635
1187 1031 1635
175 237 708
708 175 237
237 175 708
2853 994 1327
994 1327 2853
1327 994 2853
736 478 1389
478 736 1389
1389 478 736
294 727 1290
727 294 1290
1290 294 727
1779 115 543
543 115 1779
115 543 1779
2864 2265 2617
2265 2617 2864
2617 2265 2864
1663 1829 2615
2615 1663 1829
1829 1663 2615
2193 200 1103
1103 200 2193
200 1103 2193
42 1714 2400
1714 42 2400
2400 42 1714
1767 2924 2975
