216 861 26425
861 216 26425
26425 216 861
1616 8095 17848
17848 1616 8095
8095 1616 17848
14275 3689 11507
11507 3689 14275
3689 11507 14275
1290 9550 13282
13282 1290 9550
9550 1290 13282
28381 13457 28525
28525 13457 28381
13457 28381 28525
4097 10834 22500
10834 4097 22500
22500 4097 10834
19740 23392 24516
23392 19740 24516
24516 19740 23392
15590 3615 13005
13005 3615 15590
3615 13005 15590
19925 5125 16352
16352 5125 19925
5125 16352 19925
7167 4309 27216
27216 4309 7167
4309 7167 27216
368 13491 26517
13491 368 26517
26517 368 13491
14426 12484 29503
12484 14426 29503
29503 12484 14426
6917 4460 16665
4460 6917 16665
16665 4460 6917
24841 922 12729
12729 922 24841
922 12729 24841
12638 18400 22232
22232 12638 18400
18400 12638 22232
27684 22189 27219
27219 22189 27684
22189 27219 27684
13204 7756 18732
18732 7756 13204
7756 13204 18732
7122 14790 23337
14790 7122 23337
23337 7122 14790
27190 2017 9551
2017 9551 27190
9551 2017 27190
6558 1445 4740
4740 1445 6558
1445 4740 6558
8790 26650 26665
26650 8790 26665
26665 8790 26650
15275 3372 29244
3372 15275 29244
29244 3372 15275
10492 14017 18713
14017 10492 18713
18713 10492 14017
11046 5444 5445
5445 5444 11046
5444 5445 11046
1288 4743 26105
4743 1288 26105
26105 1288 4743
2611 25694 27564
27564 2611 25694
25694 2611 27564
22666 187 17269
187 17269 22666
17269 187 22666
14362 9068 9541
9541 9068 14362
9068 9541 14362
19695 4614 27078
4614 19695 27078
27078 4614 19695
5290 14044 20125
14044 5290 20125
20125 5290 14044
4489 19783 21687
19783 4489 21687
21687 4489 19783
28469 11883 29157
11883 28469 29157
29157 11883 28469
28749 12024 25195
25195 12024 28749
12024 25195 28749
4282 9353 29607
9353 4282 29607
29607 4282 9353
25367 20062 27517
27517 20062 25367
20062 25367 27517
28744 9027 29579
9027 28744 29579
29579 9027 28744
7249 3950 20134
20134 3950 7249
3950 7249 20134
6686 16295 29931
16295 6686 29931
29931 6686 16295
27986 6048 17040
6048 17040 27986
17040 6048 27986
5026 3577 8831
3577 5026 8831
8831 3577 5026
8726 1757 23515
1757 8726 23515
23515 1757 8726
18571 1849 5824
1849 5824 18571
5824 1849 18571
3872 5302 17807
5302 3872 17807
17807 3872 5302
14593 6909 11915
11915 6909 14593
6909 11915 14593
465 10720 28325
28325 465 10720
10720 465 28325
9583 7555 29551
7555 9583 29551
29551 7555 9583
28124 1394 7285
7285 1394 28124
1394 7285 28124
19145 4125 5490
4125 5490 19145
5490 4125 19145
10690 2726 19880
2726 10690 19880
19880 2726 10690
2830 19437 23270
23270 2830 19437
19437 2830 23270
2715 1302 6479
1302 2715 6479
6479 1302 2715
12832 6892 10388
10388 6892 12832
6892 10388 12832
1388 19089 26127
26127 1388 19089
19089 1388 26127
28267 13851 16006
16006 13851 28267
13851 16006 28267
5362 10440 18170
18170 5362 10440
10440 5362 18170
22140 16004 27749
27749 16004 22140
16004 22140 27749
7791 6886 29526
6886 7791 29526
29526 6886 7791
821 464 22680
464 821 22680
22680 464 821
6848 3401 8561
3401 6848 8561
8561 3401 6848
7428 4568 14071
4568 7428 14071
14071 4568 7428
2398 19554 24011
24011 2398 19554
19554 2398 24011
22746 16060 22016
16060 22016 22746
22016 16060 22746
6157 18837 28803
28803 6157 18837
18837 6157 28803
10151 6659 13802
13802 6659 10151
6659 10151 13802
23029 22731 25110
22731 23029 25110
25110 22731 23029
17855 7184 12112
7184 12112 17855
12112 7184 17855
11823 10923 15150
10923 11823 15150
15150 10923 11823
26895 427 2880
2880 427 26895
427 2880 26895
13224 9195 23171
23171 9195 13224
9195 13224 23171
4946 25549 29885
29885 4946 25549
25549 4946 29885
19974 20922 24082
24082 19974 20922
20922 19974 24082
13706 6038 23625
23625 6038 13706
6038 13706 23625
4762 5574 23775
5574 4762 23775
23775 4762 5574
27560 16091 28493
28493 16091 27560
16091 27560 28493
8765 804 8821
8821 804 8765
804 8765 8821
13758 20365 25240
25240 13758 20365
20365 13758 25240
29802 18314 23886
23886 18314 29802
18314 23886 29802
18418 8612 20191
20191 8612 18418
8612 18418 20191
24137 8121 16871
16871 8121 24137
8121 16871 24137
20783 6493 29118
6493 20783 29118
29118 6493 20783
13378 7773 16045
16045 7773 13378
7773 13378 16045
19492 21369 28053
21369 19492 28053
28053 19492 21369
1553 15491 22243
22243 1553 15491
15491 1553 22243
17222 4433 9815
9815 4433 17222
4433 9815 17222
14511 8106 20141
8106 14511 20141
20141 8106 14511
10986 7191 14479
14479 7191 10986
7191 10986 14479
4318 10069 26010
26010 4318 10069
10069 4318 26010
10988 9438 18010
9438 10988 18010
18010 9438 10988
24234 20109 22455
20109 22455 24234
22455 20109 24234
22334 17452 18283
17452 18283 22334
18283 17452 22334
10190 6486 14531
14531 6486 10190
6486 10190 14531
27264 11451 20837
11451 20837 27264
20837 11451 27264
10109 2596 25016
2596 10109 25016
25016 2596 10109
8506 14002 19121
19121 8506 14002
14002 8506 19121
29523 18028 24057
24057 18028 29523
18028 24057 29523
20479 2419 15387
15387 2419 20479
2419 15387 20479
884 3763 28478
28478 884 3763
3763 884 28478
1416 7443 19280
7443 1416 19280
19280 1416 7443
6242 18029 29742
29742 6242 18029
18029 6242 29742
15433 612 725
612 725 15433
725 612 15433
13640 24829 27483
24829 13640 27483
27483 13640 24829
19367 3243 21915
3243 19367 21915
21915 3243 19367
12265 13984 23344
13984 12265 23344
23344 12265 13984
11315 8310 24875
24875 8310 11315
8310 11315 24875
7602 9052 13557
13557 7602 9052
9052 7602 13557
23411 21736 23143
23143 21736 23411
21736 23143 23411
1197 6295 11063
11063 1197 6295
6295 1197 11063
28194 2727 6061
2727 6061 28194
6061 2727 28194
23636 9571 20075
9571 20075 23636
20075 9571 23636
23683 4052 15659
15659 4052 23683
4052 15659 23683
25649 2193 22060
22060 2193 25649
2193 22060 25649
5714 3772 12189
12189 3772 5714
3772 5714 12189
11904 21293 28174
28174 11904 21293
21293 11904 28174
8160 11822 21717
11822 8160 21717
21717 8160 11822
121 18469 24964
18469 121 24964
24964 121 18469
18168 14396 22098
14396 18168 22098
22098 14396 18168
4324 2021 27187
2021 4324 27187
27187 2021 4324
13371 19480 25810
19480 13371 25810
25810 13371 19480
26520 1229 6932
6932 1229 26520
1229 6932 26520
23256 18508 18758
18508 18758 23256
18758 18508 23256
13545 4515 28673
28673 4515 13545
4515 13545 28673
29792 11331 15468
15468 11331 29792
11331 15468 29792
12938 21655 25445
25445 12938 21655
21655 12938 25445
9063 9399 22469
9399 9063 22469
22469 9063 9399
13641 1510 14236
14236 1510 13641
1510 13641 14236
26481 15050 18381
18381 15050 26481
15050 18381 26481
8921 1315 10799
10799 1315 8921
1315 8921 10799
22418 6376 27768
27768 6376 22418
6376 22418 27768
14443 8844 28189
8844 14443 28189
28189 8844 14443
13138 6178 7558
7558 6178 13138
6178 7558 13138
5222 7760 14482
14482 5222 7760
7760 5222 14482
5531 14387 29088
14387 5531 29088
29088 5531 14387
9174 10117 19063
19063 9174 10117
10117 9174 19063
7431 11034 21963
11034 7431 21963
21963 7431 11034
28387 17576 21182
21182 17576 28387
17576 21182 28387
16803 730 10084
10084 730 16803
730 10084 16803
5885 12939 13509
12939 5885 13509
13509 5885 12939
18811 3902 23502
3902 18811 23502
23502 3902 18811
2231 24848 27989
24848 2231 27989
27989 2231 24848
24100 14252 27839
27839 14252 24100
14252 24100 27839
13785 4338 25432
4338 13785 25432
25432 4338 13785
21172 8355 22521
22521 8355 21172
8355 21172 22521
21951 7143 21501
7143 21501 21951
21501 7143 21951
5644 332 21216
332 5644 21216
21216 332 5644
18235 22905 26062
26062 18235 22905
22905 18235 26062
25965 16218 24250
24250 16218 25965
16218 24250 25965
21030 9969 21460
21460 9969 21030
9969 21030 21460
2378 1593 20346
1593 2378 20346
20346 1593 2378
21839 955 16927
16927 955 21839
955 16927 21839
10880 11501 26056
11501 10880 26056
26056 10880 11501
5819 10848 23328
10848 5819 23328
23328 5819 10848
28440 2127 26143
2127 26143 28440
26143 2127 28440
1084 22920 26057
22920 1084 26057
26057 1084 22920
12512 12783 25142
25142 12512 12783
12783 12512 25142
4990 18162 19040
18162 4990 19040
19040 4990 18162
18821 6942 9183
6942 9183 18821
9183 6942 18821
18450 14472 19628
19628 14472 18450
14472 18450 19628
1806 13113 26605
26605 1806 13113
13113 1806 26605
836 10128 27004
10128 836 27004
27004 836 10128
11555 8391 8905
8905 8391 11555
8391 8905 11555
19275 3447 11071
3447 11071 19275
11071 3447 19275
3254 2387 23132
2387 3254 23132
23132 2387 3254
29560 11618 21447
11618 21447 29560
21447 11618 29560
15228 4484 14811
14811 4484 15228
4484 14811 15228
19157 23077 25495
25495 19157 23077
23077 19157 25495
17513 268 15762
268 15762 17513
15762 268 17513
26376 12172 28043
12172 26376 28043
28043 12172 26376
8862 10739 13818
10739 8862 13818
13818 8862 10739
5891 5542 7968
7968 5542 5891
5542 5891 7968
21905 7951 11648
11648 7951 21905
7951 11648 21905
185 7769 11827
11827 185 7769
7769 185 11827
23813 5092 16804
5092 16804 23813
16804 5092 23813
16844 3264 27142
27142 3264 16844
3264 16844 27142
19190 3947 10718
10718 3947 19190
3947 10718 19190
28721 2071 22375
22375 2071 28721
2071 22375 28721
9955 12878 24975
12878 9955 24975
24975 9955 12878
1374 2005 19176
19176 1374 2005
2005 1374 19176
1463 1284 15198
1284 1463 15198
15198 1284 1463
27844 4145 24314
4145 24314 27844
24314 4145 27844
8882 10731 19804
19804 8882 10731
10731 8882 19804
6316 12105 19775
12105 6316 19775
19775 6316 12105
3027 3298 6071
3298 3027 6071
6071 3027 3298
1358 7822 7928
7822 1358 7928
7928 1358 7822
14962 23991 28865
23991 14962 28865
28865 14962 23991
19309 9162 24231
9162 19309 24231
24231 9162 19309
11675 6324 12793
6324 11675 12793
12793 6324 11675
27267 18695 27285
27285 18695 27267
18695 27267 27285
16291 25115 29909
25115 16291 29909
29909 16291 25115
15799 2952 28505
28505 2952 15799
2952 15799 28505
14750 22965 23002
23002 14750 22965
22965 14750 23002
12533 17443 25297
17443 12533 25297
25297 12533 17443
4842 22877 28047
28047 4842 22877
22877 4842 28047
26122 1102 9929
1102 9929 26122
9929 1102 26122
1086 381 7484
381 1086 7484
7484 381 1086
17609 1483 21373
21373 1483 17609
1483 17609 21373
14505 11797 29581
11797 14505 29581
29581 11797 14505
25991 12298 15294
12298 15294 25991
15294 12298 25991
5615 18591 28562
18591 5615 28562
28562 5615 18591
29097 854 23445
23445 854 29097
854 23445 29097
1523 16759 21498
16759 1523 21498
21498 1523 16759
21090 6609 27156
6609 21090 27156
27156 6609 21090
3272 3502 12141
12141 3272 3502
3502 3272 12141
23462 10010 23963
23963 10010 23462
10010 23462 23963
11030 10561 27104
10561 11030 27104
27104 10561 11030
25868 10169 16730
16730 10169 25868
10169 16730 25868
4714 2652 19656
2652 4714 19656
19656 2652 4714
16515 15047 29540
15047 16515 29540
29540 15047 16515
2385 3988 6019
6019 2385 3988
3988 2385 6019
28590 19366 25491
19366 25491 28590
25491 19366 28590
14076 13121 28133
13121 14076 28133
28133 13121 14076
2955 8925 13294
13294 2955 8925
8925 2955 13294
2415 4933 8039
4933 2415 8039
8039 2415 4933
22293 11816 15890
15890 11816 22293
11816 15890 22293
15765 17605 27258
17605 15765 27258
27258 15765 17605
1365 19651 25597
25597 1365 19651
19651 1365 25597
4397 6734 15091
15091 4397 6734
6734 4397 15091
11206 624 6788
6788 624 11206
624 6788 11206
12922 2807 9947
2807 9947 12922
9947 2807 12922
25431 4591 11459
11459 4591 25431
4591 11459 25431
7628 9878 16914
9878 7628 16914
16914 7628 9878
26582 21127 22949
21127 22949 26582
22949 21127 26582
2390 8955 17992
8955 2390 17992
17992 2390 8955
659 21375 25681
21375 659 25681
25681 659 21375
8371 12897 17456
12897 8371 17456
17456 8371 12897
9413 9133 24540
24540 9133 9413
9133 9413 24540
4903 11967 15266
11967 4903 15266
15266 4903 11967
26317 3811 10615
10615 3811 26317
3811 10615 26317
23829 4308 16806
16806 4308 23829
4308 16806 23829
2996 5980 27987
5980 2996 27987
27987 2996 5980
23088 13537 26722
26722 13537 23088
13537 23088 26722
27529 26556 28102
28102 26556 27529
26556 27529 28102
7254 5536 6487
6487 5536 7254
5536 6487 7254
20836 2862 11318
11318 2862 20836
2862 11318 20836
10340 22280 25679
25679 10340 22280
22280 10340 25679
26623 3597 20548
20548 3597 26623
3597 20548 26623
25800 2767 18644
18644 2767 25800
2767 18644 25800
22863 5635 19395
5635 19395 22863
19395 5635 22863
17115 8877 19739
19739 8877 17115
8877 17115 19739
17514 20187 24407
24407 17514 20187
20187 17514 24407
13634 5901 18442
5901 13634 18442
18442 5901 13634
3580 4839 6016
4839 3580 6016
6016 3580 4839
22481 21073 29718
29718 21073 22481
21073 22481 29718
26746 20186 28728
28728 20186 26746
20186 26746 28728
7296 9588 26547
26547 7296 9588
9588 7296 26547
5335 22861 23940
23940 5335 22861
22861 5335 23940
26591 10050 17271
17271 10050 26591
10050 17271 26591
8577 3794 28761
3794 8577 28761
28761 3794 8577
5220 1214 11786
11786 1214 5220
1214 5220 11786
12434 2570 13559
13559 2570 12434
2570 12434 13559
21990 19787 20410
19787 20410 21990
20410 19787 21990
25976 9596 29593
29593 9596 25976
9596 25976 29593
3845 12587 19778
19778 3845 12587
12587 3845 19778
12578 3036 20939
3036 12578 20939
20939 3036 12578
17558 2441 15906
2441 15906 17558
15906 2441 17558
13077 27759 28014
28014 13077 27759
27759 13077 28014
18649 17970 18027
18027 17970 18649
17970 18027 18649
13521 16532 28175
16532 13521 28175
28175 13521 16532
16649 20050 28070
28070 16649 20050
20050 16649 28070
10852 25312 28253
28253 10852 25312
25312 10852 28253
4622 18127 20663
20663 4622 18127
18127 4622 20663
8944 5421 25478
5421 8944 25478
25478 5421 8944
21549 10246 20321
20321 10246 21549
10246 20321 21549
24616 2806 6210
6210 2806 24616
2806 6210 24616
13267 3121 8052
3121 8052 13267
8052 3121 13267
23583 14652 17878
17878 14652 23583
14652 17878 23583
12181 7422 10255
10255 7422 12181
7422 10255 12181
10042 21894 26095
21894 10042 26095
26095 10042 21894
12725 16863 27772
27772 12725 16863
16863 12725 27772
21865 19349 27950
27950 19349 21865
19349 21865 27950
24699 7368 21299
7368 21299 24699
21299 7368 24699
6850 4109 21107
21107 4109 6850
4109 6850 21107
20870 21343 22102
21343 20870 22102
22102 20870 21343
10005 26144 27588
26144 10005 27588
27588 10005 26144
6365 10967 28366
28366 6365 10967
10967 6365 28366
28824 15347 26904
26904 15347 28824
15347 26904 28824
20459 18592 25409
25409 18592 20459
18592 20459 25409
5301 2245 12646
2245 5301 12646
12646 2245 5301
14122 9998 27255
9998 14122 27255
27255 9998 14122
9945 7114 24310
24310 7114 9945
7114 9945 24310
28512 4096 15588
15588 4096 28512
4096 15588 28512
21759 3268 20406
3268 20406 21759
20406 3268 21759
9633 6403 17630
6403 9633 17630
17630 6403 9633
150 6093 8077
6093 150 8077
8077 150 6093
15184 18781 29015
29015 15184 18781
18781 15184 29015
4258 22315 26100
26100 4258 22315
22315 4258 26100
8491 12904 17641
17641 8491 12904
12904 8491 17641
9957 17376 19837
19837 9957 17376
17376 9957 19837
638 1788 6844
1788 638 6844
6844 638 1788
25436 10318 24412
10318 24412 25436
24412 10318 25436
6439 26396 26737
26396 6439 26737
26737 6439 26396
20420 7150 28532
28532 7150 20420
7150 20420 28532
15788 3891 15736
3891 15736 15788
15736 3891 15788
8626 23941 25275
25275 8626 23941
23941 8626 25275
28688 23513 28277
28277 23513 28688
23513 28277 28688
12023 15110 19717
15110 12023 19717
19717 12023 15110
12961 9999 17691
17691 9999 12961
9999 12961 17691
28552 15552 29773
15552 28552 29773
29773 15552 28552
28767 11806 12086
11806 12086 28767
12086 11806 28767
6861 5373 14322
14322 5373 6861
5373 6861 14322
2653 324 20873
324 2653 20873
20873 324 2653
11095 19455 19751
19455 11095 19751
19751 11095 19455
23159 4423 5381
4423 5381 23159
5381 4423 23159
15330 2369 4731
4731 2369 15330
2369 4731 15330
20656 10019 18220
18220 10019 20656
10019 18220 20656
21851 11044 15831
15831 11044 21851
11044 15831 21851
20719 5116 7015
7015 5116 20719
5116 7015 20719
3039 2943 19814
19814 2943 3039
2943 3039 19814
14854 7662 11363
7662 11363 14854
11363 7662 14854
16237 2814 10909
2814 10909 16237
10909 2814 16237
2133 2286 12357
12357 2133 2286
2286 2133 12357
367 14438 27843
27843 367 14438
14438 367 27843
24384 2647 23745
23745 2647 24384
2647 23745 24384
8328 24563 27562
24563 8328 27562
27562 8328 24563
4167 7887 15265
15265 4167 7887
7887 4167 15265
2394 13832 25135
13832 2394 25135
25135 2394 13832
8741 2946 7304
2946 7304 8741
7304 2946 8741
15431 20042 21615
21615 15431 20042
20042 15431 21615
29809 11820 24292
24292 11820 29809
11820 24292 29809
6460 17407 24557
24557 6460 17407
17407 6460 24557
6526 1901 10808
1901 6526 10808
10808 1901 6526
6712 2717 2837
2717 2837 6712
2837 2717 6712
12599 3871 18526
18526 3871 12599
3871 12599 18526
1622 12999 20658
12999 1622 20658
20658 1622 12999
13264 13460 28142
28142 13264 13460
13460 13264 28142
12769 11512 20789
11512 12769 20789
20789 11512 12769
229 6723 18040
6723 229 18040
18040 229 6723
26364 14039 23666
23666 14039 26364
14039 23666 26364
11722 12001 13459
13459 11722 12001
12001 11722 13459
21267 25461 29340
25461 21267 29340
29340 21267 25461
1706 9665 25116
9665 1706 25116
25116 1706 9665
24698 2551 18191
2551 18191 24698
18191 2551 24698
21294 20696 27072
20696 21294 27072
27072 20696 21294
14617 18710 27532
27532 14617 18710
18710 14617 27532
13619 14035 21434
21434 13619 14035
14035 13619 21434
21169 18329 23033
23033 18329 21169
18329 21169 23033
5794 22207 23115
22207 5794 23115
23115 5794 22207
3827 191 18485
191 3827 18485
18485 191 3827
11754 19092 23576
23576 11754 19092
19092 11754 23576
27313 18913 27841
18913 27313 27841
27841 18913 27313
25054 5515 17034
17034 5515 25054
5515 17034 25054
25893 929 15269
929 15269 25893
15269 929 25893
29609 21557 24649
21557 24649 29609
24649 21557 29609
21521 10123 27343
10123 21521 27343
27343 10123 21521
16147 11909 20815
20815 11909 16147
11909 16147 20815
11839 2405 4382
4382 2405 11839
2405 4382 11839
10515 1168 8247
1168 8247 10515
8247 1168 10515
29282 10897 21321
10897 21321 29282
21321 10897 29282
27499 26177 28461
26177 27499 28461
28461 26177 27499
14820 21193 22768
21193 14820 22768
22768 14820 21193
11321 1095 27681
27681 1095 11321
1095 11321 27681
16278 25371 27125
27125 16278 25371
25371 16278 27125
794 14453 15136
15136 794 14453
14453 794 15136
25591 2927 7472
2927 7472 25591
7472 2927 25591
22702 20436 29575
29575 20436 22702
20436 22702 29575
21811 5359 18704
5359 18704 21811
18704 5359 21811
17393 4191 14296
14296 4191 17393
4191 14296 17393
22187 14670 29735
14670 22187 29735
29735 14670 22187
11700 11411 29849
29849 11411 11700
11411 11700 29849
14006 14187 14481
14187 14006 14481
14481 14006 14187
10802 20398 28712
20398 10802 28712
28712 10802 20398
4924 8718 20832
20832 4924 8718
8718 4924 20832
10673 7166 20229
20229 7166 10673
7166 10673 20229
27394 17176 23109
17176 23109 27394
23109 17176 27394
22999 11263 13157
11263 13157 22999
13157 11263 22999
28902 22806 28796
22806 28796 28902
28796 22806 28902
13908 24014 24662
24662 13908 24014
24014 13908 24662
8080 9348 27176
9348 8080 27176
27176 8080 9348
17559 3018 23609
23609 3018 17559
3018 17559 23609
24852 13062 16417
13062 16417 24852
16417 13062 24852
4410 10971 20251
10971 4410 20251
20251 4410 10971
28755 14235 15698
15698 14235 28755
14235 15698 28755
24228 3424 11840
3424 11840 24228
11840 3424 24228
6034 11247 17290
11247 6034 17290
17290 6034 11247
27738 1697 29618
29618 1697 27738
1697 27738 29618
674 13891 18849
13891 674 18849
18849 674 13891
27287 3006 6918
6918 3006 27287
3006 6918 27287
24453 4152 5142
5142 4152 24453
4152 5142 24453
18598 2221 29703
2221 18598 29703
29703 2221 18598
9757 6440 26697
26697 6440 9757
6440 9757 26697
23656 14140 22300
22300 14140 23656
14140 22300 23656
5185 8318 15129
15129 5185 8318
8318 5185 15129
13147 10917 18599
18599 10917 13147
10917 13147 18599
6613 20072 21969
21969 6613 20072
20072 6613 21969
23744 5017 6035
6035 5017 23744
5017 6035 23744
29255 4508 26796
26796 4508 29255
4508 26796 29255
16941 20700 29327
29327 16941 20700
20700 16941 29327
11157 14211 23478
23478 11157 14211
14211 11157 23478
5050 10239 19268
19268 5050 10239
10239 5050 19268
9603 4936 27539
4936 9603 27539
27539 4936 9603
25669 22131 28785
22131 25669 28785
28785 22131 25669
23955 5507 16691
16691 5507 23955
5507 16691 23955
4124 4363 18505
18505 4124 4363
4363 4124 18505
5509 5349 24366
24366 5349 5509
5349 5509 24366
8622 17000 21755
17000 8622 21755
21755 8622 17000
9004 15282 18187
18187 9004 15282
15282 9004 18187
18689 12773 26602
26602 12773 18689
12773 18689 26602
18270 2676 16190
2676 16190 18270
16190 2676 18270
6059 24275 26295
24275 6059 26295
26295 6059 24275
29142 19657 24291
19657 24291 29142
24291 19657 29142
13357 22288 27657
22288 13357 27657
27657 13357 22288
11738 9729 28254
28254 9729 11738
9729 11738 28254
15527 15686 26034
26034 15527 15686
15686 15527 26034
6272 1525 18755
1525 6272 18755
18755 1525 6272
13859 3696 6898
6898 3696 13859
3696 6898 13859
7817 1415 28355
1415 7817 28355
28355 1415 7817
25248 1775 7260
7260 1775 25248
1775 7260 25248
15922 13299 19232
19232 13299 15922
13299 15922 19232
22685 16321 20642
16321 20642 22685
20642 16321 22685
27401 466 8084
466 8084 27401
8084 466 27401
12054 19992 22730
22730 12054 19992
19992 12054 22730
19622 12422 22254
12422 19622 22254
22254 12422 19622
230 6258 17699
17699 230 6258
6258 230 17699
5259 14841 27645
14841 5259 27645
27645 5259 14841
24987 289 15034
289 15034 24987
15034 289 24987
24786 14697 27168
14697 24786 27168
27168 14697 24786
27339 6955 10798
10798 6955 27339
6955 10798 27339
7755 11676 24704
24704 7755 11676
11676 7755 24704
16769 24536 29060
24536 16769 29060
29060 16769 24536
28318 1085 27496
27496 1085 28318
1085 27496 28318
11496 3332 13395
13395 3332 11496
3332 11496 13395
19179 13914 24804
13914 19179 24804
24804 13914 19179
28507 572 18544
572 18544 28507
18544 572 28507
16748 3140 18349
3140 16748 18349
18349 3140 16748
29680 19142 24706
24706 19142 29680
19142 24706 29680
577 3503 9968
9968 577 3503
3503 577 9968
18091 15901 24445
24445 15901 18091
15901 18091 24445
13727 981 21335
981 13727 21335
21335 981 13727
14979 10811 12229
10811 12229 14979
12229 10811 14979
27830 8051 28200
28200 8051 27830
8051 27830 28200
4907 11907 22935
11907 4907 22935
22935 4907 11907
25404 16279 19043
16279 19043 25404
19043 16279 25404
8795 14276 20678
14276 8795 20678
20678 8795 14276
21767 4981 18916
18916 4981 21767
4981 18916 21767
29891 1671 18093
18093 1671 29891
1671 18093 29891
24585 5097 18970
5097 18970 24585
18970 5097 24585
24105 13886 22393
13886 22393 24105
22393 13886 24105
5331 28171 29934
29934 5331 28171
28171 5331 29934
18436 6270 27381
27381 6270 18436
6270 18436 27381
14567 3438 20438
20438 3438 14567
3438 14567 20438
22459 9818 17186
17186 9818 22459
9818 17186 22459
9508 13844 28106
13844 9508 28106
28106 9508 13844
2347 356 28487
28487 356 2347
356 2347 28487
25879 5080 26281
26281 5080 25879
5080 25879 26281
2183 1711 8347
1711 2183 8347
8347 1711 2183
9291 19173 21464
21464 9291 19173
19173 9291 21464
13023 17968 18046
17968 13023 18046
18046 13023 17968
25313 4997 15685
15685 4997 25313
4997 15685 25313
26171 1631 7393
1631 7393 26171
7393 1631 26171
12619 4954 11629
4954 11629 12619
11629 4954 12619
25561 18037 23351
18037 23351 25561
23351 18037 25561
11989 1407 27961
1407 11989 27961
27961 1407 11989
12441 23589 26292
23589 12441 26292
26292 12441 23589
9199 2752 24713
24713 2752 9199
2752 9199 24713
15410 11670 26283
26283 11670 15410
11670 15410 26283
9868 2343 21770
21770 2343 9868
2343 9868 21770
2187 20942 22431
20942 2187 22431
22431 2187 20942
26833 3649 25867
25867 3649 26833
3649 25867 26833
25112 7056 23884
23884 7056 25112
7056 23884 25112
28821 10805 24226
10805 24226 28821
24226 10805 28821
23285 1367 9735
1367 9735 23285
9735 1367 23285
4345 11158 22601
22601 4345 11158
11158 4345 22601
10248 6795 19573
19573 6795 10248
6795 10248 19573
4086 15617 18383
18383 4086 15617
15617 4086 18383
15416 3238 8952
8952 3238 15416
3238 8952 15416
19346 1660 17997
17997 1660 19346
1660 17997 19346
20797 4029 22906
22906 4029 20797
4029 20797 22906
13951 2290 15511
15511 2290 13951
2290 13951 15511
29998 6027 20761
6027 20761 29998
20761 6027 29998
306 15684 17185
15684 306 17185
17185 306 15684
8646 13779 15352
13779 8646 15352
15352 8646 13779
9401 9346 23878
23878 9346 9401
9346 9401 23878
1410 3733 24862
24862 1410 3733
3733 1410 24862
11195 21670 26593
21670 11195 26593
26593 11195 21670
12204 5257 29406
29406 5257 12204
5257 12204 29406
4972 22766 25873
25873 4972 22766
22766 4972 25873
4012 19237 25131
25131 4012 19237
19237 4012 25131
23564 4298 10516
4298 10516 23564
10516 4298 23564
14987 6008 25096
6008 14987 25096
25096 6008 14987
19868 9791 29726
9791 19868 29726
29726 9791 19868
25511 16301 21609
16301 21609 25511
21609 16301 25511
447 11327 13896
13896 447 11327
11327 447 13896
15663 12987 20804
12987 15663 20804
20804 12987 15663
2958 21378 23825
23825 2958 21378
21378 2958 23825
3306 4445 5393
5393 3306 4445
4445 3306 5393
19735 5969 21478
21478 5969 19735
5969 19735 21478
10119 2760 27103
27103 2760 10119
2760 10119 27103
27404 417 14173
417 14173 27404
14173 417 27404
9637 12210 13906
12210 9637 13906
13906 9637 12210
17764 13483 27389
13483 17764 27389
27389 13483 17764
6979 5043 24769
5043 6979 24769
24769 5043 6979
22727 24419 29498
29498 22727 24419
24419 22727 29498
17547 23665 24967
23665 17547 24967
24967 17547 23665
28679 6604 28800
6604 28679 28800
28800 6604 28679
23716 1903 26136
26136 1903 23716
1903 23716 26136
13351 19859 29262
19859 13351 29262
29262 13351 19859
3789 4386 6900
4386 3789 6900
6900 3789 4386
21061 4958 10244
4958 10244 21061
10244 4958 21061
10027 3527 14929
3527 10027 14929
14929 3527 10027
29437 995 17396
995 17396 29437
17396 995 29437
28229 10945 21785
21785 10945 28229
10945 21785 28229
1704 2360 15626
2360 1704 15626
15626 1704 2360
4114 17190 27790
17190 4114 27790
27790 4114 17190
2460 13857 24354
13857 2460 24354
24354 2460 13857
14293 4119 26646
26646 4119 14293
4119 14293 26646
6750 4589 15592
15592 4589 6750
4589 6750 15592
10635 13841 15041
13841 10635 15041
15041 10635 13841
17867 24589 28545
24589 17867 28545
28545 17867 24589
10704 19668 26683
19668 10704 26683
26683 10704 19668
10391 1072 13416
1072 10391 13416
13416 1072 10391
27475 435 7444
7444 435 27475
435 7444 27475
23766 21824 26950
26950 21824 23766
21824 23766 26950
26270 21204 25583
25583 21204 26270
21204 25583 26270
16606 17028 21327
17028 16606 21327
21327 16606 17028
9697 21919 28130
21919 9697 28130
28130 9697 21919
2975 12489 19348
19348 2975 12489
12489 2975 19348
1253 3954 12231
12231 1253 3954
3954 1253 12231
12503 20899 22343
20899 12503 22343
22343 12503 20899
656 6307 12962
12962 656 6307
6307 656 12962
25335 16446 24620
16446 24620 25335
24620 16446 25335
21877 2238 6954
2238 6954 21877
6954 2238 21877
15158 5226 14339
5226 14339 15158
14339 5226 15158
27963 20084 24184
20084 24184 27963
24184 20084 27963
19007 12146 22742
22742 12146 19007
12146 19007 22742
4002 20048 25642
20048 4002 25642
25642 4002 20048
26946 2097 18936
18936 2097 26946
2097 18936 26946
14022 1881 8460
1881 8460 14022
8460 1881 14022
19472 1455 6907
6907 1455 19472
1455 6907 19472
16208 9456 21181
9456 16208 21181
21181 9456 16208
16843 9523 11580
9523 11580 16843
11580 9523 16843
21305 3606 25462
25462 3606 21305
3606 21305 25462
20831 7155 18615
7155 18615 20831
18615 7155 20831
26179 21797 22900
22900 21797 26179
21797 22900 26179
19757 3769 12623
3769 12623 19757
12623 3769 19757
10437 12276 22769
22769 10437 12276
12276 10437 22769
19517 20439 21195
21195 19517 20439
20439 19517 21195
10210 9480 17104
17104 9480 10210
9480 10210 17104
2275 16882 22550
16882 2275 22550
22550 2275 16882
26212 11617 15630
15630 11617 26212
11617 15630 26212
18677 2725 10173
2725 10173 18677
10173 2725 18677
29414 5199 10154
5199 10154 29414
10154 5199 29414
24817 8196 8482
8482 8196 24817
8196 8482 24817
28181 3630 23538
23538 3630 28181
3630 23538 28181
25766 19970 23621
19970 23621 25766
23621 19970 25766
26498 4540 12739
4540 12739 26498
12739 4540 26498
19054 338 7120
338 7120 19054
7120 338 19054
17551 28309 28947
28947 17551 28309
28309 17551 28947
10987 470 1478
470 1478 10987
1478 470 10987
29163 11283 23199
23199 11283 29163
11283 23199 29163
18842 5399 12059
5399 12059 18842
12059 5399 18842
26993 7852 8517
7852 8517 26993
8517 7852 26993
28265 12566 26088
26088 12566 28265
12566 26088 28265
2136 18030 29659
29659 2136 18030
18030 2136 29659
18540 19509 28707
28707 18540 19509
19509 18540 28707
14223 8503 16784
16784 8503 14223
8503 14223 16784
10184 10378 24954
24954 10184 10378
10378 10184 24954
26906 17048 23431
17048 23431 26906
23431 17048 26906
28332 12279 19615
19615 12279 28332
12279 19615 28332
4693 20704 20953
20704 4693 20953
20953 4693 20704
10257 11098 13996
13996 10257 11098
11098 10257 13996
11623 4051 16676
16676 4051 11623
4051 11623 16676
2450 1832 13313
13313 1832 2450
1832 2450 13313
12633 15994 19916
15994 12633 19916
19916 12633 15994
23600 9962 18706
9962 18706 23600
18706 9962 23600
6053 2485 7973
2485 6053 7973
7973 2485 6053
23662 13827 21466
13827 21466 23662
21466 13827 23662
28289 4778 28177
4778 28177 28289
28177 4778 28289
1856 10751 27636
27636 1856 10751
10751 1856 27636
3267 14131 23356
14131 3267 23356
23356 3267 14131
195 220 17291
220 195 17291
17291 195 220
9994 9642 27858
27858 9642 9994
9642 9994 27858
2495 2277 26934
26934 2277 2495
2277 2495 26934
23138 19641 29829
29829 19641 23138
19641 23138 29829
28733 8835 15139
15139 8835 28733
8835 15139 28733
19765 13119 21364
21364 13119 19765
13119 19765 21364
25389 15079 21622
21622 15079 25389
15079 21622 25389
12722 8642 9834
8642 9834 12722
9834 8642 12722
20281 4730 17234
17234 4730 20281
4730 17234 20281
16608 9209 27859
27859 9209 16608
9209 16608 27859
10786 249 11084
11084 249 10786
249 10786 11084
14439 13724 17438
17438 13724 14439
13724 14439 17438
4686 3612 9140
9140 3612 4686
3612 4686 9140
10369 14305 20431
14305 10369 20431
20431 10369 14305
16481 13961 17749
13961 16481 17749
17749 13961 16481
13033 24164 25274
24164 13033 25274
25274 13033 24164
8286 17836 22578
17836 8286 22578
22578 8286 17836
15544 14019 19053
14019 15544 19053
19053 14019 15544
18472 9851 25677
25677 9851 18472
9851 18472 25677
29496 27530 27707
27707 27530 29496
27530 27707 29496
4081 13464 21265
21265 4081 13464
13464 4081 21265
28449 8380 22778
8380 22778 28449
22778 8380 28449
6323 7765 27491
27491 6323 7765
7765 6323 27491
29471 4713 19257
19257 4713 29471
4713 19257 29471
20283 3099 24428
3099 20283 24428
24428 3099 20283
14882 9317 21700
21700 9317 14882
9317 14882 21700
28604 10133 13694
13694 10133 28604
10133 13694 28604
15182 13517 24509
24509 13517 15182
13517 15182 24509
25654 21831 28038
21831 25654 28038
28038 21831 25654
22279 3363 7548
3363 7548 22279
7548 3363 22279
3266 1138 17086
1138 3266 17086
17086 1138 3266
3001 10636 25376
25376 3001 10636
10636 3001 25376
4554 7225 25734
7225 4554 25734
25734 4554 7225
673 3932 20520
20520 673 3932
3932 673 20520
12211 23363 29638
23363 12211 29638
29638 12211 23363
13519 463 6389
6389 463 13519
463 6389 13519
25842 19094 19664
19094 19664 25842
19664 19094 25842
10146 5315 6836
6836 5315 10146
5315 6836 10146
28620 8477 9572
9572 8477 28620
8477 9572 28620
29174 17863 25075
25075 17863 29174
17863 25075 29174
29425 11981 14217
11981 14217 29425
14217 11981 29425
22476 7209 18391
18391 7209 22476
7209 18391 22476
817 11942 19771
19771 817 11942
11942 817 19771
27871 3793 18063
18063 3793 27871
3793 18063 27871
8204 6939 24222
24222 6939 8204
6939 8204 24222
12677 3971 26636
26636 3971 12677
3971 12677 26636
21996 25636 28631
28631 21996 25636
25636 21996 28631
14201 7392 19984
19984 7392 14201
7392 14201 19984
20085 5307 6103
6103 5307 20085
5307 6103 20085
1771 200 28666
200 1771 28666
28666 200 1771
26507 14424 18088
14424 18088 26507
18088 14424 26507
14124 2327 3791
3791 2327 14124
2327 3791 14124
4175 14221 21381
14221 4175 21381
21381 4175 14221
27013 3861 26150
3861 26150 27013
26150 3861 27013
10749 2403 16714
2403 10749 16714
16714 2403 10749
15250 12323 27058
27058 12323 15250
12323 15250 27058
29531 8124 27553
8124 27553 29531
27553 8124 29531
23512 3049 24466
3049 23512 24466
24466 3049 23512
3720 14382 16015
16015 3720 14382
14382 3720 16015
10641 7825 14592
14592 7825 10641
7825 10641 14592
16220 9260 22891
9260 16220 22891
22891 9260 16220
27144 13707 21158
13707 21158 27144
21158 13707 27144
27797 7654 24141
7654 24141 27797
24141 7654 27797
26672 4066 28436
28436 4066 26672
4066 26672 28436
26202 3294 17091
17091 3294 26202
3294 17091 26202
13625 15329 29916
29916 13625 15329
15329 13625 29916
28812 23057 28816
28816 23057 28812
23057 28812 28816
14007 12056 27312
12056 14007 27312
27312 12056 14007
4530 14655 26011
14655 4530 26011
26011 4530 14655
17339 15555 29024
29024 15555 17339
15555 17339 29024
15249 19822 27999
19822 15249 27999
27999 15249 19822
11805 3636 23916
23916 3636 11805
3636 11805 23916
21031 2008 13622
13622 2008 21031
2008 13622 21031
15213 511 26101
26101 511 15213
511 15213 26101
3541 9473 23578
23578 3541 9473
9473 3541 23578
980 15723 29036
15723 980 29036
29036 980 15723
16018 1329 18058
1329 16018 18058
18058 1329 16018
25454 14634 29734
29734 14634 25454
14634 25454 29734
14099 3305 26808
3305 14099 26808
26808 3305 14099
1103 6821 19412
19412 1103 6821
6821 1103 19412
10715 1071 9296
9296 1071 10715
1071 9296 10715
19887 4442 5225
5225 4442 19887
4442 5225 19887
10464 23192 26382
26382 10464 23192
23192 10464 26382
880 961 21692
961 880 21692
21692 880 961
11606 13462 16126
16126 11606 13462
13462 11606 16126
19294 8146 26312
8146 19294 26312
26312 8146 19294
14722 22576 29040
22576 14722 29040
29040 14722 22576
28304 5008 11647
11647 5008 28304
5008 11647 28304
15589 8245 12161
12161 8245 15589
8245 12161 15589
6255 275 15140
275 6255 15140
15140 275 6255
8959 23080 28101
23080 8959 28101
28101 8959 23080
9169 24152 24635
24635 9169 24152
24152 9169 24635
1696 1819 18144
18144 1696 1819
1819 1696 18144
7233 20274 25507
20274 7233 25507
25507 7233 20274
17297 8165 29220
8165 17297 29220
29220 8165 17297
5474 8434 10896
8434 5474 10896
10896 5474 8434
24307 790 8560
8560 790 24307
790 8560 24307
29353 22444 25286
22444 25286 29353
25286 22444 29353
23104 6290 15223
15223 6290 23104
6290 15223 23104
13920 27457 28600
27457 13920 28600
28600 13920 27457
24160 15752 19304
15752 19304 24160
19304 15752 24160
16812 7828 26359
26359 7828 16812
7828 16812 26359
19102 3311 16187
3311 16187 19102
16187 3311 19102
4379 11490 11821
11821 4379 11490
11490 4379 11821
19935 21027 25657
21027 19935 25657
25657 19935 21027
26855 1048 4316
4316 1048 26855
1048 4316 26855
9559 13646 19241
13646 9559 19241
19241 9559 13646
11846 19122 22164
19122 11846 22164
22164 11846 19122
29951 6183 7021
6183 7021 29951
7021 6183 29951
4302 1973 18663
1973 4302 18663
18663 1973 4302
8235 9534 29289
29289 8235 9534
9534 8235 29289
1361 17128 18001
18001 1361 17128
17128 1361 18001
27591 9439 25696
9439 25696 27591
25696 9439 27591
20455 20983 21256
20983 20455 21256
21256 20455 20983
21892 15193 19143
19143 15193 21892
15193 19143 21892
7075 16993 23436
16993 7075 23436
23436 7075 16993
6193 20355 23139
23139 6193 20355
20355 6193 23139
23415 10471 23048
10471 23048 23415
23048 10471 23415
1888 329 18976
18976 329 1888
329 1888 18976
19586 4461 24558
24558 4461 19586
4461 19586 24558
23999 3661 23788
23788 3661 23999
3661 23788 23999
28351 7966 14528
7966 14528 28351
14528 7966 28351
22577 419 4323
419 4323 22577
4323 419 22577
5030 8246 21910
21910 5030 8246
8246 5030 21910
11835 9238 24155
24155 9238 11835
9238 11835 24155
13145 20332 22614
20332 13145 22614
22614 13145 20332
8433 12640 29217
29217 8433 12640
12640 8433 29217
5597 4539 7891
7891 4539 5597
4539 5597 7891
25531 11906 13222
11906 13222 25531
13222 11906 25531
1350 5892 16027
5892 1350 16027
16027 1350 5892
14800 12326 21571
21571 12326 14800
12326 14800 21571
17637 4383 5430
4383 5430 17637
5430 4383 17637
19592 14969 15314
15314 14969 19592
14969 15314 19592
20256 16200 20809
20809 16200 20256
16200 20256 20809
18334 792 13870
792 13870 18334
13870 792 18334
4529 21139 27036
27036 4529 21139
21139 4529 27036
16223 18848 26494
18848 16223 26494
26494 16223 18848
15460 6392 17326
6392 15460 17326
17326 6392 15460
7248 9218 22510
9218 7248 22510
22510 7248 9218
7369 9630 28094
9630 7369 28094
28094 7369 9630
10445 9020 25590
9020 10445 25590
25590 9020 10445
3000 3044 27648
27648 3000 3044
3044 3000 27648
13782 2169 14804
14804 2169 13782
2169 13782 14804
3456 5000 8181
8181 3456 5000
5000 3456 8181
24660 4810 19036
4810 19036 24660
19036 4810 24660
23819 23064 25794
25794 23064 23819
23064 23819 25794
13936 2454 16109
16109 2454 13936
2454 13936 16109
6943 1945 8132
1945 6943 8132
8132 1945 6943
27688 18589 21885
21885 18589 27688
18589 21885 27688
10658 11489 29841
29841 10658 11489
11489 10658 29841
13949 4418 26505
4418 13949 26505
26505 4418 13949
8076 8002 23828
23828 8002 8076
8002 8076 23828
1635 7518 27959
7518 1635 27959
27959 1635 7518
26877 2400 7953
7953 2400 26877
2400 7953 26877
29573 7620 12564
7620 12564 29573
12564 7620 29573
20102 1607 27933
27933 1607 20102
1607 20102 27933
20736 4333 13563
13563 4333 20736
4333 13563 20736
16442 1879 14190
1879 14190 16442
14190 1879 16442
19111 18277 28759
28759 18277 19111
18277 19111 28759
9498 3407 18994
18994 3407 9498
3407 9498 18994
15627 3043 9594
9594 3043 15627
3043 9594 15627
7018 564 2371
564 2371 7018
2371 564 7018
27500 22921 23345
23345 22921 27500
22921 23345 27500
4457 6603 13621
13621 4457 6603
6603 4457 13621
16322 17844 23563
23563 16322 17844
17844 16322 23563
13975 823 12665
12665 823 13975
823 12665 13975
13845 11726 19135
11726 13845 19135
19135 11726 13845
12978 732 11651
11651 732 12978
732 11651 12978
29724 11449 21044
11449 21044 29724
21044 11449 29724
271 16625 19075
16625 271 19075
19075 271 16625
13101 5865 13397
13397 5865 13101
5865 13101 13397
362 14015 20029
20029 362 14015
14015 362 20029
90 2073 24678
24678 90 2073
2073 90 24678
14801 6791 27229
27229 6791 14801
6791 14801 27229
28435 1417 9808
1417 9808 28435
9808 1417 28435
17009 1107 28375
28375 1107 17009
1107 17009 28375
26054 6856 12538
6856 12538 26054
12538 6856 26054
11863 14239 27557
14239 11863 27557
27557 11863 14239
4065 17164 29351
17164 4065 29351
29351 4065 17164
13133 16880 26354
16880 13133 26354
26354 13133 16880
21089 6166 10225
6166 10225 21089
10225 6166 21089
265 20846 29077
20846 265 29077
29077 265 20846
7754 14450 25138
25138 7754 14450
14450 7754 25138
2122 10969 11361
11361 2122 10969
10969 2122 11361
11154 11240 28432
11240 11154 28432
28432 11154 11240
16345 15173 25456
25456 15173 16345
15173 16345 25456
18657 299 28004
299 18657 28004
28004 299 18657
29785 22878 24323
22878 24323 29785
24323 22878 29785
16177 14980 24935
14980 16177 24935
24935 14980 16177
20507 12280 18188
12280 18188 20507
18188 12280 20507
18509 9124 20891
9124 18509 20891
20891 9124 18509
14309 39 481
39 481 14309
481 39 14309
24441 1925 22633
1925 22633 24441
22633 1925 24441
29458 19725 21474
21474 19725 29458
19725 21474 29458
17341 12534 19846
19846 12534 17341
12534 17341 19846
7059 22675 25024
25024 7059 22675
22675 7059 25024
18674 13243 22080
13243 18674 22080
22080 13243 18674
7693 27045 28919
28919 7693 27045
27045 7693 28919
28287 293 6757
293 6757 28287
6757 293 28287
15341 15230 24725
15230 15341 24725
24725 15230 15341
12147 23615 25854
23615 12147 25854
25854 12147 23615
11190 12062 16933
12062 11190 16933
16933 11190 12062
11665 16382 24403
24403 11665 16382
16382 11665 24403
6169 1270 14982
14982 1270 6169
1270 6169 14982
9863 9232 20100
20100 9232 9863
9232 9863 20100
6594 24094 25211
25211 6594 24094
24094 6594 25211
8610 15415 28259
28259 8610 15415
15415 8610 28259
2525 16527 22754
16527 2525 22754
22754 2525 16527
28083 15569 26390
15569 26390 28083
26390 15569 28083
4068 7290 11505
11505 4068 7290
7290 4068 11505
11145 11998 15810
11998 11145 15810
15810 11145 11998
28023 6159 28045
6159 28023 28045
28045 6159 28023
2690 2256 23521
2256 2690 23521
23521 2256 2690
3154 13910 27089
13910 3154 27089
27089 3154 13910
8276 16995 26506
26506 8276 16995
16995 8276 26506
13505 12796 17277
12796 13505 17277
17277 12796 13505
22139 1484 6903
6903 1484 22139
1484 6903 22139
91 13616 22435
22435 91 13616
13616 91 22435
17080 4590 27874
4590 17080 27874
27874 4590 17080
3884 12592 25559
