14808 19299 20672
19299 14808 20672
20672 14808 19299
3001 9535 28827
28827 3001 9535
9535 3001 28827
14060 19538 22286
22286 14060 19538
19538 14060 22286
19454 8286 23942
23942 8286 19454
8286 19454 23942
12255 4164 26496
4164 12255 26496
26496 4164 12255
14160 14954 15336
15336 14160 14954
14954 14160 15336
9664 3910 26097
26097 3910 9664
3910 9664 26097
16510 3298 13996
3298 13996 16510
13996 3298 16510
22597 676 19514
19514 676 22597
676 19514 22597
22467 18251 27141
18251 22467 27141
27141 18251 22467
11477 11780 17314
17314 11477 11780
11780 11477 17314
5100 28680 29043
28680 5100 29043
29043 5100 28680
20033 5329 25544
5329 20033 25544
25544 5329 20033
16908 3273 17839
17839 3273 16908
3273 16908 17839
3331 1609 16463
16463 1609 3331
1609 3331 16463
1089 20797 21734
20797 1089 21734
21734 1089 20797
29076 28142 28851
28851 28142 29076
28142 28851 29076
19779 8807 15352
8807 15352 19779
15352 8807 19779
8228 12946 14204
12946 8228 14204
14204 8228 12946
11152 238 20571
20571 238 11152
238 11152 20571
4810 608 9347
608 4810 9347
9347 608 4810
25856 6169 20949
20949 6169 25856
6169 20949 25856
29701 8138 9904
9904 8138 29701
8138 9904 29701
19247 12334 16843
12334 16843 19247
16843 12334 19247
5617 6494 10511
6494 5617 10511
10511 5617 6494
7387 19189 20616
20616 7387 19189
19189 7387 20616
3533 6045 27913
27913 3533 6045
6045 3533 27913
23406 20633 23623
20633 23406 23623
23623 20633 23406
27989 8858 25664
8858 25664 27989
25664 8858 27989
17493 26679 28148
28148 17493 26679
26679 17493 28148
26955 5067 26090
5067 26090 26955
26090 5067 26955
20799 14508 21122
21122 14508 20799
14508 20799 21122
16946 2632 14841
2632 14841 16946
14841 2632 16946
9939 1433 22180
1433 9939 22180
22180 1433 9939
21199 14773 18715
14773 18715 21199
18715 14773 21199
28472 3492 9965
9965 3492 28472
3492 9965 28472
29986 13619 14701
13619 14701 29986
14701 13619 29986
29617 10841 26747
10841 26747 29617
26747 10841 29617
10384 8004 16253
8004 10384 16253
16253 8004 10384
7067 10213 19896
19896 7067 10213
10213 7067 19896
4880 15947 26081
26081 4880 15947
15947 4880 26081
10198 14487 25892
25892 10198 14487
14487 10198 25892
29117 16842 25006
25006 16842 29117
16842 25006 29117
24961 27440 27531
27531 24961 27440
27440 24961 27531
29088 8531 8885
8531 8885 29088
8885 8531 29088
5785 21509 24971
24971 5785 21509
21509 5785 24971
11847 17863 24940
24940 11847 17863
17863 11847 24940
14886 11816 23694
11816 14886 23694
23694 11816 14886
322 4801 24208
24208 322 4801
4801 322 24208
25603 12797 24640
24640 12797 25603
12797 24640 25603
27392 8742 9719
9719 8742 27392
8742 9719 27392
2822 23080 26989
26989 2822 23080
23080 2822 26989
12454 15803 16494
15803 12454 16494
16494 12454 15803
7128 4761 24125
24125 4761 7128
4761 7128 24125
25490 390 14466
390 14466 25490
14466 390 25490
20631 8405 26046
26046 8405 20631
8405 20631 26046
25845 2203 22414
2203 22414 25845
22414 2203 25845
22211 8493 14822
14822 8493 22211
8493 14822 22211
4647 15915 15981
15981 4647 15915
15915 4647 15981
16300 23876 26616
23876 16300 26616
26616 16300 23876
18690 23909 26804
23909 18690 26804
26804 18690 23909
18751 24890 28929
28929 18751 24890
24890 18751 28929
15210 10214 27191
10214 15210 27191
27191 10214 15210
24624 7997 17216
7997 17216 24624
17216 7997 24624
18215 4521 9953
4521 9953 18215
9953 4521 18215
16412 11903 29933
29933 11903 16412
11903 16412 29933
25905 5407 6406
6406 5407 25905
5407 6406 25905
5892 2878 19263
19263 2878 5892
2878 5892 19263
8763 10740 16917
10740 8763 16917
16917 8763 10740
2580 24598 29235
29235 2580 24598
24598 2580 29235
20372 4823 21539
4823 20372 21539
21539 4823 20372
14969 21555 22940
21555 14969 22940
22940 14969 21555
4626 21315 24966
24966 4626 21315
21315 4626 24966
23074 10654 19907
10654 19907 23074
19907 10654 23074
17934 24129 27315
27315 17934 24129
24129 17934 27315
22239 2262 15810
15810 2262 22239
2262 15810 22239
3081 11926 14382
11926 3081 14382
14382 3081 11926
8546 13325 19902
13325 8546 19902
19902 8546 13325
29339 935 27397
27397 935 29339
935 27397 29339
1367 1663 9545
9545 1367 1663
1663 1367 9545
7220 12786 21180
12786 7220 21180
21180 7220 12786
24661 310 6025
6025 310 24661
310 6025 24661
26642 3059 16370
3059 16370 26642
16370 3059 26642
8664 23277 26634
26634 8664 23277
23277 8664 26634
25198 4343 28607
4343 25198 28607
28607 4343 25198
19543 5992 15987
15987 5992 19543
5992 15987 19543
24075 6687 27516
27516 6687 24075
6687 24075 27516
29356 684 6015
6015 684 29356
684 6015 29356
3695 10002 27469
10002 3695 27469
27469 3695 10002
27698 5986 27959
5986 27698 27959
27959 5986 27698
20626 7262 9896
9896 7262 20626
7262 9896 20626
21317 21167 29522
21167 21317 29522
29522 21167 21317
18199 4243 27368
4243 18199 27368
27368 4243 18199
1527 6141 19556
19556 1527 6141
6141 1527 19556
23314 7601 28428
28428 7601 23314
7601 23314 28428
793 1325 12547
1325 793 12547
12547 793 1325
18515 65 5878
5878 65 18515
65 5878 18515
17900 11341 29355
29355 11341 17900
11341 17900 29355
12034 8223 9756
8223 9756 12034
9756 8223 12034
7576 16211 27505
27505 7576 16211
16211 7576 27505
29746 3681 5994
5994 3681 29746
3681 5994 29746
5871 3424 13780
13780 3424 5871
3424 5871 13780
4299 26206 28281
28281 4299 26206
26206 4299 28281
14561 9363 12649
9363 12649 14561
12649 9363 14561
5490 22050 27018
22050 5490 27018
27018 5490 22050
13549 3471 13528
3471 13528 13549
13528 3471 13549
28494 161 4006
161 4006 28494
4006 161 28494
17999 8171 28088
8171 17999 28088
28088 8171 17999
24438 19712 28269
19712 24438 28269
28269 19712 24438
22941 2135 19323
19323 2135 22941
2135 19323 22941
9780 21256 25325
25325 9780 21256
21256 9780 25325
11280 7651 12960
7651 11280 12960
12960 7651 11280
7736 26262 28265
26262 7736 28265
28265 7736 26262
28539 26447 27644
26447 27644 28539
27644 26447 28539
2706 22095 25553
25553 2706 22095
22095 2706 25553
20322 5373 8940
5373 8940 20322
8940 5373 20322
9305 17905 23540
23540 9305 17905
17905 9305 23540
11602 26926 28706
28706 11602 26926
26926 11602 28706
20732 7627 28977
28977 7627 20732
7627 20732 28977
8854 12799 15822
15822 8854 12799
12799 8854 15822
12806 7439 26580
26580 7439 12806
7439 12806 26580
23238 24944 25917
24944 23238 25917
25917 23238 24944
15707 15639 26914
26914 15639 15707
15639 15707 26914
2941 8250 26686
8250 2941 26686
26686 2941 8250
25133 3133 5386
5386 3133 25133
3133 5386 25133
21340 8107 27900
8107 21340 27900
27900 8107 21340
10761 6156 16838
6156 10761 16838
16838 6156 10761
27478 5070 25249
25249 5070 27478
5070 25249 27478
23377 16637 21757
16637 21757 23377
21757 16637 23377
11815 20027 20692
20692 11815 20027
20027 11815 20692
24493 10459 27476
27476 10459 24493
10459 24493 27476
2654 8118 18975
8118 2654 18975
18975 2654 8118
9691 21066 29582
29582 9691 21066
21066 9691 29582
2303 11283 19442
19442 2303 11283
11283 2303 19442
2161 2498 8031
2498 2161 8031
8031 2161 2498
21313 1764 25866
1764 21313 25866
25866 1764 21313
26811 19280 27890
27890 19280 26811
19280 26811 27890
20680 13622 27312
27312 13622 20680
13622 20680 27312
16 194 16570
16570 16 194
194 16 16570
29420 3417 3899
3899 3417 29420
3417 3899 29420
24596 2983 26829
26829 2983 24596
2983 24596 26829
20083 188 23315
188 20083 23315
23315 188 20083
6600 7624 21635
7624 6600 21635
21635 6600 7624
24988 111 250
111 250 24988
250 111 24988
21255 5819 22617
5819 21255 22617
22617 5819 21255
2308 9609 22208
9609 2308 22208
22208 2308 9609
325 19027 27921
19027 325 27921
27921 325 19027
18319 10161 16893
16893 10161 18319
10161 16893 18319
26727 5901 5968
5968 5901 26727
5901 5968 26727
24252 5776 27307
27307 5776 24252
5776 24252 27307
17428 9552 19405
19405 9552 17428
9552 17428 19405
28040 7271 14033
7271 14033 28040
14033 7271 28040
10417 2416 23993
2416 10417 23993
23993 2416 10417
6604 17608 29334
17608 6604 29334
29334 6604 17608
23342 17925 27067
27067 17925 23342
17925 23342 27067
21514 5445 21746
21746 5445 21514
5445 21514 21746
20445 17130 20811
20811 17130 20445
17130 20445 20811
2837 1405 17113
17113 1405 2837
1405 2837 17113
6300 3726 29687
29687 3726 6300
3726 6300 29687
26675 6895 17545
6895 17545 26675
17545 6895 26675
228 13536 22457
22457 228 13536
13536 228 22457
501 16089 24413
24413 501 16089
16089 501 24413
9019 15577 22957
15577 9019 22957
22957 9019 15577
3506 726 20063
726 3506 20063
20063 726 3506
18638 20153 21772
20153 18638 21772
21772 18638 20153
11209 3263 18848
3263 11209 18848
18848 3263 11209
18985 8760 26480
8760 18985 26480
26480 8760 18985
3359 4412 24929
4412 3359 24929
24929 3359 4412
2250 16052 26392
16052 2250 26392
26392 2250 16052
24139 6309 21869
21869 6309 24139
6309 21869 24139
21157 320 13951
13951 320 21157
320 13951 21157
27319 15732 27818
27818 15732 27319
15732 27319 27818
24525 11600 24111
11600 24111 24525
24111 11600 24525
26482 6075 13747
13747 6075 26482
6075 13747 26482
28960 2619 26931
26931 2619 28960
2619 26931 28960
14883 10495 12204
10495 12204 14883
12204 10495 14883
24504 2925 26531
2925 24504 26531
26531 2925 24504
4958 6150 29353
6150 4958 29353
29353 4958 6150
7207 8036 9526
8036 7207 9526
9526 7207 8036
16863 7066 8432
7066 8432 16863
8432 7066 16863
12489 17762 29438
29438 12489 17762
17762 12489 29438
14108 23894 25288
23894 14108 25288
25288 14108 23894
25659 10689 27948
27948 10689 25659
10689 25659 27948
18382 10577 23625
23625 10577 18382
10577 18382 23625
6985 4606 19471
19471 4606 6985
4606 6985 19471
12999 5368 12449
12449 5368 12999
5368 12449 12999
9596 3807 11663
11663 3807 9596
3807 9596 11663
3586 12090 13526
13526 3586 12090
12090 3586 13526
23604 182 12737
12737 182 23604
182 12737 23604
28152 14073 27027
27027 14073 28152
14073 27027 28152
6450 5889 13285
13285 5889 6450
5889 6450 13285
7811 4122 29518
4122 7811 29518
29518 4122 7811
20979 2946 22074
2946 20979 22074
22074 2946 20979
28463 13344 28642
28642 13344 28463
13344 28463 28642
11954 1765 20093
20093 1765 11954
1765 11954 20093
15531 19175 20923
19175 15531 20923
20923 15531 19175
8540 6845 11027
11027 6845 8540
6845 8540 11027
5033 3092 23375
3092 5033 23375
23375 3092 5033
29411 6805 9622
6805 9622 29411
9622 6805 29411
8850 6606 11148
11148 6606 8850
6606 8850 11148
15456 7368 18476
18476 7368 15456
7368 15456 18476
21292 15643 19090
19090 15643 21292
15643 19090 21292
1145 743 28342
28342 743 1145
743 1145 28342
9803 12375 20192
20192 9803 12375
12375 9803 20192
15824 68 27193
68 15824 27193
27193 68 15824
20335 1245 19662
1245 19662 20335
19662 1245 20335
125 3561 14182
3561 125 14182
14182 125 3561
5787 2001 6859
6859 2001 5787
2001 5787 6859
4157 13172 18755
13172 4157 18755
18755 4157 13172
20664 12885 15819
12885 15819 20664
15819 12885 20664
8217 4121 18765
18765 4121 8217
4121 8217 18765
15592 681 1627
681 1627 15592
1627 681 15592
17223 5349 29618
5349 17223 29618
29618 5349 17223
24694 16930 22864
22864 16930 24694
16930 22864 24694
23313 11740 20624
20624 11740 23313
11740 20624 23313
19138 11541 22739
11541 19138 22739
22739 11541 19138
20792 21187 22273
22273 20792 21187
21187 20792 22273
8969 27326 27857
27326 8969 27857
27857 8969 27326
9404 6100 9076
6100 9076 9404
9076 6100 9404
23715 9135 28657
9135 23715 28657
28657 9135 23715
21756 3000 10642
10642 3000 21756
3000 10642 21756
20465 28343 29015
29015 20465 28343
28343 20465 29015
28862 11987 22458
22458 11987 28862
11987 22458 28862
16938 23957 27915
23957 16938 27915
27915 16938 23957
15012 19549 28738
19549 15012 28738
28738 15012 19549
7320 15401 24859
24859 7320 15401
15401 7320 24859
4450 22523 28992
22523 4450 28992
28992 4450 22523
17162 19340 28615
28615 17162 19340
19340 17162 28615
25070 19 16858
16858 19 25070
19 16858 25070
2057 25829 26816
26816 2057 25829
25829 2057 26816
18812 761 19882
19882 761 18812
761 18812 19882
26693 15513 28778
15513 26693 28778
28778 15513 26693
9647 4090 15597
15597 4090 9647
4090 9647 15597
13759 18908 23724
18908 13759 23724
23724 13759 18908
26028 23584 27209
27209 23584 26028
23584 26028 27209
14449 14932 15830
14932 14449 15830
15830 14449 14932
21794 2286 28854
28854 2286 21794
2286 21794 28854
26599 16555 26396
16555 26396 26599
26396 16555 26599
8636 7340 10113
10113 7340 8636
7340 8636 10113
18819 6018 15253
6018 15253 18819
15253 6018 18819
27526 610 27150
27150 610 27526
610 27150 27526
17533 447 2803
447 2803 17533
2803 447 17533
15547 470 3024
470 3024 15547
3024 470 15547
7018 21505 22219
22219 7018 21505
21505 7018 22219
14232 22808 25923
25923 14232 22808
22808 14232 25923
18018 4676 9417
9417 4676 18018
4676 9417 18018
2655 20867 30000
20867 2655 30000
30000 2655 20867
5545 6409 21718
21718 5545 6409
6409 5545 21718
2414 21649 27441
21649 2414 27441
27441 2414 21649
2748 6911 6915
6915 2748 6911
6911 2748 6915
29506 6204 25094
25094 6204 29506
6204 25094 29506
20067 1176 9985
9985 1176 20067
1176 9985 20067
21053 9888 26027
9888 21053 26027
26027 9888 21053
20430 21232 25697
21232 20430 25697
25697 20430 21232
5834 8793 22798
8793 5834 22798
22798 5834 8793
19768 10830 11307
10830 11307 19768
11307 10830 19768
23108 14315 15054
15054 14315 23108
14315 15054 23108
3541 5414 12468
5414 3541 12468
12468 3541 5414
17818 14054 14631
14054 14631 17818
14631 14054 17818
27686 16973 21854
16973 21854 27686
21854 16973 27686
12750 6381 7503
7503 6381 12750
6381 7503 12750
6049 7482 15683
15683 6049 7482
7482 6049 15683
8037 12233 17157
17157 8037 12233
12233 8037 17157
21525 2356 10174
2356 10174 21525
10174 2356 21525
19943 7081 12981
12981 7081 19943
7081 12981 19943
9811 12301 24118
24118 9811 12301
12301 9811 24118
17836 16234 28036
16234 17836 28036
28036 16234 17836
18221 5276 16117
5276 16117 18221
16117 5276 18221
337 7561 8244
7561 337 8244
8244 337 7561
12071 10102 10481
10481 10102 12071
10102 10481 12071
29823 4189 10831
4189 10831 29823
10831 4189 29823
26629 3342 16954
3342 16954 26629
16954 3342 26629
21252 1958 26183
1958 21252 26183
26183 1958 21252
29847 11340 17637
11340 17637 29847
17637 11340 29847
28382 1338 15556
15556 1338 28382
1338 15556 28382
26362 19389 26442
26442 19389 26362
19389 26362 26442
19698 13928 23204
23204 13928 19698
13928 19698 23204
23961 10566 21347
21347 10566 23961
10566 21347 23961
4422 7764 10984
7764 4422 10984
10984 4422 7764
7290 20170 29780
29780 7290 20170
20170 7290 29780
5176 25755 28279
28279 5176 25755
25755 5176 28279
1558 27379 27922
27922 1558 27379
27379 1558 27922
1169 13509 18806
13509 1169 18806
18806 1169 13509
2770 2240 12189
12189 2240 2770
2240 2770 12189
10001 3697 10394
10394 3697 10001
3697 10001 10394
22854 7394 8040
8040 7394 22854
7394 8040 22854
15757 16797 28055
16797 15757 28055
28055 15757 16797
1026 14694 22067
22067 1026 14694
14694 1026 22067
18979 19428 29581
29581 18979 19428
19428 18979 29581
1463 9625 26866
26866 1463 9625
9625 1463 26866
13743 14404 17253
17253 13743 14404
14404 13743 17253
27749 14027 16710
16710 14027 27749
14027 16710 27749
17846 613 21578
613 17846 21578
21578 613 17846
2514 15913 24514
15913 2514 24514
24514 2514 15913
2613 23916 24380
23916 2613 24380
24380 2613 23916
15566 5223 29387
29387 5223 15566
5223 15566 29387
7908 14198 28996
28996 7908 14198
14198 7908 28996
15425 15331 25381
25381 15331 15425
15331 15425 25381
16634 6899 18037
6899 16634 18037
18037 6899 16634
22345 655 10084
10084 655 22345
655 10084 22345
2815 3696 25951
25951 2815 3696
3696 2815 25951
26163 2479 16344
2479 16344 26163
16344 2479 26163
21001 13405 19218
13405 19218 21001
19218 13405 21001
12836 7063 21156
21156 7063 12836
7063 12836 21156
10992 1085 5730
1085 5730 10992
5730 1085 10992
13633 8943 28754
28754 8943 13633
8943 13633 28754
11441 7232 26352
26352 7232 11441
7232 11441 26352
24425 10376 11032
11032 10376 24425
10376 11032 24425
28673 9994 21221
9994 21221 28673
21221 9994 28673
10273 11138 28128
11138 10273 28128
28128 10273 11138
27111 1664 1964
1664 1964 27111
1964 1664 27111
8880 10646 17478
17478 8880 10646
10646 8880 17478
29249 7104 13189
7104 13189 29249
13189 7104 29249
19159 5422 19675
5422 19159 19675
19675 5422 19159
25122 4170 4784
4784 4170 25122
4170 4784 25122
23234 10321 27251
10321 23234 27251
27251 10321 23234
11118 21887 26331
26331 11118 21887
21887 11118 26331
2031 6004 21023
21023 2031 6004
6004 2031 21023
25997 3627 21689
21689 3627 25997
3627 21689 25997
2289 12149 18542
12149 2289 18542
18542 2289 12149
9952 21367 28519
28519 9952 21367
21367 9952 28519
21406 4523 17282
17282 4523 21406
4523 17282 21406
14725 4176 14165
4176 14165 14725
14165 4176 14725
27978 948 16466
16466 948 27978
948 16466 27978
12891 3816 6244
6244 3816 12891
3816 6244 12891
8678 2032 12910
12910 2032 8678
2032 8678 12910
8583 18041 21457
21457 8583 18041
18041 8583 21457
21701 26235 29712
29712 21701 26235
26235 21701 29712
22759 9801 11317
11317 9801 22759
9801 11317 22759
17063 24914 25001
24914 17063 25001
25001 17063 24914
7236 10628 22863
22863 7236 10628
10628 7236 22863
24042 20641 28385
28385 20641 24042
20641 24042 28385
12870 171 642
171 642 12870
642 171 12870
14735 16082 22197
16082 14735 22197
22197 14735 16082
2100 20419 24457
24457 2100 20419
20419 2100 24457
13646 7055 15333
7055 13646 15333
15333 7055 13646
13556 2122 21591
2122 13556 21591
21591 2122 13556
21489 4526 16774
4526 16774 21489
16774 4526 21489
1012 12330 16666
16666 1012 12330
12330 1012 16666
24256 2267 10524
10524 2267 24256
2267 10524 24256
29967 13472 29596
13472 29596 29967
29596 13472 29967
2604 2889 15020
2889 2604 15020
15020 2604 2889
570 10096 12758
12758 570 10096
10096 570 12758
3588 4867 17043
4867 3588 17043
17043 3588 4867
8878 20055 27166
27166 8878 20055
20055 8878 27166
15438 1953 15690
1953 15438 15690
15690 1953 15438
24519 18534 25839
18534 24519 25839
25839 18534 24519
20460 9245 21714
21714 9245 20460
9245 20460 21714
18793 14115 26247
14115 18793 26247
26247 14115 18793
25838 4497 19738
4497 19738 25838
19738 4497 25838
28951 2314 25077
25077 2314 28951
2314 25077 28951
2276 14703 28288
14703 2276 28288
28288 2276 14703
22823 20424 22021
20424 22021 22823
22021 20424 22823
7369 4046 17599
17599 4046 7369
4046 7369 17599
18546 5035 17744
5035 17744 18546
17744 5035 18546
17060 2687 4604
2687 4604 17060
4604 2687 17060
1817 268 17444
268 1817 17444
17444 268 1817
12014 2517 7015
7015 2517 12014
2517 7015 12014
3170 353 23073
353 3170 23073
23073 353 3170
12829 2758 11515
2758 11515 12829
11515 2758 12829
9407 3499 27187
27187 3499 9407
3499 9407 27187
6702 17225 23361
23361 6702 17225
17225 6702 23361
28886 23675 24016
24016 23675 28886
23675 24016 28886
26305 2245 11469
2245 11469 26305
11469 2245 26305
18021 9395 23095
23095 9395 18021
9395 18021 23095
27558 2447 17681
2447 17681 27558
17681 2447 27558
24896 25269 25573
25269 24896 25573
25573 24896 25269
20562 17566 28160
17566 20562 28160
28160 17566 20562
27171 3607 18030
18030 3607 27171
3607 18030 27171
10450 8323 27917
27917 8323 10450
8323 10450 27917
3259 15266 28110
15266 3259 28110
28110 3259 15266
4055 10068 27316
10068 4055 27316
27316 4055 10068
8662 15393 22762
22762 8662 15393
15393 8662 22762
18680 23467 26058
23467 18680 26058
26058 18680 23467
16552 1825 5697
1825 5697 16552
5697 1825 16552
9921 16249 21262
21262 9921 16249
16249 9921 21262
4194 22002 25044
25044 4194 22002
22002 4194 25044
27768 8221 11011
8221 11011 27768
11011 8221 27768
8716 20988 24460
24460 8716 20988
20988 8716 24460
25864 6442 17191
6442 17191 25864
17191 6442 25864
5129 5171 5354
5171 5129 5354
5354 5129 5171
13257 3733 18138
3733 13257 18138
18138 3733 13257
10944 28396 29811
29811 10944 28396
28396 10944 29811
27208 8264 19845
8264 19845 27208
19845 8264 27208
14957 1545 12968
1545 12968 14957
12968 1545 14957
562 13461 23054
23054 562 13461
13461 562 23054
16556 14123 25112
14123 16556 25112
25112 14123 16556
3670 411 11581
411 3670 11581
11581 411 3670
3631 9751 10662
10662 3631 9751
9751 3631 10662
20658 1063 10595
1063 10595 20658
10595 1063 20658
6473 10373 12390
10373 6473 12390
12390 6473 10373
28362 14363 19984
14363 19984 28362
19984 14363 28362
303 2818 6953
6953 303 2818
2818 303 6953
10486 19926 21636
19926 10486 21636
21636 10486 19926
10804 3576 19818
19818 3576 10804
3576 10804 19818
16529 9648 28699
28699 9648 16529
9648 16529 28699
19461 14894 25666
14894 19461 25666
25666 14894 19461
196 15170 26148
26148 196 15170
15170 196 26148
4227 5403 11716
5403 4227 11716
11716 4227 5403
2399 4807 12283
12283 2399 4807
4807 2399 12283
7629 1754 14133
1754 7629 14133
14133 1754 7629
25509 3853 9340
9340 3853 25509
3853 9340 25509
10239 3338 11707
3338 10239 11707
11707 3338 10239
17942 4257 6336
4257 6336 17942
6336 4257 17942
8758 4673 29225
29225 4673 8758
4673 8758 29225
26722 6926 18494
6926 18494 26722
18494 6926 26722
13846 2820 27286
27286 2820 13846
2820 13846 27286
2967 14055 17425
17425 2967 14055
14055 2967 17425
17204 24607 29647
29647 17204 24607
24607 17204 29647
16878 14741 18898
14741 16878 18898
18898 14741 16878
6448 24987 28591
24987 6448 28591
28591 6448 24987
7552 2364 9663
2364 7552 9663
9663 2364 7552
97 625 822
822 97 625
625 97 822
23545 15868 19043
15868 19043 23545
19043 15868 23545
6690 3135 27340
27340 3135 6690
3135 6690 27340
8468 1391 11025
11025 1391 8468
1391 8468 11025
9143 7905 8863
7905 8863 9143
8863 7905 9143
3195 14095 21321
21321 3195 14095
14095 3195 21321
7035 5689 21891
5689 7035 21891
21891 5689 7035
22914 3262 10814
3262 10814 22914
10814 3262 22914
22097 3793 26420
3793 22097 26420
26420 3793 22097
26003 15294 27494
27494 15294 26003
15294 26003 27494
27993 4688 18735
4688 18735 27993
18735 4688 27993
27298 22308 26940
22308 26940 27298
26940 22308 27298
9382 3618 17224
17224 3618 9382
3618 9382 17224
3291 21318 23597
21318 3291 23597
23597 3291 21318
26354 9879 23889
23889 9879 26354
9879 23889 26354
7133 219 27365
219 7133 27365
27365 219 7133
13118 7433 21483
21483 7433 13118
7433 13118 21483
15609 3690 7509
7509 3690 15609
3690 7509 15609
11539 405 17473
17473 405 11539
405 11539 17473
14374 1270 13532
13532 1270 14374
1270 13532 14374
6374 3855 14746
3855 6374 14746
14746 3855 6374
23488 3308 16404
3308 16404 23488
16404 3308 23488
24782 15418 24441
15418 24441 24782
24441 15418 24782
24480 10023 17074
10023 17074 24480
17074 10023 24480
5806 5047 8075
5047 5806 8075
8075 5047 5806
19519 9151 18798
9151 18798 19519
18798 9151 19519
9469 1197 23547
23547 1197 9469
1197 9469 23547
13462 18131 28521
28521 13462 18131
18131 13462 28521
7300 17011 19343
17011 7300 19343
19343 7300 17011
29680 13695 14211
14211 13695 29680
13695 14211 29680
5778 7933 15063
7933 5778 15063
15063 5778 7933
12043 20871 26781
20871 12043 26781
26781 12043 20871
3508 19239 27460
27460 3508 19239
19239 3508 27460
11797 20380 25763
25763 11797 20380
20380 11797 25763
1177 7846 8253
8253 1177 7846
7846 1177 8253
12635 5622 9980
9980 5622 12635
5622 9980 12635
23738 14825 18237
14825 18237 23738
18237 14825 23738
11949 1334 25549
1334 11949 25549
25549 1334 11949
24239 11099 27000
27000 11099 24239
11099 24239 27000
1345 4171 25657
25657 1345 4171
4171 1345 25657
4575 5127 6786
6786 4575 5127
5127 4575 6786
20074 9504 19364
19364 9504 20074
9504 19364 20074
26995 3674 7310
7310 3674 26995
3674 7310 26995
11483 10620 24350
10620 11483 24350
24350 10620 11483
9387 12282 16592
12282 9387 16592
16592 9387 12282
526 3115 15468
3115 526 15468
15468 526 3115
12565 2189 10240
10240 2189 12565
2189 10240 12565
3872 14697 17629
14697 3872 17629
17629 3872 14697
29436 2561 14136
2561 14136 29436
14136 2561 29436
22160 15351 28636
15351 22160 28636
28636 15351 22160
2228 22837 25612
25612 2228 22837
22837 2228 25612
16268 255 1802
1802 255 16268
255 1802 16268
28289 14899 18772
14899 18772 28289
18772 14899 28289
29895 6769 23815
23815 6769 29895
6769 23815 29895
1851 12879 23462
23462 1851 12879
12879 1851 23462
13945 13443 24887
24887 13443 13945
13443 13945 24887
9916 3706 26562
3706 9916 26562
26562 3706 9916
23975 4017 5392
4017 5392 23975
5392 4017 23975
20513 22518 22964
22964 20513 22518
22518 20513 22964
25572 25185 25223
25223 25185 25572
25185 25223 25572
27058 9963 27785
9963 27058 27785
27785 9963 27058
26131 15042 27464
15042 26131 27464
27464 15042 26131
15961 2383 21737
21737 2383 15961
2383 15961 21737
20297 7712 14742
7712 14742 20297
14742 7712 20297
754 18623 25689
18623 754 25689
25689 754 18623
1944 5155 6403
5155 1944 6403
6403 1944 5155
25610 12004 17970
12004 17970 25610
17970 12004 25610
18387 9531 17853
9531 17853 18387
17853 9531 18387
7603 23871 28135
23871 7603 28135
28135 7603 23871
239 5663 25576
5663 239 25576
25576 239 5663
1451 20884 28074
28074 1451 20884
20884 1451 28074
18146 16780 20697
16780 18146 20697
20697 16780 18146
23662 19079 20817
20817 19079 23662
19079 20817 23662
20045 47 5492
47 5492 20045
5492 47 20045
12350 9743 17976
17976 9743 12350
9743 12350 17976
14302 357 24057
357 14302 24057
24057 357 14302
23175 20425 22924
20425 22924 23175
22924 20425 23175
15205 9133 27496
9133 15205 27496
27496 9133 15205
864 14100 18220
14100 864 18220
18220 864 14100
16012 395 29597
395 16012 29597
29597 395 16012
22041 1199 12013
12013 1199 22041
1199 12013 22041
4615 4543 4973
4543 4615 4973
4973 4543 4615
4216 7466 15026
15026 4216 7466
7466 4216 15026
261 16496 19449
16496 261 19449
19449 261 16496
23808 18454 28009
28009 18454 23808
18454 23808 28009
23461 11986 17125
17125 11986 23461
11986 17125 23461
5270 10005 29421
10005 5270 29421
29421 5270 10005
21593 11040 17241
11040 17241 21593
17241 11040 21593
107 2959 12138
2959 107 12138
12138 107 2959
8241 7285 13718
13718 7285 8241
7285 8241 13718
20798 20187 24127
24127 20187 20798
20187 20798 24127
5580 5874 15154
15154 5580 5874
5874 5580 15154
8434 12694 28175
28175 8434 12694
12694 8434 28175
8324 17007 24182
17007 8324 24182
24182 8324 17007
26721 13588 15115
13588 15115 26721
15115 13588 26721
19097 20389 22870
22870 19097 20389
20389 19097 22870
28893 16524 21556
16524 21556 28893
21556 16524 28893
23344 13382 25053
25053 13382 23344
13382 23344 25053
20573 6268 15209
6268 15209 20573
15209 6268 20573
29662 13088 15200
13088 15200 29662
15200 13088 29662
15651 2328 21455
21455 2328 15651
2328 15651 21455
394 7440 23367
7440 394 23367
23367 394 7440
2501 3030 29072
3030 2501 29072
29072 2501 3030
22472 15109 28001
28001 15109 22472
15109 22472 28001
25281 2522 6524
6524 2522 25281
2522 6524 25281
14908 8645 22850
22850 8645 14908
8645 14908 22850
25827 9881 21161
9881 21161 25827
21161 9881 25827
18747 23647 29077
29077 18747 23647
23647 18747 29077
13858 1894 27175
27175 1894 13858
1894 13858 27175
23257 7421 7591
7591 7421 23257
7421 7591 23257
24185 21121 27594
27594 21121 24185
21121 24185 27594
17926 2016 7153
7153 2016 17926
2016 7153 17926
28852 7519 17828
17828 7519 28852
7519 17828 28852
21660 10380 16425
16425 10380 21660
10380 16425 21660
26412 14880 17300
17300 14880 26412
14880 17300 26412
9074 21844 24297
21844 9074 24297
24297 9074 21844
8582 11702 29386
11702 8582 29386
29386 8582 11702
19919 6933 23842
6933 19919 23842
23842 6933 19919
9971 16013 17273
16013 9971 17273
17273 9971 16013
18836 2400 14590
14590 2400 18836
2400 14590 18836
10724 7992 11161
7992 10724 11161
11161 7992 10724
12807 11913 12269
12269 11913 12807
11913 12269 12807
15742 8321 28701
28701 8321 15742
8321 15742 28701
25339 5551 14250
5551 14250 25339
14250 5551 25339
4648 21109 28796
28796 4648 21109
21109 4648 28796
29363 12920 22905
12920 22905 29363
22905 12920 29363
14772 11889 18231
11889 14772 18231
18231 11889 14772
6005 1255 7695
7695 1255 6005
1255 6005 7695
27317 7263 22165
22165 7263 27317
7263 22165 27317
15929 13853 15679
15679 13853 15929
13853 15679 15929
9636 10115 27010
10115 9636 27010
27010 9636 10115
10340 21870 29559
21870 10340 29559
29559 10340 21870
9590 1916 16092
1916 9590 16092
16092 1916 9590
11833 12590 22365
22365 11833 12590
12590 11833 22365
22008 1251 4020
4020 1251 22008
1251 4020 22008
12752 5609 18491
18491 5609 12752
5609 12752 18491
14365 1751 8492
1751 8492 14365
8492 1751 14365
27912 27301 27815
27301 27815 27912
27815 27301 27912
10803 2315 13906
13906 2315 10803
2315 10803 13906
22070 23812 26394
23812 22070 26394
26394 22070 23812
5657 8421 8898
8898 5657 8421
8421 5657 8898
14383 15650 27573
15650 14383 27573
27573 14383 15650
15483 6529 10064
10064 6529 15483
6529 10064 15483
24974 547 4791
4791 547 24974
547 4791 24974
25819 12646 28934
12646 25819 28934
28934 12646 25819
4679 2727 21910
2727 4679 21910
21910 2727 4679
2771 1537 10387
10387 1537 2771
1537 2771 10387
26207 12323 14721
14721 12323 26207
12323 14721 26207
4531 18582 22810
18582 4531 22810
22810 4531 18582
9829 5928 15281
5928 9829 15281
15281 5928 9829
28303 7924 29546
7924 28303 29546
29546 7924 28303
15003 12537 29219
12537 15003 29219
29219 12537 15003
29381 7728 21368
21368 7728 29381
7728 21368 29381
29649 14436 26463
14436 26463 29649
26463 14436 29649
23937 3640 4522
3640 4522 23937
4522 3640 23937
4889 20663 26388
26388 4889 20663
20663 4889 26388
22843 8101 9992
9992 8101 22843
8101 9992 22843
16478 9352 28664
28664 9352 16478
9352 16478 28664
12875 826 24503
826 12875 24503
24503 826 12875
7338 52 28011
52 7338 28011
28011 52 7338
3333 6389 22513
22513 3333 6389
6389 3333 22513
27284 17962 20198
20198 17962 27284
17962 20198 27284
13432 21305 24665
21305 13432 24665
24665 13432 21305
18305 89 12176
12176 89 18305
89 12176 18305
8190 15946 19758
15946 8190 19758
19758 8190 15946
2505 7200 26014
7200 2505 26014
26014 2505 7200
16736 12830 14130
14130 12830 16736
12830 14130 16736
6159 9959 28764
28764 6159 9959
9959 6159 28764
17005 13180 20529
20529 13180 17005
13180 17005 20529
19842 16534 20433
20433 16534 19842
16534 19842 20433
19974 1167 3891
1167 3891 19974
3891 1167 19974
2313 5946 23855
5946 2313 23855
23855 2313 5946
25227 354 8765
354 8765 25227
8765 354 25227
14002 5159 26425
26425 5159 14002
5159 14002 26425
28577 23418 23483
23418 23483 28577
23483 23418 28577
22778 1254 19742
19742 1254 22778
1254 19742 22778
14990 1271 23653
23653 1271 14990
1271 14990 23653
18174 13614 29197
13614 18174 29197
29197 13614 18174
29295 16469 24240
16469 24240 29295
24240 16469 29295
3863 16521 28814
16521 3863 28814
28814 3863 16521
3325 8039 27026
8039 3325 27026
27026 3325 8039
26128 17243 19659
19659 17243 26128
17243 19659 26128
23147 1922 16567
16567 1922 23147
1922 16567 23147
2543 23330 29699
23330 2543 29699
29699 2543 23330
19059 692 16225
692 16225 19059
16225 692 19059
21096 19082 19688
19082 19688 21096
19688 19082 21096
8618 6119 8185
6119 8185 8618
8185 6119 8618
17472 15491 20076
15491 17472 20076
20076 15491 17472
4331 10687 28348
10687 4331 28348
28348 4331 10687
13093 15464 23206
15464 13093 23206
23206 13093 15464
2148 6928 21312
21312 2148 6928
6928 2148 21312
8720 15968 18160
15968 8720 18160
18160 8720 15968
11839 17912 23880
23880 11839 17912
17912 11839 23880
2766 14431 27620
27620 2766 14431
14431 2766 27620
14789 18639 21243
21243 14789 18639
18639 14789 21243
10876 3948 23987
23987 3948 10876
3948 10876 23987
4393 9508 28376
28376 4393 9508
9508 4393 28376
6618 461 10367
461 6618 10367
10367 461 6618
13871 11019 19350
11019 13871 19350
19350 11019 13871
16581 7136 25729
25729 7136 16581
7136 16581 25729
2083 3550 10471
3550 2083 10471
10471 2083 3550
28729 5974 7299
5974 7299 28729
7299 5974 28729
21261 6948 14572
6948 14572 21261
14572 6948 21261
26125 1 852
1 852 26125
852 1 26125
7415 699 3616
3616 699 7415
699 3616 7415
8686 5140 22547
5140 8686 22547
22547 5140 8686
14229 7277 17656
17656 7277 14229
7277 14229 17656
28380 13651 14949
13651 14949 28380
14949 13651 28380
18431 27044 28264
27044 18431 28264
28264 18431 27044
29490 17518 22521
22521 17518 29490
17518 22521 29490
13406 7975 14164
7975 13406 14164
14164 7975 13406
19249 24004 28194
24004 19249 28194
28194 19249 24004
27884 3495 26764
3495 26764 27884
26764 3495 27884
118 11959 16829
16829 118 11959
11959 118 16829
17611 19586 23301
23301 17611 19586
19586 17611 23301
3911 17582 19763
17582 3911 19763
19763 3911 17582
20485 15289 21563
21563 15289 20485
15289 20485 21563
12290 2679 25058
25058 2679 12290
2679 12290 25058
9276 20384 29447
20384 9276 29447
29447 9276 20384
9288 658 10197
10197 658 9288
658 9288 10197
25479 3849 11034
11034 3849 25479
3849 11034 25479
15090 5380 10348
5380 10348 15090
10348 5380 15090
6470 5027 23706
23706 5027 6470
5027 6470 23706
14945 17527 23965
17527 14945 23965
23965 14945 17527
25364 9378 27051
9378 25364 27051
27051 9378 25364
12921 15590 26188
26188 12921 15590
15590 12921 26188
20110 3060 29052
3060 20110 29052
29052 3060 20110
10982 1212 13503
1212 10982 13503
13503 1212 10982
3413 8614 11222
11222 3413 8614
8614 3413 11222
25604 3422 3484
3422 3484 25604
3484 3422 25604
26559 637 4382
4382 637 26559
637 4382 26559
3988 2848 10688
10688 2848 3988
2848 3988 10688
6492 13036 16871
16871 6492 13036
13036 6492 16871
13151 14673 17902
14673 13151 17902
17902 13151 14673
11530 9975 14350
14350 9975 11530
9975 11530 14350
5377 20835 25649
20835 5377 25649
25649 5377 20835
20928 7725 9582
7725 9582 20928
9582 7725 20928
13989 8509 28772
8509 13989 28772
28772 8509 13989
10519 17177 19783
19783 10519 17177
17177 10519 19783
16672 2984 20934
20934 2984 16672
2984 16672 20934
19041 10754 13626
13626 10754 19041
10754 13626 19041
16995 5371 28687
5371 16995 28687
28687 5371 16995
7756 7935 13220
13220 7756 7935
7935 7756 13220
16218 14053 19829
19829 14053 16218
14053 16218 19829
2124 3467 24466
24466 2124 3467
3467 2124 24466
7052 18117 22761
22761 7052 18117
18117 7052 22761
27850 950 2227
950 2227 27850
2227 950 27850
16229 8444 9842
9842 8444 16229
8444 9842 16229
23960 6628 10698
10698 6628 23960
6628 10698 23960
9525 6640 22669
22669 6640 9525
6640 9525 22669
4351 6371 29626
29626 4351 6371
6371 4351 29626
13966 19788 26560
19788 13966 26560
26560 13966 19788
14705 9033 23877
9033 14705 23877
23877 9033 14705
22407 18236 24840
24840 18236 22407
18236 22407 24840
20505 11197 27049
11197 20505 27049
27049 11197 20505
11538 1115 28999
28999 1115 11538
1115 11538 28999
28081 6026 18343
18343 6026 28081
6026 18343 28081
21565 25638 26000
25638 21565 26000
26000 21565 25638
27895 130 4582
4582 130 27895
130 4582 27895
830 21057 26584
26584 830 21057
21057 830 26584
4554 2096 21740
2096 4554 21740
21740 2096 4554
4378 2868 22323
22323 2868 4378
2868 4378 22323
575 5233 25375
5233 575 25375
25375 575 5233
29854 9216 20314
9216 20314 29854
20314 9216 29854
15561 4152 18524
4152 15561 18524
18524 4152 15561
13399 3383 14758
3383 13399 14758
14758 3383 13399
21012 6701 17606
6701 17606 21012
17606 6701 21012
27227 23191 25925
25925 23191 27227
23191 25925 27227
6427 7148 9902
7148 6427 9902
9902 6427 7148
11700 16146 20603
16146 11700 20603
20603 11700 16146
14503 20281 20449
20449 14503 20281
20281 14503 20449
13736 4681 19607
19607 4681 13736
4681 13736 19607
17593 1897 2037
1897 2037 17593
2037 1897 17593
5327 18622 24141
18622 5327 24141
24141 5327 18622
15806 14491 21304
14491 15806 21304
21304 14491 15806
29247 1792 26825
26825 1792 29247
1792 26825 29247
19858 10598 19287
19287 10598 19858
10598 19287 19858
1608 1638 11796
1638 1608 11796
11796 1608 1638
8296 7224 11637
7224 8296 11637
11637 7224 8296
11744 1623 25542
1623 11744 25542
25542 1623 11744
3554 11972 21117
21117 3554 11972
11972 3554 21117
27348 11217 17822
17822 11217 27348
11217 17822 27348
11627 20918 29243
29243 11627 20918
20918 11627 29243
15386 7072 21865
7072 15386 21865
21865 7072 15386
12673 8424 18822
8424 12673 18822
18822 8424 12673
6506 13268 22317
22317 6506 13268
13268 6506 22317
4300 10535 13851
10535 4300 13851
13851 4300 10535
7229 5848 9269
5848 7229 9269
9269 5848 7229
765 594 26810
594 765 26810
26810 594 765
22745 17397 24836
24836 17397 22745
17397 22745 24836
15127 19937 24801
24801 15127 19937
19937 15127 24801
12056 771 7759
771 7759 12056
7759 771 12056
28143 4767 28015
28015 4767 28143
4767 28015 28143
16104 1086 12128
1086 12128 16104
12128 1086 16104
2910 6857 24407
6857 2910 24407
24407 2910 6857
27177 13575 22315
22315 13575 27177
13575 22315 27177
20895 11294 18002
18002 11294 20895
11294 18002 20895
22934 14341 23332
14341 22934 23332
23332 14341 22934
3465 5702 24580
24580 3465 5702
5702 3465 24580
22350 13831 20448
13831 20448 22350
20448 13831 22350
2331 15323 18580
15323 2331 18580
18580 2331 15323
29942 21140 24018
21140 24018 29942
24018 21140 29942
23295 16447 22494
16447 22494 23295
22494 16447 23295
8073 13377 17136
13377 8073 17136
17136 8073 13377
17450 9108 25621
9108 17450 25621
25621 9108 17450
9284 9163 10147
9163 9284 10147
10147 9163 9284
16723 1070 25037
25037 1070 16723
1070 16723 25037
4928 7979 24773
7979 4928 24773
24773 4928 7979
1302 6218 26378
26378 1302 6218
6218 1302 26378
10919 26685 27105
26685 10919 27105
27105 10919 26685
13460 21270 25700
25700 13460 21270
21270 13460 25700
16273 4207 6007
4207 6007 16273
6007 4207 16273
27797 28259 29028
28259 27797 29028
29028 27797 28259
11826 8026 18256
18256 8026 11826
8026 11826 18256
6311 10985 28304
10985 6311 28304
28304 6311 10985
5555 20917 23430
20917 5555 23430
23430 5555 20917
29718 3299 19281
19281 3299 29718
3299 19281 29718
22283 13732 20682
20682 13732 22283
13732 20682 22283
18276 20436 27344
27344 18276 20436
20436 18276 27344
15747 2381 8930
8930 2381 15747
2381 8930 15747
22724 15807 22438
15807 22438 22724
22438 15807 22724
19206 17209 24550
24550 17209 19206
17209 19206 24550
9539 9570 21656
21656 9539 9570
9570 9539 21656
7595 14088 29704
14088 7595 29704
29704 7595 14088
17750 19171 20904
20904 17750 19171
19171 17750 20904
13594 1708 6947
6947 1708 13594
1708 6947 13594
2825 26674 29795
29795 2825 26674
26674 2825 29795
18878 11087 29167
11087 18878 29167
29167 11087 18878
3651 3438 22835
22835 3438 3651
3438 3651 22835
5036 6540 16501
16501 5036 6540
6540 5036 16501
26416 8980 13678
8980 13678 26416
13678 8980 26416
13727 2242 5756
5756 2242 13727
2242 5756 13727
12846 9742 24189
24189 9742 12846
9742 12846 24189
15015 7793 22749
7793 15015 22749
22749 7793 15015
5518 12743 29483
12743 5518 29483
29483 5518 12743
26510 3444 7094
7094 3444 26510
3444 7094 26510
1020 3409 16647
16647 1020 3409
3409 1020 16647
12060 233 7842
7842 233 12060
233 7842 12060
3428 19722 23025
19722 3428 23025
23025 3428 19722
3193 8999 18465
8999 3193 18465
18465 3193 8999
22483 10585 19629
19629 10585 22483
10585 19629 22483
26083 15250 25680
15250 25680 26083
25680 15250 26083
12039 3782 28180
28180 3782 12039
3782 12039 28180
6809 8096 18159
8096 6809 18159
18159 6809 8096
14602 6343 9791
6343 9791 14602
9791 6343 14602
13162 4416 4683
4683 4416 13162
4416 4683 13162
24003 6668 10993
6668 10993 24003
10993 6668 24003
1565 3050 19076
3050 1565 19076
19076 1565 3050
22557 24321 25525
24321 22557 25525
25525 22557 24321
15603 11143 29383
29383 11143 15603
11143 15603 29383
23393 5058 9348
9348 5058 23393
5058 9348 23393
22412 17453 23101
23101 17453 22412
17453 22412 23101
6781 11435 15358
15358 6781 11435
11435 6781 15358
17561 9320 24080
9320 17561 24080
24080 9320 17561
24739 5530 17459
5530 17459 24739
17459 5530 24739
14827 9547 17772
17772 9547 14827
9547 14827 17772
19185 494 17251
494 17251 19185
17251 494 19185
29466 24334 29238
29238 24334 29466
24334 29238 29466
19603 8942 11757
11757 8942 19603
8942 11757 19603
21985 22085 25212
25212 21985 22085
22085 21985 25212
10562 4966 8249
8249 4966 10562
4966 8249 10562
2618 10071 11629
11629 2618 10071
10071 2618 11629
12898 2711 10888
2711 10888 12898
10888 2711 12898
11104 5514 22363
22363 5514 11104
5514 11104 22363
25347 13101 25771
25771 13101 25347
13101 25347 25771
683 19383 24911
19383 683 24911
24911 683 19383
14727 2181 8950
8950 2181 14727
2181 8950 14727
2846 6736 7929
6736 2846 7929
7929 2846 6736
17111 6076 16217
6076 16217 17111
16217 6076 17111
29164 3933 4894
3933 4894 29164
4894 3933 29164
21615 15564 21896
21896 15564 21615
15564 21615 21896
13393 13112 24339
24339 13112 13393
13112 13393 24339
21632 16142 24791
16142 21632 24791
24791 16142 21632
9810 21375 24784
21375 9810 24784
24784 9810 21375
14268 11391 21991
11391 14268 21991
21991 11391 14268
25491 3895 4469
4469 3895 25491
3895 4469 25491
24964 12838 24963
12838 24963 24964
24963 12838 24964
14971 15769 23311
23311 14971 15769
15769 14971 23311
28856 4177 12789
