19776 58 12891
12891 58 19776
58 12891 19776
7719 14104 23935
14104 7719 23935
23935 7719 14104
16962 10351 15998
15998 10351 16962
10351 15998 16962
24557 3261 27601
3261 24557 27601
27601 3261 24557
14849 21225 26969
26969 14849 21225
21225 14849 26969
21477 10870 18548
10870 18548 21477
18548 10870 21477
2654 4848 14306
4848 2654 14306
14306 2654 4848
12140 16532 17182
16532 12140 17182
17182 12140 16532
28203 4832 4912
4912 4832 28203
4832 4912 28203
8251 12409 28099
12409 8251 28099
28099 8251 12409
27741 9245 19836
19836 9245 27741
9245 19836 27741
13283 4551 12259
4551 12259 13283
12259 4551 13283
16082 18063 28730
28730 16082 18063
18063 16082 28730
2718 1062 29672
1062 2718 29672
29672 1062 2718
26697 7093 18127
18127 7093 26697
7093 18127 26697
11373 15972 23957
15972 11373 23957
23957 11373 15972
27704 1140 15860
1140 15860 27704
15860 1140 27704
15365 1573 21688
1573 15365 21688
21688 1573 15365
26621 5746 18319
18319 5746 26621
5746 18319 26621
26122 20609 20761
20609 20761 26122
20761 20609 26122
24781 19881 25991
19881 24781 25991
25991 19881 24781
8472 9845 29207
29207 8472 9845
9845 8472 29207
28325 1846 14549
14549 1846 28325
1846 14549 28325
8280 22961 23749
23749 8280 22961
22961 8280 23749
20182 2408 12252
2408 12252 20182
12252 2408 20182
25403 19016 28801
28801 19016 25403
19016 25403 28801
20393 14992 16582
14992 16582 20393
16582 14992 20393
26995 4709 14579
14579 4709 26995
4709 14579 26995
6714 10651 17976
17976 6714 10651
10651 6714 17976
23971 4114 6369
4114 6369 23971
6369 4114 23971
28053 6818 18820
18820 6818 28053
6818 18820 28053
29316 4502 17558
4502 17558 29316
17558 4502 29316
16360 17685 19990
17685 16360 19990
19990 16360 17685
7310 4423 24715
4423 7310 24715
24715 4423 7310
19096 980 11743
11743 980 19096
980 11743 19096
9801 9763 21458
21458 9763 9801
9763 9801 21458
26613 1410 28526
1410 26613 28526
28526 1410 26613
5313 10798 11029
10798 5313 11029
11029 5313 10798
3769 14496 21856
14496 3769 21856
21856 3769 14496
17027 5279 27884
5279 17027 27884
27884 5279 17027
26720 14389 28656
14389 26720 28656
28656 14389 26720
20940 16920 26507
26507 16920 20940
16920 20940 26507
9085 21580 24152
24152 9085 21580
21580 9085 24152
21213 2116 2280
2280 2116 21213
2116 2280 21213
13229 3875 6706
3875 6706 13229
6706 3875 13229
14727 7886 16847
7886 14727 16847
16847 7886 14727
4699 823 8870
823 4699 8870
8870 823 4699
4420 6332 13109
13109 4420 6332
6332 4420 13109
3507 18587 25374
25374 3507 18587
18587 3507 25374
14508 16193 22621
22621 14508 16193
16193 14508 22621
14841 14 8180
8180 14 14841
14 8180 14841
7638 7613 21742
7613 7638 21742
21742 7613 7638
26773 8204 14361
8204 14361 26773
14361 8204 26773
27771 11243 29047
29047 11243 27771
11243 27771 29047
20241 1787 17473
1787 17473 20241
17473 1787 20241
12316 12620 19317
19317 12316 12620
12620 12316 19317
11570 2664 12412
2664 11570 12412
12412 2664 11570
16912 17190 27260
17190 16912 27260
27260 16912 17190
27995 6622 10397
6622 10397 27995
10397 6622 27995
25389 14249 26905
26905 14249 25389
14249 25389 26905
27706 4099 5354
5354 4099 27706
4099 5354 27706
12985 2283 10033
10033 2283 12985
2283 10033 12985
19378 15479 25435
15479 19378 25435
25435 15479 19378
15632 2604 26379
26379 2604 15632
2604 15632 26379
1348 19346 24797
19346 1348 24797
24797 1348 19346
5358 14183 28035
28035 5358 14183
14183 5358 28035
7626 1712 2546
1712 2546 7626
2546 1712 7626
14707 20956 25522
25522 14707 20956
20956 14707 25522
10849 23336 28016
23336 10849 28016
28016 10849 23336
7730 12302 17269
12302 7730 17269
17269 7730 12302
13077 1514 9194
9194 1514 13077
1514 9194 13077
22036 4497 27448
4497 22036 27448
27448 4497 22036
13855 19822 27681
19822 13855 27681
27681 13855 19822
28826 21346 27744
27744 21346 28826
21346 27744 28826
15988 7035 15420
15420 7035 15988
7035 15420 15988
24086 1451 3219
3219 1451 24086
1451 3219 24086
16977 26373 26813
26373 16977 26813
26813 16977 26373
10079 25557 26094
25557 10079 26094
26094 10079 25557
28334 14713 22047
14713 22047 28334
22047 14713 28334
10800 12690 18942
12690 10800 18942
18942 10800 12690
3318 9930 20062
20062 3318 9930
9930 3318 20062
11769 8821 14972
8821 11769 14972
14972 8821 11769
18360 6549 18345
18345 6549 18360
6549 18345 18360
2602 12202 19803
12202 2602 19803
19803 2602 12202
9960 16908 17272
16908 9960 17272
17272 9960 16908
26943 11274 22523
11274 22523 26943
22523 11274 26943
13155 12304 27002
27002 12304 13155
12304 13155 27002
3494 11986 28552
11986 3494 28552
28552 3494 11986
11099 707 8521
8521 707 11099
707 8521 11099
29131 1848 4876
1848 4876 29131
4876 1848 29131
7823 423 4881
4881 423 7823
423 4881 7823
16549 7406 26065
7406 16549 26065
26065 7406 16549
5585 1553 14212
1553 5585 14212
14212 1553 5585
26600 7469 28077
7469 26600 28077
28077 7469 26600
5919 8340 28013
28013 5919 8340
8340 5919 28013
13167 2827 26286
2827 13167 26286
26286 2827 13167
19463 19335 23764
19335 19463 23764
23764 19335 19463
17250 12203 16364
16364 12203 17250
12203 16364 17250
3514 117 1143
1143 117 3514
117 1143 3514
5867 1419 6427
6427 1419 5867
1419 5867 6427
2645 18202 20165
20165 2645 18202
18202 2645 20165
24966 380 23629
380 23629 24966
23629 380 24966
15117 26346 28118
26346 15117 28118
28118 15117 26346
24482 3985 22175
3985 22175 24482
22175 3985 24482
5970 8419 8680
8680 5970 8419
8419 5970 8680
185 22187 23955
23955 185 22187
22187 185 23955
8629 7684 8731
7684 8629 8731
8731 7684 8629
16293 7133 12913
7133 12913 16293
12913 7133 16293
27545 23779 26356
26356 23779 27545
23779 26356 27545
15712 13877 17349
17349 13877 15712
13877 15712 17349
11186 2727 10478
2727 10478 11186
10478 2727 11186
7319 7959 23185
23185 7319 7959
7959 7319 23185
2097 2020 4196
2020 2097 4196
4196 2020 2097
23409 3544 29487
3544 23409 29487
29487 3544 23409
12722 1071 4987
1071 4987 12722
4987 1071 12722
21026 9158 25190
9158 21026 25190
25190 9158 21026
28615 11830 16755
16755 11830 28615
11830 16755 28615
14532 25238 25877
25877 14532 25238
25238 14532 25877
25856 7018 29238
29238 7018 25856
7018 25856 29238
6437 6558 26801
26801 6437 6558
6558 6437 26801
9793 25719 26481
26481 9793 25719
25719 9793 26481
5516 8235 27035
8235 5516 27035
27035 5516 8235
15141 17567 25800
25800 15141 17567
17567 15141 25800
5601 12265 24574
24574 5601 12265
12265 5601 24574
2544 22315 28465
22315 2544 28465
28465 2544 22315
4197 7756 13388
7756 4197 13388
13388 4197 7756
13204 11936 13415
13415 11936 13204
11936 13204 13415
8997 19019 29884
29884 8997 19019
19019 8997 29884
229 10104 14323
14323 229 10104
10104 229 14323
16228 11827 16039
11827 16039 16228
16039 11827 16228
23340 6999 16174
6999 16174 23340
16174 6999 23340
16311 19080 28503
28503 16311 19080
19080 16311 28503
16893 4965 18054
4965 16893 18054
18054 4965 16893
194 13895 27068
27068 194 13895
13895 194 27068
21900 5909 23118
23118 5909 21900
5909 21900 23118
4620 8921 19815
8921 4620 19815
19815 4620 8921
1985 19827 26883
19827 1985 26883
26883 1985 19827
28918 19489 24791
24791 19489 28918
19489 24791 28918
1538 8857 30000
30000 1538 8857
8857 1538 30000
27430 11696 28368
11696 27430 28368
28368 11696 27430
15517 2379 24165
24165 2379 15517
2379 15517 24165
28945 1461 22959
22959 1461 28945
1461 22959 28945
10982 21378 25371
25371 10982 21378
21378 10982 25371
11859 8407 23016
23016 8407 11859
8407 11859 23016
11765 3164 18949
3164 11765 18949
18949 3164 11765
20413 7425 26872
26872 7425 20413
7425 20413 26872
20278 11634 20928
20928 11634 20278
11634 20278 20928
6492 15789 18924
15789 6492 18924
18924 6492 15789
2213 11953 14914
11953 2213 14914
14914 2213 11953
10320 624 14689
624 10320 14689
14689 624 10320
26411 14528 23178
23178 14528 26411
14528 23178 26411
23558 435 11176
435 11176 23558
11176 435 23558
8038 12771 13707
12771 8038 13707
13707 8038 12771
18230 12720 13373
12720 13373 18230
13373 12720 18230
21156 6206 14668
14668 6206 21156
6206 14668 21156
22776 17033 25322
25322 17033 22776
17033 22776 25322
15510 2311 20506
20506 2311 15510
2311 15510 20506
12383 8236 27076
8236 12383 27076
27076 8236 12383
4132 6701 11094
11094 4132 6701
6701 4132 11094
2811 16954 25150
25150 2811 16954
16954 2811 25150
25472 159 29241
159 25472 29241
29241 159 25472
6014 15219 21097
15219 6014 21097
21097 6014 15219
2835 24904 27233
24904 2835 27233
27233 2835 24904
14081 7176 9130
9130 7176 14081
7176 9130 14081
27399 8657 20435
8657 20435 27399
20435 8657 27399
4305 1322 12749
12749 1322 4305
1322 4305 12749
8395 5780 21613
5780 8395 21613
21613 5780 8395
2008 4399 27526
27526 2008 4399
4399 2008 27526
21735 15370 16760
15370 16760 21735
16760 15370 21735
25545 683 12153
12153 683 25545
683 12153 25545
12782 12829 29861
12829 12782 29861
29861 12782 12829
20159 8483 26890
8483 20159 26890
26890 8483 20159
28969 1418 18343
18343 1418 28969
1418 18343 28969
29992 4330 19153
19153 4330 29992
4330 19153 29992
21193 8973 27602
27602 8973 21193
8973 21193 27602
20178 6376 7830
7830 6376 20178
6376 7830 20178
28022 2974 26533
2974 26533 28022
26533 2974 28022
21998 12116 15720
12116 15720 21998
15720 12116 21998
20752 14897 29124
29124 14897 20752
14897 20752 29124
5588 18415 20075
20075 5588 18415
18415 5588 20075
28564 14452 15042
15042 14452 28564
14452 15042 28564
12482 4684 23198
23198 4684 12482
4684 12482 23198
19799 8127 22541
8127 19799 22541
22541 8127 19799
22312 10874 16992
16992 10874 22312
10874 16992 22312
13421 13367 24198
24198 13367 13421
13367 13421 24198
11653 23899 24920
23899 11653 24920
24920 11653 23899
8710 12723 16357
12723 8710 16357
16357 8710 12723
21737 9989 24925
24925 9989 21737
9989 21737 24925
17932 10004 14447
14447 10004 17932
10004 14447 17932
3025 25489 29977
29977 3025 25489
25489 3025 29977
7862 20697 27968
27968 7862 20697
20697 7862 27968
943 14217 15151
14217 943 15151
15151 943 14217
6611 3885 24869
24869 3885 6611
3885 6611 24869
13146 22863 29053
22863 13146 29053
29053 13146 22863
6841 5776 18612
18612 5776 6841
5776 6841 18612
23313 4499 4612
4499 4612 23313
4612 4499 23313
6022 16275 16359
16359 6022 16275
16275 6022 16359
8029 7873 17666
17666 7873 8029
7873 8029 17666
22726 2551 25753
25753 2551 22726
2551 22726 25753
25274 1612 17681
1612 17681 25274
17681 1612 25274
20728 1159 22788
1159 20728 22788
22788 1159 20728
29091 521 2799
2799 521 29091
521 2799 29091
82 15906 23481
23481 82 15906
15906 82 23481
10996 3441 27317
3441 10996 27317
27317 3441 10996
6124 13640 26700
13640 6124 26700
26700 6124 13640
24696 680 7533
7533 680 24696
680 7533 24696
8881 21018 26543
21018 8881 26543
26543 8881 21018
20027 9506 25684
25684 9506 20027
9506 20027 25684
18600 497 27619
497 18600 27619
27619 497 18600
20451 4199 16454
16454 4199 20451
4199 16454 20451
15189 1664 8728
1664 8728 15189
8728 1664 15189
1870 2072 12548
12548 1870 2072
2072 1870 12548
4527 7547 12992
12992 4527 7547
7547 4527 12992
26902 13458 16927
13458 16927 26902
16927 13458 26902
7146 4093 5336
5336 4093 7146
4093 5336 7146
26933 13790 18246
18246 13790 26933
13790 18246 26933
11107 8707 23652
23652 8707 11107
8707 11107 23652
6775 12804 19938
12804 6775 19938
19938 6775 12804
23389 11349 20444
11349 20444 23389
20444 11349 23389
1049 5967 15018
15018 1049 5967
5967 1049 15018
22856 15095 19283
15095 19283 22856
19283 15095 22856
24083 1628 14919
14919 1628 24083
1628 14919 24083
27784 10217 23165
23165 10217 27784
10217 23165 27784
9371 8439 22251
8439 9371 22251
22251 8439 9371
27812 8800 21491
8800 21491 27812
21491 8800 27812
11686 15114 22869
22869 11686 15114
15114 11686 22869
10258 566 19902
19902 566 10258
566 10258 19902
10164 3649 22872
22872 3649 10164
3649 10164 22872
16302 846 6692
6692 846 16302
846 6692 16302
19529 17243 17566
17243 17566 19529
17566 17243 19529
2315 9694 19147
9694 2315 19147
19147 2315 9694
13400 19388 27381
27381 13400 19388
19388 13400 27381
23598 10290 10473
10290 10473 23598
10473 10290 23598
10559 13272 14884
14884 10559 13272
13272 10559 14884
6263 25843 28419
28419 6263 25843
25843 6263 28419
17661 10684 23459
23459 10684 17661
10684 17661 23459
3678 11311 22283
11311 3678 22283
22283 3678 11311
2164 10725 17022
10725 2164 17022
17022 2164 10725
26716 16075 24239
16075 24239 26716
24239 16075 26716
21720 2004 6382
6382 2004 21720
2004 6382 21720
3272 6786 29419
6786 3272 29419
29419 3272 6786
23092 1448 7305
1448 7305 23092
7305 1448 23092
26752 5436 21841
21841 5436 26752
5436 21841 26752
11703 21833 24741
24741 11703 21833
21833 11703 24741
19083 12359 29414
29414 12359 19083
12359 19083 29414
2708 16708 18501
18501 2708 16708
16708 2708 18501
5956 4655 18043
18043 4655 5956
4655 5956 18043
36 8200 21777
8200 36 21777
21777 36 8200
28681 1255 21607
21607 1255 28681
1255 21607 28681
28306 1767 18065
18065 1767 28306
1767 18065 28306
5107 25729 29313
25729 5107 29313
29313 5107 25729
11608 3463 26555
26555 3463 11608
3463 11608 26555
796 11446 19550
11446 796 19550
19550 796 11446
21706 305 9802
9802 305 21706
305 9802 21706
29957 8131 23996
23996 8131 29957
8131 23996 29957
3211 9508 29815
9508 3211 29815
29815 3211 9508
4900 357 27013
27013 357 4900
357 4900 27013
23943 3751 16091
3751 16091 23943
16091 3751 23943
25030 6578 29690
6578 25030 29690
29690 6578 25030
14086 9884 24434
9884 14086 24434
24434 9884 14086
27471 23392 29346
29346 23392 27471
23392 27471 29346
15390 10331 29334
29334 10331 15390
10331 15390 29334
13107 2398 3047
2398 3047 13107
3047 2398 13107
7130 14780 25329
25329 7130 14780
14780 7130 25329
993 11937 12856
11937 993 12856
12856 993 11937
16852 1125 21400
21400 1125 16852
1125 16852 21400
24469 647 24346
24346 647 24469
647 24346 24469
21726 5555 23872
23872 5555 21726
5555 21726 23872
28968 5875 16362
16362 5875 28968
5875 16362 28968
22709 8888 24529
24529 8888 22709
8888 22709 24529
12161 99 629
99 629 12161
629 99 12161
23072 4184 11789
4184 11789 23072
11789 4184 23072
15673 26457 26854
26457 15673 26854
26854 15673 26457
2461 20758 28749
28749 2461 20758
20758 2461 28749
26088 10365 29777
10365 26088 29777
29777 10365 26088
17155 17515 29841
17515 17155 29841
29841 17155 17515
20757 10425 26852
26852 10425 20757
10425 20757 26852
22545 14642 27215
14642 22545 27215
27215 14642 22545
5569 9236 12263
9236 5569 12263
12263 5569 9236
15701 15719 28070
15719 15701 28070
28070 15701 15719
1399 5383 20261
20261 1399 5383
5383 1399 20261
29631 6634 26057
6634 26057 29631
26057 6634 29631
13610 10779 27689
10779 13610 27689
27689 10779 13610
9993 25070 29657
25070 9993 29657
29657 9993 25070
21961 7816 16297
7816 16297 21961
16297 7816 21961
24514 1289 19437
19437 1289 24514
1289 19437 24514
12662 10182 28131
10182 12662 28131
28131 10182 12662
1240 1050 1247
1050 1240 1247
1247 1050 1240
6412 8547 27856
27856 6412 8547
8547 6412 27856
25581 13669 14545
13669 14545 25581
14545 13669 25581
4311 6814 17850
6814 4311 17850
17850 4311 6814
8633 20643 22604
22604 8633 20643
20643 8633 22604
19528 5031 16164
5031 16164 19528
16164 5031 19528
10917 21705 28430
21705 10917 28430
28430 10917 21705
7155 4534 23676
23676 4534 7155
4534 7155 23676
6245 6347 10615
6347 6245 10615
10615 6245 6347
10102 13907 25229
25229 10102 13907
13907 10102 25229
23589 3397 10590
10590 3397 23589
3397 10590 23589
26150 17618 25174
25174 17618 26150
17618 25174 26150
27077 6566 20453
20453 6566 27077
6566 20453 27077
6982 10683 20397
20397 6982 10683
10683 6982 20397
15032 12393 15385
15385 12393 15032
12393 15032 15385
16807 1466 3293
3293 1466 16807
1466 3293 16807
11457 5077 6697
5077 6697 11457
6697 5077 11457
13277 6410 24777
6410 13277 24777
24777 6410 13277
19449 7991 20014
20014 7991 19449
7991 19449 20014
1217 4849 20612
20612 1217 4849
4849 1217 20612
20892 6072 8864
8864 6072 20892
6072 8864 20892
18162 6913 14826
14826 6913 18162
6913 14826 18162
16218 5092 27369
5092 16218 27369
27369 5092 16218
16443 11170 20301
20301 11170 16443
11170 16443 20301
1038 138 26518
138 1038 26518
26518 138 1038
11925 20855 23034
20855 11925 23034
23034 11925 20855
29709 18678 21901
18678 21901 29709
21901 18678 29709
14650 14325 25866
25866 14325 14650
14325 14650 25866
12711 3236 3406
3406 3236 12711
3236 3406 12711
29724 12997 24566
12997 24566 29724
24566 12997 29724
22907 22988 26231
26231 22907 22988
22988 22907 26231
6657 9883 19266
19266 6657 9883
9883 6657 19266
1549 9911 18089
9911 1549 18089
18089 1549 9911
29221 4201 28733
4201 28733 29221
28733 4201 29221
25849 6051 28108
28108 6051 25849
6051 25849 28108
3671 21106 23950
23950 3671 21106
21106 3671 23950
27249 11431 20492
11431 20492 27249
20492 11431 27249
19026 18714 24580
24580 18714 19026
18714 19026 24580
8685 17441 19435
17441 8685 19435
19435 8685 17441
13720 5251 28252
28252 5251 13720
5251 13720 28252
16195 20539 23140
23140 16195 20539
20539 16195 23140
21484 12922 24910
12922 21484 24910
24910 12922 21484
6767 25250 26403
25250 6767 26403
26403 6767 25250
24958 12788 16233
16233 12788 24958
12788 16233 24958
20317 1689 13970
13970 1689 20317
1689 13970 20317
20084 14166 16472
14166 16472 20084
16472 14166 20084
13181 3722 26407
3722 13181 26407
26407 3722 13181
26552 13380 22754
22754 13380 26552
13380 22754 26552
27247 6031 18639
6031 18639 27247
18639 6031 27247
177 11030 24972
11030 177 24972
24972 177 11030
1385 23200 26141
23200 1385 26141
26141 1385 23200
29114 3537 14980
14980 3537 29114
3537 14980 29114
7427 21401 28426
21401 7427 28426
28426 7427 21401
17122 9654 20882
9654 17122 20882
20882 9654 17122
20450 4915 13738
4915 13738 20450
13738 4915 20450
4883 12396 21292
12396 4883 21292
21292 4883 12396
28229 8269 14661
14661 8269 28229
8269 14661 28229
5613 22841 28849
28849 5613 22841
22841 5613 28849
6700 921 19481
19481 921 6700
921 6700 19481
26426 17083 22838
22838 17083 26426
17083 22838 26426
11043 18363 27280
18363 11043 27280
27280 11043 18363
7308 7567 13444
7567 7308 13444
13444 7308 7567
7226 8604 26185
26185 7226 8604
8604 7226 26185
4179 10561 27243
10561 4179 27243
27243 4179 10561
23965 10537 17144
10537 17144 23965
17144 10537 23965
3029 4537 8337
8337 3029 4537
4537 3029 8337
1583 11498 18881
11498 1583 18881
18881 1583 11498
18735 15361 21802
21802 15361 18735
15361 18735 21802
19849 19127 22731
22731 19127 19849
19127 19849 22731
11664 22744 26118
26118 11664 22744
22744 11664 26118
12321 2304 21066
2304 12321 21066
21066 2304 12321
8998 10785 13353
10785 8998 13353
13353 8998 10785
21669 16685 28665
28665 16685 21669
16685 21669 28665
17506 3558 10058
10058 3558 17506
3558 10058 17506
4858 11191 24530
11191 4858 24530
24530 4858 11191
12999 19758 23265
19758 12999 23265
23265 12999 19758
29081 7739 20515
7739 20515 29081
20515 7739 29081
9209 23093 29368
29368 9209 23093
23093 9209 29368
10510 3990 4226
3990 4226 10510
4226 3990 10510
8523 1351 23184
1351 8523 23184
23184 1351 8523
8925 22624 26213
26213 8925 22624
22624 8925 26213
14567 15869 29497
15869 14567 29497
29497 14567 15869
23179 26709 26814
26709 23179 26814
26814 23179 26709
8123 14168 15875
14168 8123 15875
15875 8123 14168
1331 666 7792
666 1331 7792
7792 666 1331
12957 13628 28259
28259 12957 13628
13628 12957 28259
27935 18260 25451
25451 18260 27935
18260 25451 27935
20953 1967 13699
1967 13699 20953
13699 1967 20953
25804 5849 15239
15239 5849 25804
5849 15239 25804
20382 9151 26989
9151 20382 26989
26989 9151 20382
4726 125 28243
125 4726 28243
28243 125 4726
20044 2403 21461
2403 20044 21461
21461 2403 20044
28302 285 29392
29392 285 28302
285 28302 29392
16346 14181 28591
28591 14181 16346
14181 16346 28591
13029 20918 26631
20918 13029 26631
26631 13029 20918
15715 26855 28172
28172 15715 26855
26855 15715 28172
23182 7788 23711
23711 7788 23182
7788 23182 23711
18315 6336 25442
6336 18315 25442
25442 6336 18315
14073 6851 7037
6851 7037 14073
7037 6851 14073
2536 8677 16372
16372 2536 8677
8677 2536 16372
22865 19176 27691
27691 19176 22865
19176 22865 27691
5952 1991 5684
1991 5684 5952
5684 1991 5952
21992 8011 16300
8011 16300 21992
16300 8011 21992
2649 10458 26539
26539 2649 10458
10458 2649 26539
12898 7247 25769
25769 7247 12898
7247 12898 25769
3437 8528 10705
10705 3437 8528
8528 3437 10705
15240 5479 11705
11705 5479 15240
5479 11705 15240
15868 5975 21611
5975 15868 21611
21611 5975 15868
29357 3432 13730
3432 13730 29357
13730 3432 29357
27375 4530 15067
15067 4530 27375
4530 15067 27375
6284 4601 10761
4601 6284 10761
10761 4601 6284
8709 6217 18957
18957 6217 8709
6217 8709 18957
21849 10227 13236
13236 10227 21849
10227 13236 21849
13479 6359 17817
6359 13479 17817
17817 6359 13479
12896 2562 5190
2562 5190 12896
5190 2562 12896
22161 6093 8491
6093 8491 22161
8491 6093 22161
19551 832 27070
27070 832 19551
832 19551 27070
23678 10319 21209
10319 21209 23678
21209 10319 23678
28714 11502 28036
11502 28036 28714
28036 11502 28714
15457 18749 25025
18749 15457 25025
25025 15457 18749
25680 3538 10002
3538 10002 25680
10002 3538 25680
27098 4297 28819
4297 27098 28819
28819 4297 27098
9748 26316 27891
27891 9748 26316
26316 9748 27891
11989 5874 29966
29966 5874 11989
5874 11989 29966
29465 23356 23575
23575 23356 29465
23356 23575 29465
21454 10263 23626
23626 10263 21454
10263 21454 23626
22753 11819 13769
11819 13769 22753
13769 11819 22753
26277 2324 7172
2324 7172 26277
7172 2324 26277
3145 17620 19122
17620 3145 19122
19122 3145 17620
23171 20652 21972
21972 20652 23171
20652 21972 23171
25044 8313 28687
8313 25044 28687
28687 8313 25044
8090 19246 20298
20298 8090 19246
19246 8090 20298
17735 2719 14677
2719 14677 17735
14677 2719 17735
16323 8189 27484
27484 8189 16323
8189 16323 27484
26506 25733 27589
25733 26506 27589
27589 25733 26506
6440 19747 27948
19747 6440 27948
27948 6440 19747
20360 22524 25809
25809 20360 22524
22524 20360 25809
9954 8437 23080
23080 8437 9954
8437 9954 23080
14118 14994 22148
14994 14118 22148
22148 14118 14994
2864 14967 16019
14967 2864 16019
16019 2864 14967
18395 22867 29874
29874 18395 22867
22867 18395 29874
29713 4482 27057
4482 27057 29713
27057 4482 29713
20135 4441 9256
4441 9256 20135
9256 4441 20135
25803 1704 29200
1704 25803 29200
29200 1704 25803
1124 10115 11013
10115 1124 11013
11013 1124 10115
21310 17860 26046
17860 21310 26046
26046 17860 21310
8058 3108 8615
8615 3108 8058
3108 8058 8615
20713 8383 14969
8383 14969 20713
14969 8383 20713
20621 13321 17172
17172 13321 20621
13321 17172 20621
27900 11156 25065
25065 11156 27900
11156 25065 27900
26782 16687 23217
16687 23217 26782
23217 16687 26782
25895 9673 25319
9673 25319 25895
25319 9673 25895
16823 1963 29002
29002 1963 16823
1963 16823 29002
17238 16502 25490
25490 16502 17238
16502 17238 25490
6188 25693 26590
25693 6188 26590
26590 6188 25693
24013 19906 22767
19906 22767 24013
22767 19906 24013
16564 7259 26963
7259 16564 26963
26963 7259 16564
28088 13770 21575
13770 21575 28088
21575 13770 28088
8705 1743 22678
1743 8705 22678
22678 1743 8705
24243 21907 28395
21907 24243 28395
28395 21907 24243
20522 7057 25079
7057 20522 25079
25079 7057 20522
326 10935 16334
10935 326 16334
16334 326 10935
10531 10712 22813
10712 10531 22813
22813 10531 10712
16879 10270 15581
15581 10270 16879
10270 15581 16879
12432 10675 26292
10675 12432 26292
26292 10675 12432
2737 14127 27356
27356 2737 14127
14127 2737 27356
27561 842 2701
2701 842 27561
842 2701 27561
24392 3746 9336
3746 9336 24392
9336 3746 24392
13456 11906 13581
13581 11906 13456
11906 13456 13581
18756 6468 27351
6468 18756 27351
27351 6468 18756
2480 20794 25679
20794 2480 25679
25679 2480 20794
10549 9513 11658
9513 10549 11658
11658 9513 10549
22070 21052 29809
29809 21052 22070
21052 22070 29809
23745 22650 23361
22650 23361 23745
23361 22650 23745
12816 6456 7947
7947 6456 12816
6456 7947 12816
130 18566 22237
18566 130 22237
22237 130 18566
5112 17262 20663
17262 5112 20663
20663 5112 17262
4808 10852 23309
10852 4808 23309
23309 4808 10852
13791 2194 21108
21108 2194 13791
2194 13791 21108
8357 8411 25948
25948 8357 8411
8411 8357 25948
25084 8210 14377
8210 14377 25084
14377 8210 25084
10758 11768 25144
11768 10758 25144
25144 10758 11768
24604 1371 20461
20461 1371 24604
1371 20461 24604
14605 11943 15814
15814 11943 14605
11943 14605 15814
4871 2751 6933
2751 4871 6933
6933 2751 4871
22558 19050 26834
26834 19050 22558
19050 22558 26834
18206 8378 18267
8378 18206 18267
18267 8378 18206
9314 7790 18508
7790 9314 18508
18508 7790 9314
13665 3750 22881
3750 13665 22881
22881 3750 13665
1590 20801 22933
22933 1590 20801
20801 1590 22933
7024 19181 22794
19181 7024 22794
22794 7024 19181
23902 11635 29755
11635 23902 29755
29755 11635 23902
19684 1277 6754
1277 6754 19684
6754 1277 19684
17157 9618 11210
11210 9618 17157
9618 11210 17157
6313 6195 19044
6195 6313 19044
19044 6195 6313
24681 25437 26961
25437 24681 26961
26961 24681 25437
2145 12664 17470
17470 2145 12664
12664 2145 17470
10821 5559 11198
11198 5559 10821
5559 10821 11198
28927 15501 15610
15610 15501 28927
15501 15610 28927
12283 12875 26341
12875 12283 26341
26341 12283 12875
22704 3388 3983
3983 3388 22704
3388 3983 22704
26319 25985 27554
27554 25985 26319
25985 26319 27554
9821 3726 15245
15245 3726 9821
3726 9821 15245
26505 14733 15652
14733 15652 26505
15652 14733 26505
15269 5078 8217
8217 5078 15269
5078 8217 15269
26665 4656 5347
5347 4656 26665
4656 5347 26665
8238 24194 24510
24510 8238 24194
24194 8238 24510
12282 1494 23102
23102 1494 12282
1494 12282 23102
23429 3414 6482
3414 6482 23429
6482 3414 23429
8576 271 26389
271 8576 26389
26389 271 8576
6927 4919 22899
4919 6927 22899
22899 4919 6927
10975 9869 12128
9869 10975 12128
12128 9869 10975
9903 5868 16187
16187 5868 9903
5868 9903 16187
7773 21037 21634
21037 7773 21634
21634 7773 21037
19960 6852 20132
20132 6852 19960
6852 19960 20132
20022 23301 25430
25430 20022 23301
23301 20022 25430
12874 10156 13914
10156 12874 13914
13914 10156 12874
2342 4788 23687
23687 2342 4788
4788 2342 23687
15223 15949 29617
15949 15223 29617
29617 15223 15949
15156 18871 26469
26469 15156 18871
18871 15156 26469
12361 2374 6738
6738 2374 12361
2374 6738 12361
5831 17877 23112
23112 5831 17877
17877 5831 23112
16819 11310 21417
21417 11310 16819
11310 16819 21417
6788 10972 24588
24588 6788 10972
10972 6788 24588
29174 4217 14050
4217 14050 29174
14050 4217 29174
12734 21738 24110
21738 12734 24110
24110 12734 21738
28840 16984 25460
16984 25460 28840
25460 16984 28840
1905 758 1809
1809 758 1905
758 1809 1905
26865 4117 9095
9095 4117 26865
4117 9095 26865
26853 20788 26030
26030 20788 26853
20788 26030 26853
14420 13470 22617
22617 13470 14420
13470 14420 22617
6887 4673 20842
20842 4673 6887
4673 6887 20842
13480 10330 22748
22748 10330 13480
10330 13480 22748
23803 7169 8882
7169 8882 23803
8882 7169 23803
3129 473 16743
16743 473 3129
473 3129 16743
28121 1731 5689
5689 1731 28121
1731 5689 28121
19318 18997 20625
20625 18997 19318
18997 19318 20625
20532 4634 7882
7882 4634 20532
4634 7882 20532
26462 16313 18934
16313 18934 26462
18934 16313 26462
9909 4564 21593
21593 4564 9909
4564 9909 21593
28875 23968 29795
29795 23968 28875
23968 28875 29795
29307 5994 16990
5994 16990 29307
16990 5994 29307
15292 7545 14997
7545 14997 15292
14997 7545 15292
485 17047 23267
17047 485 23267
23267 485 17047
23754 16237 23570
16237 23570 23754
23570 16237 23754
5530 6947 7932
6947 5530 7932
7932 5530 6947
18398 14257 21709
14257 18398 21709
21709 14257 18398
20771 8492 17008
8492 17008 20771
17008 8492 20771
20460 4733 13445
4733 13445 20460
13445 4733 20460
5989 1003 17665
1003 5989 17665
17665 1003 5989
15259 1504 8259
8259 1504 15259
1504 8259 15259
12948 8781 9171
9171 8781 12948
8781 9171 12948
21608 64 29254
64 21608 29254
29254 64 21608
27556 6535 28154
28154 6535 27556
6535 27556 28154
16844 20946 28994
20946 16844 28994
28994 16844 20946
4879 23798 24780
23798 4879 24780
24780 4879 23798
21150 4778 14696
4778 14696 21150
14696 4778 21150
1970 17151 27431
17151 1970 27431
27431 1970 17151
16010 425 4034
425 4034 16010
4034 425 16010
26546 12507 15654
15654 12507 26546
12507 15654 26546
28379 14154 29742
29742 14154 28379
14154 28379 29742
3183 6550 12207
12207 3183 6550
6550 3183 12207
15389 24180 25280
24180 15389 25280
25280 15389 24180
360 4004 22842
22842 360 4004
4004 360 22842
29523 6723 14143
14143 6723 29523
6723 14143 29523
27942 10592 12176
12176 10592 27942
10592 12176 27942
7659 4930 19755
4930 7659 19755
19755 4930 7659
16336 4112 6037
6037 4112 16336
4112 6037 16336
10532 3986 28369
28369 3986 10532
3986 10532 28369
24545 22551 28825
22551 24545 28825
28825 22551 24545
11287 2033 23485
2033 11287 23485
23485 2033 11287
18454 9779 14187
14187 9779 18454
9779 14187 18454
28978 3841 5896
3841 5896 28978
5896 3841 28978
16450 28873 29659
29659 16450 28873
28873 16450 29659
14310 21700 21959
21959 14310 21700
21700 14310 21959
26780 18807 21391
18807 21391 26780
21391 18807 26780
8703 22661 28820
28820 8703 22661
22661 8703 28820
2695 15723 27919
15723 2695 27919
27919 2695 15723
13037 282 6222
6222 282 13037
282 6222 13037
13613 13778 22609
13778 13613 22609
22609 13613 13778
2674 71 1324
1324 71 2674
71 1324 2674
18220 622 29774
622 18220 29774
29774 622 18220
3200 12963 17338
17338 3200 12963
12963 3200 17338
19460 1132 27842
1132 19460 27842
27842 1132 19460
10112 26745 27991
26745 10112 27991
27991 10112 26745
7726 10139 20838
10139 7726 20838
20838 7726 10139
23915 1557 27470
27470 1557 23915
1557 23915 27470
20677 1716 27587
27587 1716 20677
1716 20677 27587
23787 2118 10137
10137 2118 23787
2118 10137 23787
20681 16198 26215
16198 20681 26215
26215 16198 20681
19667 5104 16625
16625 5104 19667
5104 16625 19667
732 5579 17767
17767 732 5579
5579 732 17767
26587 16817 29443
16817 26587 29443
29443 16817 26587
6672 13947 26659
13947 6672 26659
26659 6672 13947
13843 4476 7615
7615 4476 13843
4476 7615 13843
14743 7589 17847
17847 7589 14743
7589 14743 17847
27769 18002 20411
20411 18002 27769
18002 20411 27769
11061 7759 29876
29876 7759 11061
7759 11061 29876
3448 16808 22247
22247 3448 16808
16808 3448 22247
29534 17014 21816
17014 21816 29534
21816 17014 29534
27063 24269 24528
24269 24528 27063
24528 24269 27063
11453 4878 9629
4878 9629 11453
9629 4878 11453
23211 17075 20229
20229 17075 23211
17075 20229 23211
9014 5728 8816
8816 5728 9014
5728 8816 9014
20637 13533 20877
13533 20637 20877
20877 13533 20637
90 1558 15227
1558 90 15227
15227 90 1558
6768 3488 26674
26674 3488 6768
3488 6768 26674
19501 14664 28301
28301 14664 19501
14664 19501 28301
16809 17165 23041
17165 16809 23041
23041 16809 17165
13768 3627 16292
16292 3627 13768
3627 13768 16292
3056 3580 9091
3580 3056 9091
9091 3056 3580
18507 25931 29353
25931 18507 29353
29353 18507 25931
649 448 27578
27578 448 649
448 649 27578
21897 944 8500
8500 944 21897
944 8500 21897
22095 10499 27908
10499 22095 27908
27908 10499 22095
11977 1007 10210
10210 1007 11977
1007 10210 11977
1789 12880 14619
12880 1789 14619
14619 1789 12880
28882 307 10676
307 10676 28882
10676 307 28882
11894 7848 17608
17608 7848 11894
7848 11894 17608
23925 18784 24342
24342 18784 23925
18784 23925 24342
6178 10503 24583
24583 6178 10503
10503 6178 24583
26172 14004 22420
14004 22420 26172
22420 14004 26172
7838 27343 29267
27343 7838 29267
29267 7838 27343
18451 6439 26032
6439 18451 26032
26032 6439 18451
14103 14330 22637
22637 14103 14330
14330 14103 22637
20219 17477 23550
23550 17477 20219
17477 20219 23550
24824 3087 17449
17449 3087 24824
3087 17449 24824
23288 18977 20765
20765 18977 23288
18977 20765 23288
19724 2831 19789
19789 2831 19724
2831 19724 19789
2144 3291 5294
3291 2144 5294
5294 2144 3291
4936 25388 29482
29482 4936 25388
25388 4936 29482
17656 1811 22273
22273 1811 17656
1811 17656 22273
21895 13385 27001
13385 21895 27001
27001 13385 21895
2871 22686 23865
22686 2871 23865
23865 2871 22686
11384 10415 18533
18533 10415 11384
10415 11384 18533
25645 3134 20531
3134 20531 25645
20531 3134 25645
21857 4154 21338
4154 21338 21857
21338 4154 21857
16994 1424 2474
2474 1424 16994
1424 2474 16994
5338 7940 14339
7940 5338 14339
14339 5338 7940
18588 5537 17867
17867 5537 18588
5537 17867 18588
948 5476 10448
5476 948 10448
10448 948 5476
3372 18564 19663
18564 3372 19663
19663 3372 18564
13871 20685 22520
22520 13871 20685
20685 13871 22520
21576 4510 14681
14681 4510 21576
4510 14681 21576
26202 6091 6854
6091 6854 26202
6854 6091 26202
8275 6652 11430
11430 6652 8275
6652 8275 11430
16416 571 21673
571 16416 21673
21673 571 16416
12013 6431 8459
6431 8459 12013
8459 6431 12013
29910 12658 21922
21922 12658 29910
12658 21922 29910
8188 10328 21034
10328 8188 21034
21034 8188 10328
19897 8581 19927
19927 8581 19897
8581 19897 19927
15636 6839 15148
15148 6839 15636
6839 15148 15636
1199 9785 24675
24675 1199 9785
9785 1199 24675
23019 7363 13100
13100 7363 23019
7363 13100 23019
14084 5067 27570
27570 5067 14084
5067 14084 27570
25698 12473 16577
12473 16577 25698
16577 12473 25698
12067 6080 22391
22391 6080 12067
6080 12067 22391
27965 5635 21566
21566 5635 27965
5635 21566 27965
11425 16115 20762
16115 11425 20762
20762 11425 16115
20498 1273 15167
1273 15167 20498
15167 1273 20498
1332 21446 26135
21446 1332 26135
26135 1332 21446
12272 18462 20710
18462 12272 20710
20710 12272 18462
12924 21117 27733
21117 12924 27733
27733 12924 21117
27521 7357 16397
7357 16397 27521
16397 7357 27521
25098 28076 29269
28076 25098 29269
29269 25098 28076
10681 23362 26825
26825 10681 23362
23362 10681 26825
27592 22008 24126
24126 22008 27592
22008 24126 27592
2508 1537 15461
1537 2508 15461
15461 1537 2508
10427 10352 27093
27093 10352 10427
10352 10427 27093
15435 227 17967
17967 227 15435
227 15435 17967
3158 12883 14621
12883 3158 14621
14621 3158 12883
8974 5284 28766
28766 5284 8974
5284 8974 28766
22719 5036 25706
25706 5036 22719
5036 22719 25706
1693 7601 26437
7601 1693 26437
26437 1693 7601
25553 1802 3574
3574 1802 25553
1802 3574 25553
5263 1275 28347
1275 5263 28347
28347 1275 5263
23967 14981 19486
14981 19486 23967
19486 14981 23967
20796 778 19605
778 19605 20796
19605 778 20796
1781 2786 14343
14343 1781 2786
2786 1781 14343
16946 463 15945
463 15945 16946
15945 463 16946
2887 4460 28096
28096 2887 4460
4460 2887 28096
4041 9211 18242
9211 4041 18242
18242 4041 9211
27217 12822 25821
12822 25821 27217
25821 12822 27217
512 8391 24489
8391 512 24489
24489 512 8391
6827 3886 26605
3886 6827 26605
26605 3886 6827
23871 10084 15816
15816 10084 23871
10084 15816 23871
6308 12533 16702
12533 6308 16702
16702 6308 12533
7898 3974 27003
3974 7898 27003
27003 3974 7898
19177 3513 8868
3513 8868 19177
8868 3513 19177
13920 4882 13139
4882 13139 13920
13139 4882 13920
17693 11402 22817
22817 11402 17693
11402 17693 22817
27030 10820 25626
10820 25626 27030
25626 10820 27030
24430 2039 12155
12155 2039 24430
2039 12155 24430
24837 1649 23466
1649 23466 24837
23466 1649 24837
27553 15110 24852
24852 15110 27553
15110 24852 27553
1043 23263 25115
25115 1043 23263
23263 1043 25115
25397 9053 11129
11129 9053 25397
9053 11129 25397
3661 2989 14950
14950 2989 3661
2989 3661 14950
26703 23029 29271
29271 23029 26703
23029 26703 29271
9894 3393 29189
29189 3393 9894
3393 9894 29189
4951 26616 28903
26616 4951 28903
28903 4951 26616
28768 22033 29655
22033 28768 29655
29655 22033 28768
837 1953 20455
20455 837 1953
1953 837 20455
2768 8753 18590
18590 2768 8753
8753 2768 18590
24191 2671 20398
2671 20398 24191
20398 2671 24191
8573 16252 22062
22062 8573 16252
16252 8573 22062
2359 793 28336
793 2359 28336
28336 793 2359
16517 6056 28391
28391 6056 16517
6056 16517 28391
1505 19736 22522
22522 1505 19736
19736 1505 22522
13351 6290 13125
13125 6290 13351
6290 13125 13351
9383 10443 17799
17799 9383 10443
10443 9383 17799
7016 6945 29236
6945 7016 29236
29236 6945 7016
7118 11815 14990
14990 7118 11815
11815 7118 14990
18436 17770 26131
26131 17770 18436
17770 18436 26131
16146 2759 4935
4935 2759 16146
2759 4935 16146
27912 17704 26498
26498 17704 27912
17704 26498 27912
8673 2107 5089
2107 5089 8673
5089 2107 8673
20786 6304 25376
25376 6304 20786
6304 20786 25376
20909 9661 18920
18920 9661 20909
9661 18920 20909
20534 22447 27979
27979 20534 22447
22447 20534 27979
24224 14386 18552
18552 14386 24224
14386 18552 24224
22886 3768 4221
4221 3768 22886
3768 4221 22886
23596 1192 4853
4853 1192 23596
1192 4853 23596
6946 8248 19816
19816 6946 8248
8248 6946 19816
27652 5483 11961
5483 11961 27652
11961 5483 27652
18411 303 20221
303 18411 20221
20221 303 18411
2588 1171 24785
1171 2588 24785
24785 1171 2588
18849 12355 13441
13441 12355 18849
12355 13441 18849
17579 1270 1297
1270 1297 17579
1297 1270 17579
9490 5980 11693
5980 9490 11693
11693 5980 9490
22382 11671 21834
21834 11671 22382
11671 21834 22382
1548 18073 28251
18073 1548 28251
28251 1548 18073
22955 12794 20999
12794 20999 22955
20999 12794 22955
19985 9274 15524
9274 15524 19985
15524 9274 19985
1584 16092 19072
19072 1584 16092
16092 1584 19072
15947 10664 19059
19059 10664 15947
10664 15947 19059
16572 218 2820
218 2820 16572
2820 218 16572
21963 15791 19394
15791 19394 21963
19394 15791 21963
9621 2596 25990
25990 2596 9621
2596 9621 25990
2376 7834 29930
29930 2376 7834
7834 2376 29930
7808 7527 22276
22276 7527 7808
7527 7808 22276
23577 199 1503
1503 199 23577
199 1503 23577
10831 9242 19795
9242 10831 19795
19795 9242 10831
22146 5081 24159
24159 5081 22146
5081 22146 24159
3925 3197 27475
3197 3925 27475
27475 3197 3925
12595 4003 11725
11725 4003 12595
4003 11725 12595
24539 11935 26421
26421 11935 24539
11935 24539 26421
15873 2716 6167
6167 2716 15873
2716 6167 15873
2340 7049 10133
7049 2340 10133
10133 2340 7049
21824 26662 29232
29232 21824 26662
26662 21824 29232
25868 10316 13302
13302 10316 25868
10316 13302 25868
27880 8084 14005
14005 8084 27880
8084 14005 27880
3737 16683 21152
21152 3737 16683
16683 3737 21152
10960 12520 23621
23621 10960 12520
12520 10960 23621
17802 2477 9450
9450 2477 17802
2477 9450 17802
27534 7877 25463
25463 7877 27534
7877 25463 27534
17568 12240 17025
12240 17025 17568
17025 12240 17568
26434 24395 29151
29151 24395 26434
24395 26434 29151
19494 8174 29784
29784 8174 19494
8174 19494 29784
19780 10577 26290
10577 19780 26290
26290 10577 19780
26938 1997 18005
1997 18005 26938
18005 1997 26938
26717 5787 22647
22647 5787 26717
5787 22647 26717
3590 1956 21237
21237 1956 3590
1956 3590 21237
13012 4607 5150
5150 4607 13012
4607 5150 13012
14996 9097 11949
11949 9097 14996
9097 11949 14996
15001 7253 13336
7253 13336 15001
13336 7253 15001
8243 14662 21653
21653 8243 14662
14662 8243 21653
11535 3829 11814
11814 3829 11535
3829 11535 11814
29212 11136 27852
11136 27852 29212
27852 11136 29212
24222 4279 23115
4279 23115 24222
23115 4279 24222
13591 21550 26860
21550 13591 26860
26860 13591 21550
29013 4352 29364
29364 4352 29013
4352 29013 29364
11560 2777 9917
2777 9917 11560
9917 2777 11560
15914 3525 6043
6043 3525 15914
3525 6043 15914
246 3978 22394
22394 246 3978
3978 246 22394
10036 6883 18559
6883 10036 18559
18559 6883 10036
4766 17447 27054
17447 4766 27054
27054 4766 17447
13461 6163 17507
17507 6163 13461
6163 13461 17507
26425 2288 2426
2288 2426 26425
2426 2288 26425
20060 22163 26955
22163 20060 26955
26955 20060 22163
25013 3184 29001
3184 25013 29001
29001 3184 25013
26564 17285 18842
17285 18842 26564
18842 17285 26564
13148 158 14261
14261 158 13148
158 13148 14261
18457 14324 28245
14324 18457 28245
28245 14324 18457
8756 16787 29967
29967 8756 16787
16787 8756 29967
723 9857 12998
12998 723 9857
9857 723 12998
5367 8812 29281
8812 5367 29281
29281 5367 8812
20548 6122 27966
6122 20548 27966
27966 6122 20548
15180 21583 24768
21583 15180 24768
24768 15180 21583
5266 11884 26560
11884 5266 26560
26560 5266 11884
6675 6555 13147
13147 6555 6675
6555 6675 13147
7079 4628 26259
26259 4628 7079
4628 7079 26259
700 2559 19079
19079 700 2559
2559 700 19079
16447 3731 11742
11742 3731 16447
3731 11742 16447
14017 10995 29090
10995 14017 29090
29090 10995 14017
926 4770 12327
12327 926 4770
4770 926 12327
11504 1138 24504
24504 1138 11504
1138 11504 24504
17279 14602 28997
14602 17279 28997
28997 14602 17279
20578 25175 29147
25175 20578 29147
29147 20578 25175
28637 7590 21059
7590 21059 28637
21059 7590 28637
17906 29164 29191
29164 17906 29191
29191 17906 29164
