20316 15916 17076
15916 17076 20316
17076 15916 20316
18426 10569 26536
26536 10569 18426
10569 18426 26536
8824 7899 21700
21700 7899 8824
7899 8824 21700
17827 6426 11216
11216 6426 17827
6426 11216 17827
1903 18057 28418
18057 1903 28418
28418 1903 18057
25149 180 9520
9520 180 25149
180 9520 25149
7388 141 21472
21472 141 7388
141 7388 21472
21832 6534 19713
6534 19713 21832
19713 6534 21832
18353 12424 21566
21566 12424 18353
12424 18353 21566
15543 8991 28279
8991 15543 28279
28279 8991 15543
14974 14794 27692
14794 14974 27692
27692 14794 14974
3470 2204 10596
2204 3470 10596
10596 2204 3470
28502 7020 10350
7020 10350 28502
10350 7020 28502
15784 10226 18417
10226 15784 18417
18417 10226 15784
12462 16605 20515
20515 12462 16605
16605 12462 20515
28410 16696 24207
16696 24207 28410
24207 16696 28410
3619 12404 14090
12404 3619 14090
14090 3619 12404
10778 8439 8516
8439 8516 10778
8516 8439 10778
29662 22218 23046
23046 22218 29662
22218 23046 29662
1198 1050 11016
11016 1050 1198
1050 1198 11016
4751 21358 23523
21358 4751 23523
23523 4751 21358
16432 4827 5293
4827 5293 16432
5293 4827 16432
20563 20723 24956
24956 20563 20723
20723 20563 24956
6348 16185 22119
16185 6348 22119
22119 6348 16185
1527 18745 28796
28796 1527 18745
18745 1527 28796
23501 14948 21396
14948 21396 23501
21396 14948 23501
13262 6562 13734
13734 6562 13262
6562 13262 13734
25343 20849 28631
28631 20849 25343
20849 25343 28631
28239 22096 22100
22100 22096 28239
22096 22100 28239
17050 21717 29711
21717 17050 29711
29711 17050 21717
28798 8513 16793
8513 16793 28798
16793 8513 28798
12944 15715 23172
15715 12944 23172
23172 12944 15715
22723 23638 26358
23638 22723 26358
26358 22723 23638
22174 16327 21529
16327 21529 22174
21529 16327 22174
9083 14250 16504
14250 9083 16504
16504 9083 14250
19814 6370 22920
22920 6370 19814
6370 19814 22920
2965 4325 5782
5782 2965 4325
4325 2965 5782
3517 2809 10175
10175 2809 3517
2809 3517 10175
8867 5795 28241
5795 8867 28241
28241 5795 8867
24674 12717 18915
18915 12717 24674
12717 18915 24674
5638 10966 18916
10966 5638 18916
18916 5638 10966
1095 20652 23066
23066 1095 20652
20652 1095 23066
27876 2666 5931
5931 2666 27876
2666 5931 27876
28340 1944 20945
20945 1944 28340
1944 20945 28340
1425 5387 16989
16989 1425 5387
5387 1425 16989
25279 10782 29082
10782 25279 29082
29082 10782 25279
13884 23990 28867
28867 13884 23990
23990 13884 28867
23424 1087 4579
4579 1087 23424
1087 4579 23424
21391 383 2084
2084 383 21391
383 2084 21391
18223 12559 13367
13367 12559 18223
12559 13367 18223
12493 9597 25456
25456 9597 12493
9597 12493 25456
21195 18207 20615
20615 18207 21195
18207 20615 21195
19347 9548 18992
18992 9548 19347
9548 18992 19347
15633 12071 18371
18371 12071 15633
12071 15633 18371
259 721 11047
11047 259 721
721 259 11047
29250 12470 18009
18009 12470 29250
12470 18009 29250
24896 12509 22667
22667 12509 24896
12509 22667 24896
23898 27066 27845
27066 23898 27845
27845 23898 27066
16184 3099 11228
3099 11228 16184
11228 3099 16184
16852 13028 13118
13028 13118 16852
13118 13028 16852
8765 14716 21512
14716 8765 21512
21512 8765 14716
3998 6679 22042
6679 3998 22042
22042 3998 6679
26272 7772 14665
14665 7772 26272
7772 14665 26272
19871 506 8465
8465 506 19871
506 8465 19871
24210 1373 16099
1373 16099 24210
16099 1373 24210
2957 13289 24455
24455 2957 13289
13289 2957 24455
2832 8762 12821
12821 2832 8762
8762 2832 12821
2555 4235 21227
4235 2555 21227
21227 2555 4235
29878 11210 22199
22199 11210 29878
11210 22199 29878
29277 3191 19232
19232 3191 29277
3191 19232 29277
19053 6149 16953
6149 16953 19053
16953 6149 19053
15624 7092 22495
22495 7092 15624
7092 15624 22495
23417 16283 23823
23823 16283 23417
16283 23417 23823
13740 14960 21128
21128 13740 14960
14960 13740 21128
19066 15664 29606
15664 19066 29606
29606 15664 19066
14892 22810 27031
27031 14892 22810
22810 14892 27031
17877 2654 4505
2654 4505 17877
4505 2654 17877
317 5085 15438
15438 317 5085
5085 317 15438
5106 20152 23942
23942 5106 20152
20152 5106 23942
9129 3128 12481
3128 9129 12481
12481 3128 9129
13632 13394 28734
28734 13394 13632
13394 13632 28734
26013 18563 24737
18563 24737 26013
24737 18563 26013
28405 950 9722
9722 950 28405
950 9722 28405
18358 7604 26423
7604 18358 26423
26423 7604 18358
10400 12638 29609
12638 10400 29609
29609 10400 12638
770 1568 13649
1568 770 13649
13649 770 1568
23041 13855 19718
19718 13855 23041
13855 19718 23041
21698 24188 27786
24188 21698 27786
27786 21698 24188
7127 1526 4027
1526 4027 7127
4027 1526 7127
11524 10687 18410
10687 11524 18410
18410 10687 11524
620 8377 10301
8377 620 10301
10301 620 8377
9211 11996 29259
29259 9211 11996
11996 9211 29259
26972 1188 25581
1188 25581 26972
25581 1188 26972
20902 15874 25651
15874 20902 25651
25651 15874 20902
26561 12787 22818
22818 12787 26561
12787 22818 26561
20731 8501 29035
8501 20731 29035
29035 8501 20731
5069 4977 14152
4977 5069 14152
14152 4977 5069
21799 298 22265
22265 298 21799
298 21799 22265
17342 21895 27865
27865 17342 21895
21895 17342 27865
26056 9860 14124
9860 14124 26056
14124 9860 26056
20946 12457 14175
12457 14175 20946
14175 12457 20946
512 10397 14855
10397 512 14855
14855 512 10397
4450 8808 22030
22030 4450 8808
8808 4450 22030
7009 5943 19165
19165 5943 7009
5943 7009 19165
25899 809 14584
809 14584 25899
14584 809 25899
28542 25423 26439
26439 25423 28542
25423 26439 28542
25850 1956 6973
6973 1956 25850
1956 6973 25850
966 7687 18677
18677 966 7687
7687 966 18677
26321 5212 25790
25790 5212 26321
5212 25790 26321
23718 27208 27467
27467 23718 27208
27208 23718 27467
7446 10050 27091
10050 7446 27091
27091 7446 10050
19619 1195 19356
19356 1195 19619
1195 19356 19619
20296 17352 23963
17352 20296 23963
23963 17352 20296
27231 3786 23201
3786 23201 27231
23201 3786 27231
29315 4106 20405
20405 4106 29315
4106 20405 29315
2094 4740 24005
4740 2094 24005
24005 2094 4740
24309 4220 12636
12636 4220 24309
4220 12636 24309
13064 4550 26115
26115 4550 13064
4550 13064 26115
15295 24974 27574
27574 15295 24974
24974 15295 27574
15251 4094 21412
4094 15251 21412
21412 4094 15251
22830 9077 18100
18100 9077 22830
9077 18100 22830
19096 11734 23625
11734 19096 23625
23625 11734 19096
26912 16443 19021
16443 19021 26912
19021 16443 26912
8955 18535 20043
18535 8955 20043
20043 8955 18535
14719 23925 29988
23925 14719 29988
29988 14719 23925
25848 9905 24638
9905 24638 25848
24638 9905 25848
21179 5628 8014
8014 5628 21179
5628 8014 21179
23541 8425 13782
13782 8425 23541
8425 13782 23541
27495 18712 21934
18712 21934 27495
21934 18712 27495
5378 4855 15858
4855 5378 15858
15858 4855 5378
8053 21846 23443
21846 8053 23443
23443 8053 21846
23992 837 10229
10229 837 23992
837 10229 23992
12506 22392 27582
22392 12506 27582
27582 12506 22392
19591 17677 23170
17677 19591 23170
23170 17677 19591
24775 16076 28613
28613 16076 24775
16076 24775 28613
8210 1674 1885
1885 1674 8210
1674 1885 8210
24492 11491 21194
11491 21194 24492
21194 11491 24492
23534 10527 14181
14181 10527 23534
10527 14181 23534
1303 9902 11792
9902 1303 11792
11792 1303 9902
3485 6030 25934
25934 3485 6030
6030 3485 25934
10031 12273 22026
12273 10031 22026
22026 10031 12273
6606 9938 27048
27048 6606 9938
9938 6606 27048
12112 15882 29001
29001 12112 15882
15882 12112 29001
25973 5881 13593
5881 13593 25973
13593 5881 25973
12327 8314 27875
8314 12327 27875
27875 8314 12327
18993 6824 9013
6824 9013 18993
9013 6824 18993
19723 2880 27810
27810 2880 19723
2880 19723 27810
26726 4992 5080
4992 5080 26726
5080 4992 26726
12701 4163 19736
19736 4163 12701
4163 12701 19736
8594 11218 23186
23186 8594 11218
11218 8594 23186
20775 9871 16286
9871 16286 20775
16286 9871 20775
7584 860 17331
17331 860 7584
860 7584 17331
7176 12492 18989
12492 7176 18989
18989 7176 12492
12248 7566 26607
26607 7566 12248
7566 12248 26607
5475 5832 24283
24283 5475 5832
5832 5475 24283
6339 11517 12848
12848 6339 11517
11517 6339 12848
15797 18600 29197
29197 15797 18600
18600 15797 29197
2435 5549 12459
12459 2435 5549
5549 2435 12459
16389 14322 22558
22558 14322 16389
14322 16389 22558
5030 1911 17305
1911 5030 17305
17305 1911 5030
9661 13809 24698
24698 9661 13809
13809 9661 24698
23989 12835 29723
12835 23989 29723
29723 12835 23989
2301 4240 23030
23030 2301 4240
4240 2301 23030
7481 10381 16336
10381 7481 16336
16336 7481 10381
4785 2206 9487
9487 2206 4785
2206 4785 9487
17347 568 15729
15729 568 17347
568 15729 17347
7631 4936 19148
4936 7631 19148
19148 4936 7631
16353 15005 22258
22258 15005 16353
15005 16353 22258
28596 4910 11514
4910 11514 28596
11514 4910 28596
1895 16191 19137
16191 1895 19137
19137 1895 16191
24662 25255 27820
27820 24662 25255
25255 24662 27820
22700 27481 28366
27481 22700 28366
28366 22700 27481
15332 8603 23080
23080 8603 15332
8603 15332 23080
26598 15463 25863
25863 15463 26598
15463 25863 26598
861 13116 28702
28702 861 13116
13116 861 28702
13874 9596 12584
12584 9596 13874
9596 12584 13874
22910 7470 28077
7470 22910 28077
28077 7470 22910
10160 14135 16323
16323 10160 14135
14135 10160 16323
19595 18181 26686
26686 18181 19595
18181 19595 26686
3596 1047 22389
1047 3596 22389
22389 1047 3596
427 9612 29929
29929 427 9612
9612 427 29929
22755 6935 26649
26649 6935 22755
6935 22755 26649
632 16681 26729
26729 632 16681
16681 632 26729
27043 6011 22321
6011 22321 27043
22321 6011 27043
12923 9411 22842
9411 12923 22842
22842 9411 12923
23933 9818 12888
9818 12888 23933
12888 9818 23933
2212 3685 25729
25729 2212 3685
3685 2212 25729
23682 5729 8818
8818 5729 23682
5729 8818 23682
14481 13563 19146
19146 13563 14481
13563 14481 19146
7929 15593 28728
28728 7929 15593
15593 7929 28728
15849 15379 21016
21016 15379 15849
15379 15849 21016
14579 357 6260
6260 357 14579
357 6260 14579
16200 11555 14114
14114 11555 16200
11555 14114 16200
13792 3752 22312
22312 3752 13792
3752 13792 22312
8601 17933 19900
19900 8601 17933
17933 8601 19900
3065 2720 3250
2720 3065 3250
3250 2720 3065
18247 3565 17185
17185 3565 18247
3565 17185 18247
18515 22163 24611
24611 18515 22163
22163 18515 24611
1266 150 28538
150 1266 28538
28538 150 1266
2475 17653 17833
17653 2475 17833
17833 2475 17653
3775 1726 28432
1726 3775 28432
28432 1726 3775
19547 1746 10856
10856 1746 19547
1746 10856 19547
6727 14550 26153
26153 6727 14550
14550 6727 26153
11913 18689 19627
19627 11913 18689
18689 11913 19627
18957 1783 21250
1783 18957 21250
21250 1783 18957
714 3111 3599
3111 714 3599
3599 714 3111
20663 7985 15681
7985 15681 20663
15681 7985 20663
3366 3799 20961
3799 3366 20961
20961 3366 3799
14519 7118 7569
7118 7569 14519
7569 7118 14519
26180 19656 20470
19656 20470 26180
20470 19656 26180
29090 4772 7795
7795 4772 29090
4772 7795 29090
26259 1052 26274
1052 26259 26274
26274 1052 26259
9720 1030 16262
16262 1030 9720
1030 9720 16262
8593 1413 2365
1413 2365 8593
2365 1413 8593
10337 20937 26325
26325 10337 20937
20937 10337 26325
6692 18763 22146
22146 6692 18763
18763 6692 22146
10200 4756 20799
4756 10200 20799
20799 4756 10200
26095 28357 28852
28852 26095 28357
28357 26095 28852
1473 18010 19626
19626 1473 18010
18010 1473 19626
6745 2174 12630
12630 2174 6745
2174 6745 12630
20037 4935 16291
16291 4935 20037
4935 16291 20037
18047 6271 14586
6271 14586 18047
14586 6271 18047
21188 20457 26708
20457 21188 26708
26708 20457 21188
27611 27580 28048
27580 27611 28048
28048 27580 27611
8612 3760 20084
20084 3760 8612
3760 8612 20084
10691 1514 23217
1514 10691 23217
23217 1514 10691
9692 329 26741
329 9692 26741
26741 329 9692
14379 5899 29473
29473 5899 14379
5899 14379 29473
3294 24933 24975
24975 3294 24933
24933 3294 24975
12330 1781 20923
1781 12330 20923
20923 1781 12330
8278 2052 23875
23875 2052 8278
2052 8278 23875
12614 1156 15457
1156 12614 15457
15457 1156 12614
14382 3934 26275
26275 3934 14382
3934 14382 26275
4389 1961 10635
1961 4389 10635
10635 1961 4389
14285 9486 20853
9486 14285 20853
20853 9486 14285
10906 2513 22012
2513 10906 22012
22012 2513 10906
13825 7261 18607
18607 7261 13825
7261 13825 18607
7334 7869 13045
13045 7334 7869
7869 7334 13045
27976 2691 29289
2691 27976 29289
29289 2691 27976
22243 10541 23006
10541 22243 23006
23006 10541 22243
7579 14148 17495
14148 7579 17495
17495 7579 14148
24546 24395 25872
25872 24395 24546
24395 24546 25872
6854 12356 26459
12356 6854 26459
26459 6854 12356
2047 7983 26405
26405 2047 7983
7983 2047 26405
20495 24568 25159
25159 20495 24568
24568 20495 25159
1515 23544 25428
25428 1515 23544
23544 1515 25428
20998 23274 26964
23274 20998 26964
26964 20998 23274
20032 814 21330
21330 814 20032
814 20032 21330
10396 5718 8997
8997 5718 10396
5718 8997 10396
1833 2766 28837
2766 1833 28837
28837 1833 2766
13622 15367 18399
15367 13622 18399
18399 13622 15367
22647 15183 20071
20071 15183 22647
15183 20071 22647
3967 7052 28675
28675 3967 7052
7052 3967 28675
920 7511 14983
7511 920 14983
14983 920 7511
25539 14815 17710
14815 17710 25539
17710 14815 25539
6738 11489 14162
14162 6738 11489
11489 6738 14162
26157 3184 23071
23071 3184 26157
3184 23071 26157
5313 1405 5012
1405 5012 5313
5012 1405 5313
9521 12994 22815
22815 9521 12994
12994 9521 22815
14947 6270 25329
6270 14947 25329
25329 6270 14947
10679 1830 2053
2053 1830 10679
1830 2053 10679
13856 1827 16385
1827 13856 16385
16385 1827 13856
7187 4264 28915
28915 4264 7187
4264 7187 28915
29765 18046 18885
18885 18046 29765
18046 18885 29765
5011 6555 25482
25482 5011 6555
6555 5011 25482
7765 22996 29320
22996 7765 29320
29320 7765 22996
25805 21137 22590
22590 21137 25805
21137 22590 25805
19216 12169 22253
22253 12169 19216
12169 19216 22253
5162 14016 26590
14016 5162 26590
26590 5162 14016
23636 2940 10805
2940 10805 23636
10805 2940 23636
29216 15990 27217
15990 27217 29216
27217 15990 29216
28870 1134 1938
1134 1938 28870
1938 1134 28870
1899 3189 4226
4226 1899 3189
3189 1899 4226
13767 954 15889
954 13767 15889
15889 954 13767
22290 20159 24490
20159 22290 24490
24490 20159 22290
4724 16780 29176
16780 4724 29176
29176 4724 16780
17910 2908 10126
2908 10126 17910
10126 2908 17910
26514 7227 12311
7227 12311 26514
12311 7227 26514
17291 3102 6475
3102 6475 17291
6475 3102 17291
16982 94 7218
7218 94 16982
94 7218 16982
1238 2171 3843
3843 1238 2171
2171 1238 3843
5905 2787 6948
2787 5905 6948
6948 2787 5905
1853 8939 21759
21759 1853 8939
8939 1853 21759
5682 5177 22542
22542 5177 5682
5177 5682 22542
22273 3386 6189
3386 6189 22273
6189 3386 22273
13062 9598 18699
9598 13062 18699
18699 9598 13062
19621 6735 22442
22442 6735 19621
6735 19621 22442
18676 7779 10684
7779 10684 18676
10684 7779 18676
15361 10315 22656
10315 15361 22656
22656 10315 15361
19602 4278 17142
4278 17142 19602
17142 4278 19602
27390 5987 11017
5987 11017 27390
11017 5987 27390
21546 5010 19934
5010 19934 21546
19934 5010 21546
21822 6777 25582
25582 6777 21822
6777 21822 25582
7427 7048 26086
7048 7427 26086
26086 7048 7427
26521 13204 28085
28085 13204 26521
13204 26521 28085
6564 17915 23198
17915 6564 23198
23198 6564 17915
13115 4647 29420
4647 13115 29420
29420 4647 13115
28251 24595 26305
26305 24595 28251
24595 26305 28251
8992 664 12943
12943 664 8992
664 8992 12943
11688 7032 10107
10107 7032 11688
7032 10107 11688
7593 973 27160
973 7593 27160
27160 973 7593
7376 9047 12002
12002 7376 9047
9047 7376 12002
19495 3463 21322
3463 19495 21322
21322 3463 19495
10354 326 18327
18327 326 10354
326 10354 18327
20982 1992 23859
1992 20982 23859
23859 1992 20982
9765 17981 23960
17981 9765 23960
23960 9765 17981
27132 453 25756
453 25756 27132
25756 453 27132
9011 8143 12491
8143 9011 12491
12491 8143 9011
19896 2293 27725
2293 19896 27725
27725 2293 19896
20736 8303 15674
15674 8303 20736
8303 15674 20736
14893 7331 18240
7331 14893 18240
18240 7331 14893
25328 4680 9683
4680 9683 25328
9683 4680 25328
387 25731 26774
26774 387 25731
25731 387 26774
20542 18806 22687
22687 18806 20542
18806 20542 22687
3778 666 23860
666 3778 23860
23860 666 3778
7622 15184 19708
15184 7622 19708
19708 7622 15184
27421 15950 21483
21483 15950 27421
15950 21483 27421
13748 2596 14340
14340 2596 13748
2596 13748 14340
2761 9711 14775
14775 2761 9711
9711 2761 14775
10780 9915 16809
9915 10780 16809
16809 9915 10780
22684 7377 11853
7377 11853 22684
11853 7377 22684
28723 4666 24805
24805 4666 28723
4666 24805 28723
13468 9685 13751
13751 9685 13468
9685 13468 13751
9888 15264 20030
15264 9888 20030
20030 9888 15264
14970 7842 20255
7842 14970 20255
20255 7842 14970
14020 1907 2548
1907 2548 14020
2548 1907 14020
20199 2743 18564
2743 18564 20199
18564 2743 20199
25885 8452 19168
8452 19168 25885
19168 8452 25885
6000 4654 14441
4654 6000 14441
14441 4654 6000
17585 597 15619
15619 597 17585
597 15619 17585
1850 22091 28208
22091 1850 28208
28208 1850 22091
15645 8060 25929
25929 8060 15645
8060 15645 25929
28531 9798 18601
18601 9798 28531
9798 18601 28531
27937 1091 11812
11812 1091 27937
1091 11812 27937
15959 2200 22459
22459 2200 15959
2200 15959 22459
17457 16883 29762
29762 16883 17457
16883 17457 29762
10444 17579 21801
21801 10444 17579
17579 10444 21801
917 5088 15249
15249 917 5088
5088 917 15249
7541 17040 22665
22665 7541 17040
17040 7541 22665
18159 3576 9619
3576 9619 18159
9619 3576 18159
7247 14054 28328
14054 7247 28328
28328 7247 14054
19366 6204 25671
25671 6204 19366
6204 19366 25671
879 12433 25484
25484 879 12433
12433 879 25484
6721 9342 14930
9342 6721 14930
14930 6721 9342
3048 3634 26311
3634 3048 26311
26311 3048 3634
9110 7022 29122
7022 9110 29122
29122 7022 9110
27887 9166 27909
9166 27887 27909
27909 9166 27887
5306 13113 19237
13113 5306 19237
19237 5306 13113
22608 5634 19503
5634 19503 22608
19503 5634 22608
18540 8846 27572
8846 18540 27572
27572 8846 18540
8364 4354 12758
12758 4354 8364
4354 8364 12758
23640 11173 11831
11173 11831 23640
11831 11173 23640
24879 1951 17054
17054 1951 24879
1951 17054 24879
494 7974 11418
7974 494 11418
11418 494 7974
4374 18762 28054
28054 4374 18762
18762 4374 28054
12161 5857 16935
5857 12161 16935
16935 5857 12161
20317 27457 29219
29219 20317 27457
27457 20317 29219
7228 11794 19194
11794 7228 19194
19194 7228 11794
19570 25113 29006
25113 19570 29006
29006 19570 25113
587 5930 29145
5930 587 29145
29145 587 5930
25641 21972 23086
21972 23086 25641
23086 21972 25641
7370 2974 15230
15230 2974 7370
2974 7370 15230
15910 5374 24691
24691 5374 15910
5374 15910 24691
15952 6145 25089
25089 6145 15952
6145 15952 25089
6805 15147 24921
15147 6805 24921
24921 6805 15147
19854 3764 20627
20627 3764 19854
3764 19854 20627
24015 11613 17447
11613 17447 24015
17447 11613 24015
8788 6024 13287
13287 6024 8788
6024 8788 13287
25183 3368 27849
3368 25183 27849
27849 3368 25183
5039 6974 16575
16575 5039 6974
6974 5039 16575
2361 18173 28456
18173 2361 28456
28456 2361 18173
8239 22469 29401
29401 8239 22469
22469 8239 29401
23379 20065 27674
20065 23379 27674
27674 20065 23379
10682 23805 28316
23805 10682 28316
28316 10682 23805
22291 656 6715
6715 656 22291
656 6715 22291
18710 9009 23295
23295 9009 18710
9009 18710 23295
17437 12543 16619
16619 12543 17437
12543 16619 17437
28982 6184 21774
6184 21774 28982
21774 6184 28982
19584 7981 17269
17269 7981 19584
7981 17269 19584
24087 6234 15999
15999 6234 24087
6234 15999 24087
25305 22859 28907
28907 22859 25305
22859 25305 28907
10994 2463 27371
2463 10994 27371
27371 2463 10994
6566 5524 22369
22369 5524 6566
5524 6566 22369
27971 2650 25535
2650 25535 27971
25535 2650 27971
24841 5082 12253
5082 12253 24841
12253 5082 24841
13044 12702 28368
12702 13044 28368
28368 12702 13044
19585 6816 20897
20897 6816 19585
6816 19585 20897
13604 10165 23869
23869 10165 13604
10165 13604 23869
23026 18382 27975
27975 18382 23026
18382 23026 27975
27285 20083 20926
20926 20083 27285
20083 20926 27285
22990 22984 29969
22984 22990 29969
29969 22984 22990
5784 16868 20657
16868 5784 20657
20657 5784 16868
15225 3117 10030
10030 3117 15225
3117 10030 15225
19918 4476 12020
12020 4476 19918
4476 12020 19918
11642 26336 29085
29085 11642 26336
26336 11642 29085
4008 3866 11467
11467 3866 4008
3866 4008 11467
22889 8674 15022
15022 8674 22889
8674 15022 22889
7567 702 7105
702 7105 7567
7105 702 7567
3748 13905 24827
24827 3748 13905
13905 3748 24827
22902 18713 29673
18713 22902 29673
29673 18713 22902
16567 17231 24676
24676 16567 17231
17231 16567 24676
5468 6557 9761
9761 5468 6557
6557 5468 9761
23082 13447 17944
17944 13447 23082
13447 17944 23082
14583 10744 25198
25198 10744 14583
10744 14583 25198
5901 16466 23937
23937 5901 16466
16466 5901 23937
931 1103 4455
1103 931 4455
4455 931 1103
14999 7580 18539
18539 7580 14999
7580 14999 18539
16371 1975 27244
27244 1975 16371
1975 16371 27244
26909 14105 22341
22341 14105 26909
14105 22341 26909
16495 7156 23901
7156 16495 23901
23901 7156 16495
24198 483 5142
5142 483 24198
483 5142 24198
29368 11107 15398
15398 11107 29368
11107 15398 29368
6457 14842 29463
14842 6457 29463
29463 6457 14842
9669 7497 25268
25268 7497 9669
7497 9669 25268
4985 3379 23948
3379 4985 23948
23948 3379 4985
24799 2331 17023
17023 2331 24799
2331 17023 24799
16929 4817 23231
4817 16929 23231
23231 4817 16929
24088 11867 20279
20279 11867 24088
11867 20279 24088
1910 1251 13633
13633 1251 1910
1251 1910 13633
19657 18680 19787
19787 18680 19657
18680 19657 19787
27220 24498 25429
24498 25429 27220
25429 24498 27220
21049 11360 17917
17917 11360 21049
11360 17917 21049
15334 2079 22436
2079 15334 22436
22436 2079 15334
9943 5986 20905
20905 5986 9943
5986 9943 20905
19266 18786 28991
28991 18786 19266
18786 19266 28991
19054 4926 9781
9781 4926 19054
4926 9781 19054
6094 5529 29056
5529 6094 29056
29056 5529 6094
18592 20236 23530
23530 18592 20236
20236 18592 23530
8975 2178 2651
2651 2178 8975
2178 2651 8975
3295 5781 27313
5781 3295 27313
27313 3295 5781
24794 25669 28775
25669 24794 28775
28775 24794 25669
13392 5079 11804
5079 11804 13392
11804 5079 13392
15751 8723 29089
8723 15751 29089
29089 8723 15751
12468 12756 23855
23855 12468 12756
12756 12468 23855
7775 7605 16265
16265 7605 7775
7605 7775 16265
20448 15779 17701
15779 17701 20448
17701 15779 20448
17762 19766 28167
28167 17762 19766
19766 17762 28167
15344 5092 22844
22844 5092 15344
5092 15344 22844
21448 11959 12947
11959 12947 21448
12947 11959 21448
12488 5803 11787
11787 5803 12488
5803 11787 12488
21274 4385 15992
15992 4385 21274
4385 15992 21274
21253 6990 24564
6990 21253 24564
24564 6990 21253
22251 16312 24481
16312 22251 24481
24481 16312 22251
23468 2229 24873
2229 23468 24873
24873 2229 23468
25974 13875 19009
19009 13875 25974
13875 19009 25974
8265 8486 12456
8486 8265 12456
12456 8265 8486
2103 11048 28377
28377 2103 11048
11048 2103 28377
13810 13385 17176
17176 13385 13810
13385 13810 17176
4568 17611 18134
18134 4568 17611
17611 4568 18134
3429 10380 25734
10380 3429 25734
25734 3429 10380
28332 6754 8365
8365 6754 28332
6754 8365 28332
9126 12216 19462
12216 9126 19462
19462 9126 12216
21638 3007 24757
3007 21638 24757
24757 3007 21638
26955 10922 13126
13126 10922 26955
10922 13126 26955
5272 4531 6289
4531 5272 6289
6289 4531 5272
23389 6001 23190
23190 6001 23389
6001 23190 23389
18985 23669 26675
23669 18985 26675
26675 18985 23669
2501 6752 20727
6752 2501 20727
20727 2501 6752
20813 9374 28995
28995 9374 20813
9374 20813 28995
12143 16067 26659
26659 12143 16067
16067 12143 26659
9232 5423 22038
22038 5423 9232
5423 9232 22038
18853 2529 13762
13762 2529 18853
2529 13762 18853
6858 8623 22949
8623 6858 22949
22949 6858 8623
6730 16326 16860
16326 6730 16860
16860 6730 16326
3683 1690 26932
1690 3683 26932
26932 1690 3683
3970 229 4758
229 3970 4758
4758 229 3970
15989 15909 25068
15909 15989 25068
25068 15909 15989
28069 25027 28822
25027 28069 28822
28822 25027 28069
29138 915 2612
2612 915 29138
915 2612 29138
9505 16972 26348
26348 9505 16972
16972 9505 26348
25234 2574 15969
15969 2574 25234
2574 15969 25234
13313 1507 13332
13332 1507 13313
1507 13313 13332
20239 1353 15172
1353 15172 20239
15172 1353 20239
29373 11960 20345
11960 20345 29373
20345 11960 29373
24279 2288 20282
20282 2288 24279
2288 20282 24279
12094 21683 29729
21683 12094 29729
29729 12094 21683
17116 1695 4284
1695 4284 17116
4284 1695 17116
29098 25580 28478
28478 25580 29098
25580 28478 29098
28221 19571 20706
20706 19571 28221
19571 20706 28221
21302 4530 29265
4530 21302 29265
29265 4530 21302
25743 7064 29317
29317 7064 25743
7064 25743 29317
11731 6192 10105
6192 10105 11731
10105 6192 11731
8315 1265 18739
1265 8315 18739
18739 1265 8315
3180 5839 21190
21190 3180 5839
5839 3180 21190
17785 5588 11382
5588 11382 17785
11382 5588 17785
7728 8920 17644
8920 7728 17644
17644 7728 8920
14112 1598 25586
25586 1598 14112
1598 14112 25586
3964 4786 17657
4786 3964 17657
17657 3964 4786
16478 3161 3354
3161 3354 16478
3354 3161 16478
22396 14354 16851
16851 14354 22396
14354 16851 22396
18690 8963 13666
8963 13666 18690
13666 8963 18690
20026 22686 23949
22686 20026 23949
23949 20026 22686
27379 16951 23020
16951 23020 27379
23020 16951 27379
3415 2089 16874
16874 2089 3415
2089 3415 16874
11245 22811 23289
23289 11245 22811
22811 11245 23289
6680 13648 19394
19394 6680 13648
13648 6680 19394
25246 4062 11408
11408 4062 25246
4062 11408 25246
29822 21850 23908
23908 21850 29822
21850 23908 29822
9830 9343 22783
22783 9343 9830
9343 9830 22783
27508 962 23840
23840 962 27508
962 23840 27508
4900 1928 28348
1928 4900 28348
28348 1928 4900
12793 7079 12007
7079 12007 12793
12007 7079 12793
5624 18662 26920
18662 5624 26920
26920 5624 18662
5497 20859 29333
20859 5497 29333
29333 5497 20859
27755 15939 18583
18583 15939 27755
15939 18583 27755
16440 7382 21162
21162 7382 16440
7382 16440 21162
11504 5471 21861
21861 5471 11504
5471 11504 21861
7488 911 24577
911 7488 24577
24577 911 7488
774 20451 25045
20451 774 25045
25045 774 20451
23178 3702 16338
16338 3702 23178
3702 16338 23178
22631 10750 23273
10750 22631 23273
23273 10750 22631
29597 12463 28579
12463 28579 29597
28579 12463 29597
7472 9748 18707
9748 7472 18707
18707 7472 9748
14024 25593 28868
25593 14024 28868
28868 14024 25593
29451 10938 21286
10938 21286 29451
21286 10938 29451
19697 5533 14958
5533 14958 19697
14958 5533 19697
17876 14278 28962
14278 17876 28962
28962 14278 17876
18619 19095 26902
19095 18619 26902
26902 18619 19095
20281 8301 9320
9320 8301 20281
8301 9320 20281
13146 2910 28170
2910 13146 28170
28170 2910 13146
23165 7996 29303
7996 23165 29303
29303 7996 23165
24591 16653 17194
16653 17194 24591
17194 16653 24591
15296 11185 26214
26214 11185 15296
11185 15296 26214
27650 14667 24979
24979 14667 27650
14667 24979 27650
29221 15062 16074
15062 16074 29221
16074 15062 29221
29564 13410 29294
29294 13410 29564
13410 29294 29564
6855 1716 10731
10731 1716 6855
1716 6855 10731
24254 4289 22310
4289 22310 24254
22310 4289 24254
16871 8256 11398
8256 11398 16871
11398 8256 16871
25370 825 29922
29922 825 25370
825 25370 29922
12603 3623 6648
3623 6648 12603
6648 3623 12603
24787 4465 4943
4943 4465 24787
4465 4943 24787
7275 8750 15739
8750 7275 15739
15739 7275 8750
27853 549 23114
549 23114 27853
23114 549 27853
21354 16552 16727
16727 16552 21354
16552 16727 21354
19307 14612 15282
14612 15282 19307
15282 14612 19307
10801 7656 26192
7656 10801 26192
26192 7656 10801
6922 1454 12691
12691 1454 6922
1454 6922 12691
8881 3691 11290
11290 3691 8881
3691 8881 11290
24069 16268 23427
16268 23427 24069
23427 16268 24069
2925 4084 7453
4084 2925 7453
7453 2925 4084
4224 17467 27720
17467 4224 27720
27720 4224 17467
25241 18643 21979
18643 21979 25241
21979 18643 25241
9990 969 27596
969 9990 27596
27596 969 9990
24743 1533 12708
12708 1533 24743
1533 12708 24743
12425 7894 16166
7894 12425 16166
16166 7894 12425
19910 15591 29437
29437 15591 19910
15591 19910 29437
27834 17395 25512
25512 17395 27834
17395 25512 27834
23928 24113 29043
24113 23928 29043
29043 23928 24113
28684 23248 28840
28840 23248 28684
23248 28684 28840
1946 5966 20029
5966 1946 20029
20029 1946 5966
11340 10599 23628
23628 10599 11340
10599 11340 23628
14796 1722 4331
4331 1722 14796
1722 4331 14796
19402 15069 17993
15069 17993 19402
17993 15069 19402
14689 2422 9451
2422 9451 14689
9451 2422 14689
13172 10357 26403
10357 13172 26403
26403 10357 13172
19407 2587 12348
2587 12348 19407
12348 2587 19407
11252 11136 16524
11136 11252 16524
16524 11136 11252
22492 8811 22498
22498 8811 22492
8811 22492 22498
12928 3935 16026
16026 3935 12928
3935 12928 16026
33 2631 22083
22083 33 2631
2631 33 22083
9183 888 15197
15197 888 9183
888 9183 15197
15582 3972 17531
17531 3972 15582
3972 15582 17531
7301 10215 24264
24264 7301 10215
10215 7301 24264
15342 14789 27276
14789 15342 27276
27276 14789 15342
4589 15243 20477
20477 4589 15243
15243 4589 20477
17258 5864 18858
18858 5864 17258
5864 17258 18858
13393 12572 22639
22639 12572 13393
12572 13393 22639
19396 3828 11880
3828 11880 19396
11880 3828 19396
28454 18250 28128
28128 18250 28454
18250 28128 28454
14910 14500 20391
20391 14500 14910
14500 14910 20391
25092 2 13258
2 13258 25092
13258 2 25092
15564 16609 18418
18418 15564 16609
16609 15564 18418
2903 4858 9060
9060 2903 4858
4858 2903 9060
27730 9874 16234
9874 16234 27730
16234 9874 27730
12504 65 24729
24729 65 12504
65 12504 24729
18828 13157 25357
25357 13157 18828
13157 18828 25357
24026 16271 19277
16271 19277 24026
19277 16271 24026
18834 8248 10438
10438 8248 18834
8248 10438 18834
15853 22013 24335
22013 15853 24335
24335 15853 22013
18693 16533 26210
26210 16533 18693
16533 18693 26210
17145 14926 22691
22691 14926 17145
14926 17145 22691
12260 7284 25824
25824 7284 12260
7284 12260 25824
8290 2471 5477
5477 2471 8290
2471 5477 8290
9315 12655 21470
21470 9315 12655
12655 9315 21470
8090 10042 23342
10042 8090 23342
23342 8090 10042
19651 4991 18508
18508 4991 19651
4991 18508 19651
14369 7515 15125
7515 14369 15125
15125 7515 14369
8605 13434 22747
22747 8605 13434
13434 8605 22747
15942 2657 16656
16656 2657 15942
2657 15942 16656
12831 4768 25720
25720 4768 12831
4768 12831 25720
12332 10027 19794
19794 10027 12332
10027 12332 19794
19484 3053 14113
14113 3053 19484
3053 14113 19484
347 3647 8181
3647 347 8181
8181 347 3647
9670 20114 22420
20114 9670 22420
22420 9670 20114
26954 1589 2160
2160 1589 26954
1589 2160 26954
28087 9568 22991
22991 9568 28087
9568 22991 28087
1845 3524 17663
3524 1845 17663
17663 1845 3524
29517 1177 5467
5467 1177 29517
1177 5467 29517
24414 10091 15984
10091 15984 24414
15984 10091 24414
12878 13497 22088
22088 12878 13497
13497 12878 22088
8671 16224 17057
16224 8671 17057
17057 8671 16224
1057 17178 27228
17178 1057 27228
27228 1057 17178
17888 9168 19288
9168 17888 19288
19288 9168 17888
22998 6618 8164
8164 6618 22998
6618 8164 22998
1734 3142 23436
3142 1734 23436
23436 1734 3142
958 15411 16896
16896 958 15411
15411 958 16896
4437 1465 10993
10993 1465 4437
1465 4437 10993
12885 18356 22971
22971 12885 18356
18356 12885 22971
901 285 7449
285 901 7449
7449 285 901
172 16046 27675
27675 172 16046
16046 172 27675
8444 12114 26101
12114 8444 26101
26101 8444 12114
14177 9199 21209
9199 14177 21209
21209 9199 14177
22987 13375 17444
13375 17444 22987
17444 13375 22987
2774 16652 19319
16652 2774 19319
19319 2774 16652
12781 3407 17215
3407 12781 17215
17215 3407 12781
27668 153 16747
16747 153 27668
153 16747 27668
27783 665 12581
12581 665 27783
665 12581 27783
3380 119 3538
119 3380 3538
3538 119 3380
2730 16335 19427
19427 2730 16335
16335 2730 19427
14347 10932 23751
10932 14347 23751
23751 10932 14347
15373 776 13026
13026 776 15373
776 13026 15373
26676 3792 16918
3792 16918 26676
16918 3792 26676
26314 21819 29023
29023 21819 26314
21819 26314 29023
25507 2524 6578
6578 2524 25507
2524 6578 25507
6662 321 22070
321 6662 22070
22070 321 6662
21521 469 3745
3745 469 21521
469 3745 21521
3766 16062 18821
16062 3766 18821
18821 3766 16062
6655 4919 10539
4919 6655 10539
10539 4919 6655
29311 12979 24430
12979 24430 29311
24430 12979 29311
3274 8536 23881
23881 3274 8536
8536 3274 23881
10368 8409 17551
8409 10368 17551
17551 8409 10368
15227 6645 21280
6645 15227 21280
21280 6645 15227
16858 6133 9325
9325 6133 16858
6133 9325 16858
17526 8159 18872
18872 8159 17526
8159 17526 18872
23224 2127 22057
22057 2127 23224
2127 22057 23224
19916 14514 25492
14514 19916 25492
25492 14514 19916
29149 4525 12985
4525 12985 29149
12985 4525 29149
14381 14763 29896
14763 14381 29896
29896 14381 14763
26959 9454 14453
9454 14453 26959
14453 9454 26959
4669 4406 14301
4406 4669 14301
14301 4406 4669
29565 17411 23445
17411 23445 29565
23445 17411 29565
7847 2792 13466
13466 2792 7847
2792 7847 13466
28745 22080 27970
22080 27970 28745
27970 22080 28745
19296 13531 20854
20854 13531 19296
13531 19296 20854
4134 13539 27086
13539 4134 27086
27086 4134 13539
10755 1705 6769
6769 1705 10755
1705 6769 10755
20488 10728 20839
20839 10728 20488
10728 20488 20839
23316 9528 13490
13490 9528 23316
9528 13490 23316
23388 9540 19909
9540 19909 23388
19909 9540 23388
6773 1151 16261
1151 6773 16261
16261 1151 6773
23885 10640 24511
10640 23885 24511
24511 10640 23885
19170 2969 22635
2969 19170 22635
22635 2969 19170
8370 22393 28107
28107 8370 22393
22393 8370 28107
25940 14523 25235
25235 14523 25940
14523 25235 25940
27326 13273 16087
16087 13273 27326
13273 16087 27326
5292 4254 8063
8063 4254 5292
4254 5292 8063
17102 1016 18120
1016 17102 18120
18120 1016 17102
17599 2370 7588
2370 7588 17599
7588 2370 17599
17737 8890 20697
8890 17737 20697
20697 8890 17737
19262 11273 27356
27356 11273 19262
11273 19262 27356
5028 15743 17157
15743 5028 17157
17157 5028 15743
4739 23893 25667
23893 4739 25667
25667 4739 23893
20 7887 29204
29204 20 7887
7887 20 29204
3194 2122 20580
20580 2122 3194
2122 3194 20580
5695 10223 17872
10223 5695 17872
17872 5695 10223
23266 3377 21741
21741 3377 23266
3377 21741 23266
14638 8268 21275
8268 14638 21275
21275 8268 14638
11687 20622 24165
24165 11687 20622
20622 11687 24165
3983 12737 23701
12737 3983 23701
23701 3983 12737
8430 10552 10965
10965 8430 10552
10552 8430 10965
23726 21860 27051
27051 21860 23726
21860 23726 27051
21010 3235 10863
3235 10863 21010
10863 3235 21010
22452 2418 17481
17481 2418 22452
2418 17481 22452
1048 20852 21500
20852 1048 21500
21500 1048 20852
25275 1131 12038
1131 12038 25275
12038 1131 25275
175 3509 20507
20507 175 3509
3509 175 20507
11500 7829 19196
7829 11500 19196
19196 7829 11500
903 16138 18453
18453 903 16138
16138 903 18453
22874 16375 16412
16375 16412 22874
16412 16375 22874
2630 795 19045
19045 795 2630
795 2630 19045
1937 437 12549
12549 437 1937
437 1937 12549
17889 4839 29761
4839 17889 29761
29761 4839 17889
25542 2958 27781
2958 25542 27781
27781 2958 25542
1669 3533 24206
24206 1669 3533
3533 1669 24206
6851 1070 6957
6957 1070 6851
1070 6851 6957
26070 3055 22548
22548 3055 26070
3055 22548 26070
9526 24336 25083
25083 9526 24336
24336 9526 25083
300 21365 28014
28014 300 21365
21365 300 28014
8192 10519 16399
10519 8192 16399
16399 8192 10519
29513 14692 15148
14692 15148 29513
15148 14692 29513
7993 8600 29735
8600 7993 29735
29735 7993 8600
13641 19217 19884
19884 13641 19217
19217 13641 19884
28802 15396 20387
15396 20387 28802
20387 15396 28802
5186 5877 7653
7653 5186 5877
5877 5186 7653
12988 4826 10624
10624 4826 12988
4826 10624 12988
1679 9556 20626
20626 1679 9556
9556 1679 20626
21289 4140 19980
19980 4140 21289
4140 19980 21289
5519 17101 25579
25579 5519 17101
17101 5519 25579
8468 8854 27560
8854 8468 27560
27560 8468 8854
5527 9254 11971
11971 5527 9254
9254 5527 11971
18102 486 17399
486 17399 18102
17399 486 18102
6944 1437 16305
16305 1437 6944
1437 6944 16305
29995 14120 28319
28319 14120 29995
14120 28319 29995
1457 16437 22143
22143 1457 16437
16437 1457 22143
24006 10586 11003
10586 11003 24006
11003 10586 24006
22247 11384 23702
23702 11384 22247
11384 22247 23702
18876 19 23800
19 18876 23800
23800 19 18876
18300 6418 16393
6418 16393 18300
16393 6418 18300
25253 24293 26555
26555 24293 25253
24293 25253 26555
5480 268 22950
268 5480 22950
22950 268 5480
17924 5651 20942
20942 5651 17924
5651 17924 20942
21474 19445 29314
29314 19445 21474
19445 21474 29314
20609 7336 18439
7336 18439 20609
18439 7336 20609
18419 3703 8021
3703 8021 18419
8021 3703 18419
13398 16543 25356
25356 13398 16543
16543 13398 25356
9766 1985 29447
1985 9766 29447
29447 1985 9766
2741 5637 13890
13890 2741 5637
5637 2741 13890
21668 23939 24439
24439 21668 23939
23939 21668 24439
20888 4028 25884
25884 4028 20888
4028 20888 25884
2852 19389 21739
21739 2852 19389
19389 2852 21739
26821 11308 25677
25677 11308 26821
11308 25677 26821
17960 20347 28387
28387 17960 20347
20347 17960 28387
26587 4951 14444
4951 14444 26587
14444 4951 26587
4867 15998 26339
26339 4867 15998
15998 4867 26339
6077 10803 21631
21631 6077 10803
10803 6077 21631
9603 10422 26280
26280 9603 10422
10422 9603 26280
6519 9373 18072
18072 6519 9373
9373 6519 18072
2149 20207 26359
20207 2149 26359
26359 2149 20207
1235 3490 21254
21254 1235 3490
3490 1235 21254
27500 2874 10751
2874 10751 27500
10751 2874 27500
2444 4198 16230
16230 2444 4198
4198 2444 16230
5294 15066 28417
28417 5294 15066
15066 5294 28417
13889 19574 27468
19574 13889 27468
27468 13889 19574
6579 21886 27526
27526 6579 21886
21886 6579 27526
20033 3068 27836
27836 3068 20033
3068 20033 27836
12137 14139 29770
14139 12137 29770
29770 12137 14139
29744 4878 26603
26603 4878 29744
4878 26603 29744
5728 10306 17612
17612 5728 10306
10306 5728 17612
1274 19533 20950
19533 1274 20950
20950 1274 19533
7634 2673 5399
2673 5399 7634
5399 2673 7634
4821 20272 25637
25637 4821 20272
20272 4821 25637
16349 19414 23974
23974 16349 19414
19414 16349 23974
29301 2623 15738
15738 2623 29301
2623 15738 29301
11177 2303 25256
2303 11177 25256
25256 2303 11177
9071 1011 18136
18136 1011 9071
1011 9071 18136
9307 5115 20954
20954 5115 9307
5115 9307 20954
5008 11863 25683
11863 5008 25683
25683 5008 11863
365 3820 12571
3820 365 12571
12571 365 3820
17369 3706 9042
9042 3706 17369
3706 9042 17369
28125 11856 14834
14834 11856 28125
11856 14834 28125
16645 14185 22295
14185 16645 22295
22295 14185 16645
20793 21298 25411
21298 20793 25411
25411 20793 21298
4626 12123 26953
12123 4626 26953
26953 4626 12123
4907 8588 24822
24822 4907 8588
8588 4907 24822
9605 2472 5923
2472 5923 9605
5923 2472 9605
17330 20384 29799
20384 17330 29799
29799 17330 20384
26143 11033 24072
11033 24072 26143
24072 11033 26143
27545 27631 28905
28905 27545 27631
27631 27545 28905
23357 15776 24094
15776 23357 24094
24094 15776 23357
9509 12151 28029
28029 9509 12151
12151 9509 28029
1714 22649 29410
29410 1714 22649
22649 1714 29410
28810 23328 25190
25190 23328 28810
23328 25190 28810
21095 3408 8039
8039 3408 21095
3408 8039 21095
28217 16456 20250
20250 16456 28217
16456 20250 28217
29979 7581 9155
9155 7581 29979
7581 9155 29979
15231 22402 25810
22402 15231 25810
25810 15231 22402
29483 1856 13446
1856 13446 29483
13446 1856 29483
19802 15352 20150
15352 19802 20150
20150 15352 19802
12907 14425 19636
19636 12907 14425
14425 12907 19636
25488 1041 26191
26191 1041 25488
1041 25488 26191
22982 3520 4482
4482 3520 22982
3520 4482 22982
15165 8558 20441
8558 15165 20441
20441 8558 15165
28983 20993 21488
20993 21488 28983
21488 20993 28983
16460 6182 15152
6182 15152 16460
15152 6182 16460
17844 2485 28284
28284 2485 17844
2485 17844 28284
18897 5093 11570
11570 5093 18897
5093 11570 18897
27715 3069 29488
29488 3069 27715
3069 27715 29488
998 16890 25688
16890 998 25688
25688 998 16890
2617 4490 23850
4490 2617 23850
23850 2617 4490
4407 2056 28094
28094 2056 4407
2056 4407 28094
13422 16525 23187
16525 13422 23187
23187 13422 16525
29261 15402 27492
27492 15402 29261
15402 27492 29261
3519 10044 16688
16688 3519 10044
10044 3519 16688
26245 2038 15642
15642 2038 26245
2038 15642 26245
18501 12641 20019
12641 18501 20019
20019 12641 18501
15279 27838 29718
27838 15279 29718
29718 15279 27838
18981 5439 6064
6064 5439 18981
5439 6064 18981
3955 11571 23337
23337 3955 11571
11571 3955 23337
11987 2716 21583
21583 2716 11987
