57 137 262
137 57 262
262 57 137
95 151 194
151 95 194
194 95 151
166 51 96
51 96 166
96 51 166
261 72 252
252 72 261
72 252 261
10 8 168
168 8 10
8 10 168
195 25 115
25 115 195
115 25 195
23 87 126
126 23 87
87 23 126
286 112 269
112 269 286
269 112 286
13 32 293
32 13 293
293 13 32
274 94 272
94 272 274
272 94 274
264 212 291
212 264 291
291 212 264
282 120 295
295 120 282
120 282 295
233 54 230
230 54 233
54 230 233
31 215 217
217 31 215
215 31 217
191 70 277
277 70 191
70 191 277
56 49 209
49 56 209
209 49 56
283 27 144
27 144 283
144 27 283
58 65 171
65 58 171
171 58 65
206 99 178
178 99 206
99 178 206
102 79 117
79 102 117
117 79 102
61 80 250
80 61 250
250 61 80
89 177 216
216 89 177
177 89 216
148 85 285
285 85 148
85 148 285
276 84 235
84 235 276
235 84 276
153 29 74
74 29 153
29 74 153
287 28 59
28 59 287
59 28 287
155 146 256
146 155 256
256 146 155
43 104 214
214 43 104
104 43 214
21 24 118
24 21 118
118 21 24
275 75 124
75 124 275
124 75 275
73 33 257
257 33 73
33 73 257
234 55 159
159 55 234
55 159 234
9 189 251
251 9 189
189 9 251
175 135 185
135 175 185
185 135 175
228 98 161
161 98 228
98 161 228
266 22 140
140 22 266
22 140 266
240 11 88
88 11 240
11 88 240
238 116 149
149 116 238
116 149 238
7 67 183
183 7 67
67 7 183
174 46 225
46 174 225
225 46 174
247 270 292
292 247 270
270 247 292
188 100 181
100 181 188
181 100 188
268 37 40
37 40 268
40 37 268
236 4 16
4 16 236
16 4 236
158 210 221
221 158 210
210 158 221
19 81 223
81 19 223
223 19 81
279 138 167
167 138 279
138 167 279
229 60 218
218 60 229
60 218 229
176 213 299
299 176 213
213 176 299
200 78 108
78 108 200
108 78 200
179 142 186
142 179 186
186 142 179
42 3 122
3 42 122
122 3 42
107 52 187
52 107 187
187 52 107
69 244 245
245 69 244
244 69 245
263 141 160
160 141 263
141 160 263
6 83 290
83 6 290
290 6 83
132 121 150
150 121 132
121 132 150
197 128 300
128 197 300
300 128 197
18 82 273
273 18 82
82 18 273
219 165 201
201 165 219
165 201 219
249 77 288
288 77 249
77 249 288
157 5 41
5 41 157
41 5 157
38 139 203
203 38 139
139 38 203
20 125 242
242 20 125
125 20 242
63 39 48
39 48 63
48 39 63
267 145 184
145 184 267
184 145 267
237 66 129
129 66 237
66 129 237
47 15 91
91 15 47
15 47 91
162 26 113
113 26 162
26 113 162
205 53 281
53 205 281
281 53 205
17 93 111
111 17 93
93 17 111
227 198 280
280 198 227
198 227 280
127 110 260
110 127 260
260 110 127
154 92 169
92 154 169
169 92 154
164 45 170
170 45 164
45 164 170
208 62 254
254 62 208
62 208 254
297 2 173
173 2 297
2 173 297
190 86 192
86 190 192
192 86 190
130 90 182
182 90 130
90 130 182
196 44 255
44 196 255
255 44 196
172 207 224
207 172 224
224 172 207
103 1 204
204 1 103
1 103 204
136 97 232
232 97 136
97 136 232
131 34 220
34 131 220
220 34 131
101 64 134
64 101 134
134 64 101
248 265 284
265 248 284
284 248 265
109 152 202
152 109 202
202 109 152
180 119 211
119 180 211
211 119 180
243 76 278
76 243 278
278 76 243
12 36 226
226 12 36
36 12 226
35 68 294
68 35 294
294 35 68
298 50 105
105 50 298
50 105 298
253 133 258
258 133 253
133 253 258
163 193 259
193 163 259
259 163 193
71 271 296
271 71 296
296 71 271
222 231 289
289 222 231
231 222 289
106 30 123
123 30 106
30 106 123
143 156 199
156 143 199
199 143 156
246 114 147
114 147 246
147 114 246
241 14 239
239 14 241
14 239 241
