1580 483 886
886 483 1580
483 886 1580
1026 663 1498
1498 663 1026
663 1026 1498
1950 1969 2140
2140 1950 1969
1969 1950 2140
1873 1737 1835
1835 1737 1873
1737 1835 1873
2789 1232 1491
1232 1491 2789
1491 1232 2789
1356 1154 2307
1154 1356 2307
2307 1154 1356
326 1010 2796
2796 326 1010
1010 326 2796
1174 1655 2965
1655 1174 2965
2965 1174 1655
2756 510 1838
510 1838 2756
1838 510 2756
1543 141 154
154 141 1543
141 154 1543
692 2399 2473
2399 692 2473
2473 692 2399
1486 2051 2608
2608 1486 2051
2051 1486 2608
1485 816 1572
1572 816 1485
816 1485 1572
1638 731 1699
1699 731 1638
731 1638 1699
2096 2515 2771
2515 2096 2771
2771 2096 2515
851 1233 1403
1233 851 1403
1403 851 1233
1502 1321 2318
2318 1321 1502
1321 1502 2318
1288 487 871
871 487 1288
487 871 1288
2937 1353 1408
1408 1353 2937
1353 1408 2937
1152 479 1525
479 1152 1525
1525 479 1152
2229 934 1821
934 1821 2229
1821 934 2229
450 493 1635
1635 450 493
493 450 1635
2110 876 2218
876 2110 2218
2218 876 2110
2986 1909 2971
2971 1909 2986
1909 2971 2986
656 162 873
162 656 873
873 162 656
847 2130 2745
2745 847 2130
2130 847 2745
398 580 1695
580 398 1695
1695 398 580
1118 600 1002
1002 600 1118
600 1002 1118
1314 1153 2755
2755 1153 1314
1153 1314 2755
2279 1275 1360
1275 1360 2279
1360 1275 2279
1055 1168 2004
1168 1055 2004
2004 1055 1168
2131 110 225
225 110 2131
110 225 2131
1679 987 1338
1338 987 1679
987 1338 1679
2716 366 921
921 366 2716
366 921 2716
570 735 2785
735 570 2785
2785 570 735
295 579 605
579 295 605
605 295 579
2507 360 1037
360 1037 2507
1037 360 2507
801 289 1540
1540 289 801
289 801 1540
2573 1150 1801
1150 1801 2573
1801 1150 2573
2921 1565 2454
1565 2454 2921
2454 1565 2921
457 1751 1935
1935 457 1751
1751 457 1935
441 456 1424
1424 441 456
456 441 1424
2358 352 2648
2648 352 2358
352 2358 2648
892 868 1402
1402 868 892
868 892 1402
2799 327 1689
327 1689 2799
1689 327 2799
2970 388 693
388 693 2970
693 388 2970
1352 2479 2631
2631 1352 2479
2479 1352 2631
2623 2629 2940
2629 2623 2940
2940 2623 2629
157 2158 2610
2610 157 2158
2158 157 2610
2177 843 1771
1771 843 2177
843 1771 2177
1034 2169 2765
2169 1034 2765
2765 1034 2169
2751 689 2815
2815 689 2751
689 2751 2815
592 78 2824
78 592 2824
2824 78 592
1733 1661 2012
1661 1733 2012
2012 1661 1733
1284 837 1261
1261 837 1284
837 1261 1284
2417 39 748
748 39 2417
39 748 2417
784 716 2043
2043 716 784
716 784 2043
913 2063 2304
2304 913 2063
2063 913 2304
2143 805 2213
805 2143 2213
2213 805 2143
2364 1731 2228
1731 2228 2364
2228 1731 2364
242 2200 2892
2200 242 2892
2892 242 2200
2206 1249 1703
1249 1703 2206
1703 1249 2206
894 710 1774
1774 710 894
710 894 1774
2244 1310 2451
1310 2244 2451
2451 1310 2244
153 1914 2397
1914 153 2397
2397 153 1914
1822 183 2831
2831 183 1822
183 1822 2831
2062 1786 2813
1786 2062 2813
2813 1786 2062
1463 274 2653
2653 274 1463
274 1463 2653
2915 530 2135
530 2135 2915
2135 530 2915
1876 1519 1705
1705 1519 1876
1519 1705 1876
1489 165 304
304 165 1489
165 304 1489
1990 1573 1726
1726 1573 1990
1573 1726 1990
658 2077 2992
2992 658 2077
2077 658 2992
2500 185 882
185 882 2500
882 185 2500
1348 953 2046
953 1348 2046
2046 953 1348
14 1614 2576
1614 14 2576
2576 14 1614
534 908 2014
2014 534 908
908 534 2014
2059 2309 2408
2309 2059 2408
2408 2059 2309
320 1483 2155
2155 320 1483
1483 320 2155
91 862 1189
1189 91 862
862 91 1189
2828 90 1952
1952 90 2828
90 1952 2828
1184 1813 2268
2268 1184 1813
1813 1184 2268
890 417 813
813 417 890
417 813 890
2804 376 917
376 917 2804
917 376 2804
1359 2280 2644
2280 1359 2644
2644 1359 2280
1506 1620 2717
1620 1506 2717
2717 1506 1620
1720 1400 1656
1400 1656 1720
1656 1400 1720
1078 1158 1365
1158 1078 1365
1365 1078 1158
2439 269 2725
269 2439 2725
2725 269 2439
1752 278 1222
1222 278 1752
278 1222 1752
1279 396 2405
2405 396 1279
396 1279 2405
2675 561 747
561 747 2675
747 561 2675
193 427 2093
427 193 2093
2093 193 427
2423 1098 2834
2834 1098 2423
1098 2423 2834
1339 1584 2020
1584 1339 2020
2020 1339 1584
156 288 2994
2994 156 288
288 156 2994
2456 460 1170
460 1170 2456
1170 460 2456
1060 397 1610
397 1060 1610
1610 397 1060
2555 717 2922
2922 717 2555
717 2555 2922
1412 793 2857
2857 793 1412
793 1412 2857
1643 38 2011
38 1643 2011
2011 38 1643
1783 117 1958
1958 117 1783
117 1783 1958
1164 798 1713
798 1164 1713
1713 798 1164
2297 1960 2105
2105 1960 2297
1960 2105 2297
1208 1657 2933
1657 1208 2933
2933 1208 1657
1575 947 1782
1782 947 1575
947 1575 1782
1937 75 312
75 312 1937
312 75 1937
365 281 2238
281 365 2238
2238 281 365
1440 1622 2909
2909 1440 1622
1622 1440 2909
773 1973 2891
2891 773 1973
1973 773 2891
2722 615 2471
615 2471 2722
2471 615 2722
1970 107 856
107 856 1970
856 107 1970
2371 764 2111
764 2111 2371
2111 764 2371
841 386 2376
2376 386 841
386 841 2376
2459 752 1979
752 1979 2459
1979 752 2459
2753 454 701
701 454 2753
454 701 2753
2521 903 1219
1219 903 2521
903 1219 2521
1901 470 1517
1517 470 1901
470 1517 1901
2946 968 2550
968 2550 2946
2550 968 2946
1241 708 2137
2137 708 1241
708 1241 2137
1942 420 1730
1730 420 1942
420 1730 1942
2764 1202 2967
1202 2764 2967
2967 1202 2764
2325 1753 2107
2107 1753 2325
1753 2107 2325
2859 809 1546
1546 809 2859
809 1546 2859
2291 842 1201
1201 842 2291
842 1201 2291
2784 1325 1955
1325 1955 2784
1955 1325 2784
1861 1741 1880
1880 1741 1861
1741 1861 1880
2972 1230 2936
2936 1230 2972
1230 2936 2972
1436 1585 2703
2703 1436 1585
1585 1436 2703
1108 481 1629
481 1108 1629
1629 481 1108
1475 204 940
940 204 1475
204 940 1475
1032 1020 2665
2665 1020 1032
1020 1032 2665
1697 421 2009
421 1697 2009
2009 421 1697
2190 1122 2414
2414 1122 2190
1122 2190 2414
1194 292 2985
292 1194 2985
2985 292 1194
1910 28 1781
28 1781 1910
1781 28 1910
1237 867 1533
1533 867 1237
867 1237 1533
1186 247 2860
247 1186 2860
2860 247 1186
2565 434 2505
434 2505 2565
2505 434 2565
1336 900 1058
1058 900 1336
900 1058 1336
1079 834 1033
834 1033 1079
1033 834 1079
603 1868 1930
1930 603 1868
1868 603 1930
1347 749 1672
749 1347 1672
1672 749 1347
2017 375 980
980 375 2017
375 980 2017
361 180 1637
180 361 1637
1637 180 361
349 148 655
655 148 349
148 349 655
2632 1257 2742
1257 2632 2742
2742 1257 2632
1471 1589 2709
1589 1471 2709
2709 1471 1589
2769 1482 1628
1628 1482 2769
1482 1628 2769
2092 1061 2331
1061 2092 2331
2331 1061 2092
1612 1238 1809
1809 1238 1612
1238 1612 1809
1645 1639 2216
1639 1645 2216
2216 1639 1645
1938 2579 2777
2579 1938 2777
2777 1938 2579
1671 245 782
245 782 1671
782 245 1671
1166 1759 1794
1759 1166 1794
1794 1166 1759
1013 36 1723
1723 36 1013
36 1013 1723
722 1005 2686
2686 722 1005
1005 722 2686
781 966 2183
2183 781 966
966 781 2183
2511 1555 2424
2424 1555 2511
1555 2424 2511
279 1159 1469
1469 279 1159
1159 279 1469
2595 1433 2039
2039 1433 2595
1433 2039 2595
2074 1094 2453
1094 2074 2453
2453 1094 2074
334 31 1738
1738 31 334
31 334 1738
555 936 1274
1274 555 936
936 555 1274
1142 1826 1905
1905 1142 1826
1826 1142 1905
1022 526 2488
526 1022 2488
2488 526 1022
823 1295 1882
1882 823 1295
1295 823 1882
169 2 1000
2 169 1000
1000 2 169
746 265 528
265 528 746
528 265 746
694 525 1369
1369 525 694
525 694 1369
1586 1145 2404
2404 1145 1586
1145 1586 2404
339 1162 1439
1439 339 1162
1162 339 1439
2102 103 2256
2256 103 2102
103 2102 2256
1001 1727 2321
2321 1001 1727
1727 1001 2321
1560 47 1399
1399 47 1560
47 1399 1560
2448 703 2445
2445 703 2448
703 2445 2448
92 1133 2989
2989 92 1133
1133 92 2989
42 150 944
150 42 944
944 42 150
1311 303 643
303 643 1311
643 303 1311
860 391 430
391 430 860
430 391 860
700 2708 2983
2708 700 2983
2983 700 2708
447 232 2888
2888 232 447
232 447 2888
2656 1073 2569
2569 1073 2656
1073 2569 2656
2584 255 2850
2850 255 2584
255 2584 2850
587 1373 1567
1373 587 1567
1567 587 1373
2278 1250 2903
2903 1250 2278
1250 2278 2903
1859 738 1008
738 1008 1859
1008 738 1859
146 77 1892
1892 77 146
77 146 1892
99 1593 1908
1908 99 1593
1593 99 1908
1099 1493 1690
1493 1099 1690
1690 1099 1493
1052 544 997
544 997 1052
997 544 1052
2380 1899 2032
1899 2032 2380
2032 1899 2380
2705 818 2447
818 2447 2705
2447 818 2705
332 27 1254
1254 27 332
27 332 1254
2658 1065 2249
1065 2249 2658
2249 1065 2658
127 680 2645
2645 127 680
680 127 2645
187 880 2650
880 187 2650
2650 187 880
918 1994 2233
1994 918 2233
2233 918 1994
2538 1808 2430
1808 2430 2538
2430 1808 2538
1317 1426 2240
1426 1317 2240
2240 1317 1426
594 895 2554
2554 594 895
895 594 2554
1012 2449 2611
2611 1012 2449
2449 1012 2611
1566 1229 2670
1229 1566 2670
2670 1229 1566
172 560 1931
560 172 1931
1931 172 560
1340 1264 1852
1264 1340 1852
1852 1264 1340
290 46 2292
46 290 2292
2292 46 290
1315 329 2692
2692 329 1315
329 1315 2692
355 1144 2350
2350 355 1144
1144 355 2350
2537 171 498
498 171 2537
171 498 2537
946 2128 2633
2128 946 2633
2633 946 2128
2895 1515 1971
1515 1971 2895
1971 1515 2895
937 1316 2254
1316 937 2254
2254 937 1316
1851 728 2792
728 1851 2792
2792 728 1851
275 875 2103
875 275 2103
2103 275 875
1472 649 988
649 988 1472
988 649 1472
1839 1043 1104
1043 1104 1839
1104 1043 1839
251 1355 2587
1355 251 2587
2587 251 1355
1025 1418 1742
1418 1025 1742
1742 1025 1418
2706 243 1524
243 1524 2706
1524 243 2706
502 121 985
121 502 985
985 121 502
1268 865 2508
865 1268 2508
2508 865 1268
1660 2173 2234
2234 1660 2173
2173 1660 2234
1473 1874 2338
1874 1473 2338
2338 1473 1874
2503 341 955
955 341 2503
341 955 2503
2832 2145 2180
2180 2145 2832
2145 2180 2832
1447 1117 2275
2275 1117 1447
1117 1447 2275
2125 915 2758
2758 915 2125
915 2125 2758
1319 646 920
920 646 1319
646 920 1319
54 223 1193
223 54 1193
1193 54 223
2084 644 2899
644 2084 2899
2899 644 2084
1259 1922 2072
1922 1259 2072
2072 1259 1922
610 911 1113
1113 610 911
911 610 1113
29 1136 1609
1609 29 1136
1136 29 1609
2212 1160 2036
1160 2036 2212
2036 1160 2212
2750 1484 2527
1484 2527 2750
2527 1484 2750
501 2263 2956
2956 501 2263
2263 501 2956
705 1563 2314
1563 705 2314
2314 705 1563
2073 1406 1816
1406 1816 2073
1816 1406 2073
1383 736 1777
736 1383 1777
1777 736 1383
1526 833 1921
1921 833 1526
833 1526 1921
2855 1226 2734
2734 1226 2855
1226 2734 2855
1944 1569 2221
1569 1944 2221
2221 1569 1944
943 433 1832
433 943 1832
1832 433 943
2890 939 2806
939 2806 2890
2806 939 2890
2064 147 678
147 678 2064
678 147 2064
938 883 1306
1306 883 938
883 938 1306
2607 581 2266
581 2266 2607
2266 581 2607
673 1332 1651
1332 673 1651
1651 673 1332
2917 1178 1532
1532 1178 2917
1178 1532 2917
2762 1024 1149
1149 1024 2762
1024 1149 2762
2308 136 1961
136 1961 2308
1961 136 2308
2029 2230 2999
2230 2029 2999
2999 2029 2230
2840 416 2024
2024 416 2840
416 2024 2840
2719 1769 2759
1769 2719 2759
2759 1769 2719
1121 1866 2552
1866 1121 2552
2552 1121 1866
1454 88 916
916 88 1454
88 916 1454
466 68 1800
1800 68 466
68 466 1800
1962 155 2735
155 1962 2735
2735 155 1962
1558 1045 1607
1045 1558 1607
1607 1045 1558
2810 640 897
640 897 2810
897 640 2810
1244 2694 2905
2694 1244 2905
2905 1244 2694
226 113 1956
113 226 1956
1956 113 226
677 750 2687
2687 677 750
750 677 2687
1366 142 977
977 142 1366
142 977 1366
1906 704 1083
704 1083 1906
1083 704 1906
925 26 2440
2440 26 925
26 925 2440
2898 1678 1915
1678 1915 2898
1915 1678 2898
982 1161 2208
1161 982 2208
2208 982 1161
2886 219 1320
219 1320 2886
1320 219 2886
973 1285 1895
1285 973 1895
1895 973 1285
556 1507 2609
1507 556 2609
2609 556 1507
546 761 994
761 546 994
994 546 761
1497 499 791
791 499 1497
499 791 1497
832 351 2624
2624 351 832
351 832 2624
1514 1843 2192
2192 1514 1843
1843 1514 2192
1765 322 1299
1299 322 1765
322 1299 1765
552 2827 2897
2827 552 2897
2897 552 2827
2942 539 608
608 539 2942
539 608 2942
2606 152 2530
152 2530 2606
2530 152 2606
119 686 2290
686 119 2290
2290 119 686
2028 1071 1460
1071 1460 2028
1460 1071 2028
437 448 1173
448 437 1173
1173 437 448
1963 1313 2390
1313 1963 2390
2390 1313 1963
1106 732 1490
732 1106 1490
1490 732 1106
2561 60 342
342 60 2561
60 342 2561
870 133 2811
2811 133 870
133 870 2811
1272 1926 1967
1967 1272 1926
1926 1272 1967
2807 719 1694
719 1694 2807
1694 719 2807
1865 40 1581
1581 40 1865
40 1581 1865
574 2468 2957
2957 574 2468
2468 574 2957
1721 1368 2272
2272 1368 1721
1368 1721 2272
2330 763 1167
1167 763 2330
763 1167 2330
324 1872 2669
1872 324 2669
2669 324 1872
1576 1242 2223
2223 1242 1576
1242 1576 2223
905 1430 1855
1855 905 1430
1430 905 1855
1999 586 1066
1066 586 1999
586 1066 1999
1327 1301 2486
1301 1327 2486
2486 1301 1327
32 723 1718
723 32 1718
1718 32 723
2939 348 2690
2690 348 2939
348 2690 2939
2794 1675 2663
2663 1675 2794
1675 2663 2794
1527 1019 1552
1019 1527 1552
1552 1019 1527
1423 1135 2455
1135 1423 2455
2455 1135 1423
217 665 2622
2622 217 665
665 217 2622
1903 891 1755
1755 891 1903
891 1755 1903
930 1092 2559
1092 930 2559
2559 930 1092
65 2400 2819
2400 65 2819
2819 65 2400
123 1715 2429
2429 123 1715
1715 123 2429
1913 625 1636
625 1636 1913
1636 625 1913
1627 52 2226
52 1627 2226
2226 52 1627
1595 662 1246
662 1246 1595
1246 662 1595
774 220 1277
220 774 1277
1277 220 774
476 1516 2862
2862 476 1516
1516 476 2862
2164 1812 2574
1812 2164 2574
2574 1812 2164
1389 1603 2625
2625 1389 1603
1603 1389 2625
2575 1701 2323
1701 2323 2575
2323 1701 2575
726 130 668
668 130 726
130 668 726
2893 740 831
831 740 2893
740 831 2893
297 237 404
237 297 404
404 237 297
2075 772 1308
1308 772 2075
772 1308 2075
362 189 1934
1934 189 362
189 362 1934
1371 139 2916
139 1371 2916
2916 139 1371
213 56 2551
56 213 2551
2551 56 213
1918 1304 1804
1304 1804 1918
1804 1304 1918
840 637 2668
2668 637 840
637 840 2668
1126 509 1084
509 1084 1126
1084 509 1126
446 755 1415
755 446 1415
1415 446 755
1290 178 2516
178 1290 2516
2516 178 1290
1207 1632 2883
2883 1207 1632
1632 1207 2883
636 1534 2635
1534 636 2635
2635 636 1534
2528 604 1631
1631 604 2528
604 1631 2528
264 1124 2492
2492 264 1124
1124 264 2492
2487 2025 2165
2025 2165 2487
2165 2025 2487
2237 37 283
37 283 2237
283 37 2237
1041 967 1027
967 1027 1041
1027 967 1041
2845 1096 1587
1096 1587 2845
1587 1096 2845
956 4 2950
4 956 2950
2950 4 956
2000 1825 2783
1825 2000 2783
2783 1825 2000
664 2172 2546
2546 664 2172
2172 664 2546
2369 192 766
192 766 2369
766 192 2369
115 992 2833
2833 115 992
992 115 2833
2045 682 1641
682 1641 2045
1641 682 2045
1845 268 364
268 364 1845
364 268 1845
1537 1393 1884
1884 1393 1537
1393 1537 1884
2241 1871 2600
2600 1871 2241
1871 2241 2600
2418 191 1417
1417 191 2418
191 1417 2418
1080 2647 2825
2647 1080 2825
2825 1080 2647
674 262 1518
1518 262 674
262 674 1518
2038 684 2139
2139 684 2038
684 2038 2139
2830 706 2693
706 2693 2830
2693 706 2830
2517 2677 2869
2869 2517 2677
2677 2517 2869
613 311 2596
311 613 2596
2596 311 613
1640 872 2829
872 1640 2829
2829 872 1640
1768 2522 2743
2743 1768 2522
2522 1768 2743
2955 240 963
240 963 2955
963 240 2955
1391 1182 1959
1182 1391 1959
1959 1182 1391
2483 1748 2616
2616 1748 2483
1748 2483 2616
1686 140 514
140 514 1686
514 140 1686
2156 597 1745
1745 597 2156
597 1745 2156
2566 2133 2871
2871 2133 2566
2133 2566 2871
1216 1042 2316
1042 1216 2316
2316 1042 1216
2702 1004 2203
1004 2203 2702
2203 1004 2702
1504 1554 2182
1554 1504 2182
2182 1504 1554
1650 794 1894
1894 794 1650
794 1650 1894
1381 5 1081
5 1081 1381
1081 5 1381
2852 1204 1853
1204 1853 2852
1853 1204 2852
53 802 1119
802 53 1119
1119 53 802
11 403 2613
403 11 2613
2613 11 403
215 885 2836
2836 215 885
885 215 2836
168 2123 2697
2697 168 2123
2123 168 2697
609 591 2302
2302 591 609
591 609 2302
1318 1977 2954
1977 1318 2954
2954 1318 1977
733 71 1267
71 733 1267
1267 71 733
2593 828 1939
1939 828 2593
828 1939 2593
257 1842 2768
1842 257 2768
2768 257 1842
194 559 1542
1542 194 559
559 194 1542
945 319 2896
2896 319 945
319 945 2896
535 455 1467
1467 455 535
455 535 1467
1441 96 577
577 96 1441
96 577 1441
1050 2171 2407
2171 1050 2407
2407 1050 2171
2049 273 2854
273 2049 2854
2854 273 2049
1151 15 2489
2489 15 1151
15 1151 2489
2109 564 1710
1710 564 2109
564 1710 2109
477 6 1390
1390 6 477
6 477 1390
74 369 2118
2118 74 369
369 74 2118
2984 1236 1857
1236 1857 2984
1857 1236 2984
1981 2066 2392
2392 1981 2066
2066 1981 2392
1570 1663 1972
1972 1570 1663
1663 1570 1972
1478 513 751
513 751 1478
751 513 1478
2015 551 2599
551 2015 2599
2599 551 2015
2901 405 2744
2744 405 2901
405 2744 2901
2572 1112 2425
1112 2425 2572
2425 1112 2572
1176 1101 1247
1247 1101 1176
1101 1176 1247
2651 582 1287
1287 582 2651
582 1287 2651
2814 438 2248
2248 438 2814
438 2248 2814
1105 1496 2328
1496 1105 2328
2328 1105 1496
34 497 1156
1156 34 497
497 34 1156
378 593 984
984 378 593
593 378 984
2085 112 1965
1965 112 2085
112 1965 2085
1590 1100 2882
2882 1100 1590
1100 1590 2882
1600 218 533
533 218 1600
218 533 1600
109 972 1054
972 109 1054
1054 109 972
629 1239 1624
1239 629 1624
1624 629 1239
2919 983 1754
1754 983 2919
983 1754 2919
623 280 1110
280 623 1110
1110 280 623
272 2621 2874
2874 272 2621
2621 272 2874
657 2016 2586
2586 657 2016
2016 657 2586
2382 1375 1764
1764 1375 2382
1375 1764 2382
260 1326 1725
1326 260 1725
1725 260 1326
554 436 451
436 451 554
451 436 554
1608 1780 2775
2775 1608 1780
1780 1608 2775
363 1210 1562
1210 363 1562
1562 363 1210
806 286 572
286 572 806
572 286 806
2269 848 1984
848 1984 2269
1984 848 2269
2067 432 817
432 817 2067
817 432 2067
2421 271 505
271 505 2421
505 271 2421
638 70 957
70 638 957
957 70 638
132 1148 2887
2887 132 1148
1148 132 2887
2324 64 344
344 64 2324
64 344 2324
1123 306 2605
306 1123 2605
2605 306 1123
1200 2464 2620
2464 1200 2620
2620 1200 2464
970 914 1107
914 970 1107
1107 914 970
888 824 1169
824 888 1169
1169 824 888
2286 221 1109
221 1109 2286
1109 221 2286
549 233 2776
2776 233 549
233 549 2776
1728 1649 2988
2988 1649 1728
1649 1728 2988
371 1235 1669
1235 371 1669
1669 371 1235
2809 1684 2556
2556 1684 2809
1684 2556 2809
198 508 2977
508 198 2977
2977 198 508
1351 575 1072
1072 575 1351
575 1072 1351
2740 175 1980
1980 175 2740
175 1980 2740
1993 804 2060
2060 804 1993
804 1993 2060
2533 1796 2089
1796 2089 2533
2089 1796 2533
2498 1626 2470
1626 2470 2498
2470 1626 2498
2560 1744 2820
1744 2560 2820
2820 1744 2560
1602 690 1698
690 1602 1698
1698 690 1602
336 768 1652
768 336 1652
1652 336 768
1116 1127 2462
1127 1116 2462
2462 1116 1127
1538 807 1591
1591 807 1538
807 1538 1591
211 2095 2159
2159 211 2095
2095 211 2159
996 1386 2207
2207 996 1386
1386 996 2207
1512 23 2795
2795 23 1512
23 1512 2795
975 787 2918
787 975 2918
2918 787 975
486 17 523
523 17 486
17 486 523
1481 562 962
562 962 1481
962 562 1481
2152 67 1601
67 1601 2152
1601 67 2152
2913 1879 2284
2284 1879 2913
1879 2284 2913
1134 1500 1831
1500 1134 1831
1831 1134 1500
1975 986 1464
1464 986 1975
986 1464 1975
424 1789 2930
1789 424 2930
2930 424 1789
1964 1574 2346
1574 1964 2346
2346 1574 1964
2531 353 1577
1577 353 2531
353 1577 2531
2372 1067 1199
1199 1067 2372
1067 1199 2372
2148 2259 2987
2259 2148 2987
2987 2148 2259
654 506 1234
1234 506 654
506 654 1234
2246 1878 2637
2637 1878 2246
1878 2246 2637
1392 2271 2724
2271 1392 2724
2724 1392 2271
1468 2013 2539
2539 1468 2013
2013 1468 2539
672 411 585
585 411 672
411 585 672
1342 1891 2202
1891 1342 2202
2202 1342 1891
2396 1673 2199
2199 1673 2396
1673 2199 2396
845 767 1070
767 845 1070
1070 767 845
1766 128 1240
1240 128 1766
128 1240 1766
1670 244 2090
244 1670 2090
2090 244 1670
1619 1776 2683
1776 1619 2683
2683 1619 1776
8 1297 1404
1297 8 1404
1404 8 1297
2078 1421 2175
2175 1421 2078
1421 2078 2175
1982 399 1598
399 1598 1982
1598 399 1982
1681 598 1044
598 1044 1681
1044 598 1681
1006 935 2801
935 1006 2801
2801 935 1006
2549 1858 2339
2339 1858 2549
1858 2339 2549
1040 1143 1898
1143 1040 1898
1898 1040 1143
2441 715 2065
2065 715 2441
715 2065 2441
239 1775 2739
2739 239 1775
1775 239 2739
2080 1217 2698
1217 2080 2698
2698 1217 2080
1691 503 859
503 859 1691
859 503 1691
863 628 822
628 822 863
822 628 863
536 659 1349
1349 536 659
659 536 1349
82 522 1009
522 82 1009
1009 82 522
1841 21 385
385 21 1841
21 385 1841
9 131 2117
2117 9 131
131 9 2117
1296 2588 2646
2588 1296 2646
2646 1296 2588
2512 482 727
727 482 2512
482 727 2512
599 1345 1943
1943 599 1345
1345 599 1943
412 838 1803
838 412 1803
1803 412 838
745 50 1458
50 745 1458
1458 50 745
309 1688 2287
2287 309 1688
1688 309 2287
472 595 620
595 472 620
620 472 595
688 1711 2914
1711 688 2914
2914 688 1711
1324 639 2363
639 1324 2363
2363 639 1324
2432 1443 2419
1443 2419 2432
2419 1443 2432
538 85 803
803 85 538
85 538 803
2294 126 614
126 614 2294
614 126 2294
2676 993 1828
993 1828 2676
1828 993 2676
814 899 1653
1653 814 899
899 814 1653
2071 415 1292
1292 415 2071
415 1292 2071
1494 358 1508
1508 358 1494
358 1494 1508
826 145 2115
145 826 2115
2115 145 826
2752 1303 2282
2282 1303 2752
1303 2282 2752
2761 976 2821
976 2761 2821
2821 976 2761
1920 550 2076
550 1920 2076
2076 550 1920
2543 517 2086
517 2086 2543
2086 517 2543
423 573 810
573 423 810
810 423 573
1743 1654 1992
1654 1743 1992
1992 1654 1743
12 1036 1883
1036 12 1883
1883 12 1036
1377 1063 1819
1063 1377 1819
1819 1063 1377
2365 170 948
170 948 2365
948 170 2365
2872 475 2146
475 2146 2872
2146 475 2872
1773 1550 2082
1550 1773 2082
2082 1550 1773
2689 904 1331
904 1331 2689
1331 904 2689
2201 440 1947
1947 440 2201
440 1947 2201
2394 683 1476
683 1476 2394
1476 683 2394
1541 62 1875
1875 62 1541
62 1541 1875
1767 1276 1453
1453 1276 1767
1276 1453 1767
2329 1416 1617
1416 1617 2329
1617 1416 2329
1196 521 2781
521 1196 2781
2781 521 1196
2378 679 1887
1887 679 2378
679 1887 2378
2542 1337 1785
1337 1785 2542
1785 1337 2542
1428 100 124
100 124 1428
124 100 1428
720 114 1128
114 720 1128
1128 114 720
1704 184 758
184 758 1704
758 184 1704
2367 2402 2638
2402 2367 2638
2638 2367 2402
22 617 849
617 22 849
849 22 617
1582 1394 2127
2127 1394 1582
1394 1582 2127
548 1155 1530
1530 548 1155
1155 548 1530
1798 2260 2881
2260 1798 2881
2881 1798 2260
2196 979 2185
979 2185 2196
2185 979 2196
725 347 2927
2927 347 725
347 725 2927
2718 459 2671
459 2671 2718
2671 459 2718
2355 2069 2289
2289 2069 2355
2069 2289 2355
1413 1807 2178
2178 1413 1807
1807 1413 2178
1457 641 2055
2055 641 1457
641 1457 2055
135 783 2938
783 135 2938
2938 135 783
305 1419 2227
1419 305 2227
2227 305 1419
2962 2465 2996
2996 2465 2962
2465 2962 2996
864 691 1863
691 864 1863
1863 691 864
2793 1273 2846
1273 2793 2846
2846 1273 2793
2478 489 2220
489 2220 2478
2220 489 2478
2457 2395 2571
2395 2457 2571
2571 2395 2457
1420 1137 1763
1137 1420 1763
1763 1137 1420
1289 2443 2630
2443 1289 2630
2630 1289 2443
2057 1817 2563
2563 1817 2057
1817 2057 2563
739 393 1195
393 739 1195
1195 393 739
176 1648 2428
2428 176 1648
1648 176 2428
1716 558 622
558 622 1716
622 558 1716
2494 111 2900
2900 111 2494
111 2494 2900
1225 2295 2436
2295 1225 2436
2436 1225 2295
485 2619 2908
2908 485 2619
2619 485 2908
2253 1551 2598
1551 2253 2598
2598 1551 2253
422 89 527
89 422 527
527 89 422
616 800 2491
800 616 2491
2491 616 800
1588 998 1647
1647 998 1588
998 1588 1647
2274 2818 2906
2818 2274 2906
2906 2274 2818
1987 105 877
877 105 1987
105 877 1987
2083 1093 2340
2340 1093 2083
1093 2083 2340
2812 138 1911
138 1911 2812
1911 138 2812
2197 59 1286
59 1286 2197
1286 59 2197
2450 1889 2255
2255 1889 2450
1889 2255 2450
2094 543 1450
543 1450 2094
1450 543 2094
2894 799 2520
799 2520 2894
2520 799 2894
2037 317 754
754 317 2037
317 754 2037
2628 1867 2696
1867 2628 2696
2696 1867 2628
1578 949 2615
949 1578 2615
2615 949 1578
2174 1405 2242
1405 2174 2242
2242 1405 2174
2337 181 2315
2315 181 2337
181 2315 2337
2786 567 2864
2864 567 2786
567 2786 2864
2188 661 1266
1266 661 2188
661 1266 2188
830 379 2379
379 830 2379
2379 379 830
1729 101 2766
101 1729 2766
2766 101 1729
231 166 2285
2285 166 231
166 231 2285
302 515 2649
2649 302 515
515 302 2649
2514 687 778
687 778 2514
778 687 2514
2322 209 2998
209 2322 2998
2998 209 2322
2504 770 2160
770 2160 2504
2160 770 2504
2033 2166 2191
2191 2033 2166
2166 2033 2191
1692 1749 2393
1749 1692 2393
2393 1692 1749
300 961 2225
2225 300 961
961 300 2225
1197 452 1480
452 1197 1480
1480 452 1197
51 651 2336
651 51 2336
2336 51 651
1203 1139 1693
1139 1203 1693
1693 1139 1203
1224 13 2863
2863 13 1224
13 1224 2863
1520 359 1077
1077 359 1520
359 1077 1520
1086 759 2198
2198 759 1086
759 1086 2198
1146 2041 2889
2889 1146 2041
2041 1146 2889
1951 95 374
374 95 1951
95 374 1951
1599 84 1734
1734 84 1599
84 1599 1734
2548 86 1687
86 1687 2548
1687 86 2548
2673 325 461
325 461 2673
461 325 2673
1615 1897 2347
1897 1615 2347
2347 1615 1897
2410 1523 2843
1523 2410 2843
2843 1523 2410
1192 553 1677
1677 553 1192
553 1192 1677
33 1053 2691
1053 33 2691
2691 33 1053
2856 786 2375
2375 786 2856
786 2375 2856
2205 1966 2851
1966 2205 2851
2851 1966 2205
44 910 1544
910 44 1544
1544 44 910
1455 1528 2945
2945 1455 1528
1528 1455 2945
2907 76 1069
1069 76 2907
76 1069 2907
2524 2401 2603
2603 2401 2524
2401 2524 2603
188 266 2848
2848 188 266
266 188 2848
2589 1834 2126
2126 1834 2589
1834 2126 2589
2293 2594 2790
2790 2293 2594
2594 2293 2790
2960 463 1179
463 1179 2960
1179 463 2960
1172 1815 2258
1815 1172 2258
2258 1172 1815
2858 1029 2469
1029 2469 2858
2469 1029 2858
2941 134 2215
2215 134 2941
134 2215 2941
696 1090 2209
2209 696 1090
1090 696 2209
1810 878 2431
878 1810 2431
2431 878 1810
330 612 1605
612 330 1605
1605 330 612
285 1757 1900
1900 285 1757
1757 285 1900
496 1837 2519
1837 496 2519
2519 496 1837
18 1830 2386
2386 18 1830
1830 18 2386
1700 182 1811
1811 182 1700
182 1700 1811
952 1750 2641
2641 952 1750
1750 952 2641
1881 857 923
857 923 1881
923 857 1881
2642 93 2861
2861 93 2642
93 2642 2861
2035 2114 2273
2273 2035 2114
2114 2035 2273
1129 30 2005
30 1129 2005
2005 30 1129
2944 1840 2283
2283 1840 2944
1840 2283 2944
1442 10 714
714 10 1442
10 714 1442
1111 2354 2912
2912 1111 2354
2354 1111 2912
2728 377 1057
1057 377 2728
377 1057 2728
1844 395 1933
1933 395 1844
395 1844 1933
1343 632 2351
632 1343 2351
2351 632 1343
2580 1270 2757
2757 1270 2580
1270 2580 2757
1869 173 756
756 173 1869
173 756 1869
394 94 2732
2732 94 394
94 394 2732
1387 1227 2532
1227 1387 2532
2532 1227 1387
1213 258 909
909 258 1213
258 909 1213
407 2257 2567
2567 407 2257
2257 407 2567
2193 1662 2526
2526 1662 2193
1662 2193 2526
2097 410 1986
410 1986 2097
1986 410 2097
2359 345 1047
345 1047 2359
1047 345 2359
2931 1376 2502
1376 2502 2931
2502 1376 2931
1401 1147 1322
1322 1147 1401
1147 1322 1401
2377 999 1642
999 1642 2377
1642 999 2377
1312 1422 1438
1438 1312 1422
1422 1312 1438
1770 1370 2736
1370 1770 2736
2736 1370 1770
1206 293 1991
1991 293 1206
293 1206 1991
607 789 1023
789 607 1023
1023 607 789
1018 1827 2163
1827 1018 2163
2163 1018 1827
2320 1003 1932
1003 1932 2320
1932 1003 2320
471 675 2495
2495 471 675
675 471 2495
2980 413 618
413 618 2980
618 413 2980
1616 2601 2763
2601 1616 2763
2763 1616 2601
2568 1503 2772
1503 2568 2772
2772 1503 2568
2195 1223 1547
1223 1547 2195
1547 1223 2195
1410 122 1623
1623 122 1410
122 1410 1623
1477 933 2612
933 1477 2612
2612 933 1477
1190 387 1115
387 1115 1190
1115 387 1190
202 1957 2001
1957 202 2001
2001 202 1957
2969 1954 2384
1954 2384 2969
2384 1954 2969
2112 492 2662
492 2112 2662
2662 492 2112
685 642 1181
642 685 1181
1181 642 685
299 1031 1293
1293 299 1031
1031 299 1293
1435 350 1646
350 1435 1646
1646 350 1435
2976 1618 1929
1618 1929 2976
1929 1618 2976
571 2019 2477
2019 571 2477
2477 571 2019
1068 602 2116
2116 602 1068
602 1068 2116
898 2614 2797
2797 898 2614
2614 898 2797
276 2312 2592
2592 276 2312
2312 276 2592
2643 670 2023
670 2023 2643
2023 670 2643
261 563 2444
563 261 2444
2444 261 563
1245 835 2481
2481 835 1245
835 1245 2481
537 1291 2106
2106 537 1291
1291 537 2106
1597 426 1539
1539 426 1597
426 1539 1597
1521 331 1466
331 1466 1521
1466 331 1521
960 2681 2974
2681 960 2974
2974 960 2681
1243 314 796
796 314 1243
314 796 1243
212 954 990
990 212 954
954 212 990
2007 959 1806
959 1806 2007
1806 959 2007
419 2678 2682
2678 419 2682
2682 419 2678
884 1795 2947
2947 884 1795
1795 884 2947
1702 588 1358
588 1358 1702
1358 588 1702
2923 989 2618
989 2618 2923
2618 989 2923
1621 234 2837
2837 234 1621
234 1621 2837
1676 971 1936
1936 971 1676
971 1676 1936
2389 195 942
942 195 2389
195 942 2389
2838 1824 2738
2738 1824 2838
1824 2738 2838
2978 734 1462
734 1462 2978
1462 734 2978
2798 2510 2547
2510 2547 2798
2547 2510 2798
669 777 2050
777 669 2050
2050 669 777
2134 648 743
743 648 2134
648 743 2134
474 1665 2535
1665 474 2535
2535 474 1665
408 2026 2791
2026 408 2791
2791 408 2026
744 1255 2959
1255 744 2959
2959 744 1255
2442 216 1509
1509 216 2442
216 1509 2442
1912 924 2434
2434 924 1912
924 1912 2434
2048 80 1302
80 1302 2048
1302 80 2048
2870 494 964
964 494 2870
494 964 2870
2746 2842 2879
2842 2746 2879
2879 2746 2842
120 1860 2079
1860 120 2079
2079 120 1860
1556 1437 2770
1437 1556 2770
2770 1437 1556
1388 2306 2490
2490 1388 2306
2306 1388 2490
1188 490 2091
2091 490 1188
490 1188 2091
1379 235 1048
1048 235 1379
235 1048 1379
1248 439 2493
439 1248 2493
2493 439 1248
941 626 2058
2058 626 941
626 941 2058
2684 2345 2760
2345 2684 2760
2760 2345 2684
902 2381 2782
2381 902 2782
2782 902 2381
2104 839 2847
2847 839 2104
839 2104 2847
1097 1429 2585
1429 1097 2585
2585 1097 1429
1082 2332 2995
2332 1082 2995
2995 1082 2332
1829 1185 1522
1522 1185 1829
1185 1522 1829
1877 1307 2437
1307 1877 2437
2437 1307 1877
197 294 2664
2664 197 294
294 197 2664
20 2262 2636
2636 20 2262
2262 20 2636
2695 907 1510
1510 907 2695
907 1510 2695
1997 2374 2774
2374 1997 2774
2774 1997 2374
2480 2387 2952
2387 2480 2952
2952 2387 2480
776 1634 2748
2748 776 1634
1634 776 2748
931 186 1062
186 931 1062
1062 186 931
1953 1451 2583
1451 1953 2583
2583 1451 1953
1916 653 1557
653 1557 1916
1557 653 1916
1664 2667 2754
2754 1664 2667
2667 1664 2754
1409 718 2373
2373 718 1409
718 1409 2373
1038 2368 2426
2368 1038 2426
2426 1038 2368
2121 346 1187
1187 346 2121
346 1187 2121
583 41 2839
2839 41 583
41 583 2839
401 149 1017
1017 149 401
149 401 1017
1683 7 2168
7 1683 2168
2168 7 1683
2149 2018 2805
2805 2018 2149
2018 2149 2805
2666 1488 2056
2056 1488 2666
1488 2056 2666
974 87 267
267 87 974
87 267 974
1363 724 1548
724 1363 1548
1548 724 1363
2904 241 2300
241 2300 2904
2300 241 2904
1762 1051 1746
1746 1051 1762
1051 1746 1762
384 431 2924
2924 384 431
431 384 2924
958 340 2310
2310 340 958
340 958 2310
795 253 991
991 253 795
253 795 991
252 464 2366
2366 252 464
464 252 2366
1739 16 1231
16 1231 1739
1231 16 1739
72 380 811
811 72 380
380 72 811
2902 263 2412
263 2412 2902
2412 263 2902
2214 836 896
836 896 2214
896 836 2214
1904 541 2219
2219 541 1904
541 1904 2219
2162 524 1171
1171 524 2162
524 1171 2162
2098 1505 2052
1505 2052 2098
2052 1505 2098
887 161 1075
161 887 1075
1075 161 887
1278 1452 1667
1452 1278 1667
1667 1278 1452
58 2217 2247
2217 58 2247
2247 58 2217
1432 2934 2966
2966 1432 2934
2934 1432 2966
125 676 2773
676 125 2773
2773 125 676
1724 104 2513
2513 104 1724
104 1724 2513
2122 540 2224
540 2122 2224
2224 540 2122
2342 1583 1814
1583 1814 2342
1814 1583 2342
1535 1717 2570
2570 1535 1717
1717 1535 2570
2499 634 2265
634 2265 2499
2265 634 2499
1362 69 1346
1346 69 1362
69 1346 1362
1030 442 2557
442 1030 2557
2557 442 1030
2027 35 2475
35 2027 2475
2475 35 2027
313 1074 2042
1074 313 2042
2042 313 1074
1344 2353 2741
2741 1344 2353
2353 1344 2741
1706 1501 2243
2243 1501 1706
1501 1706 2243
1205 106 1140
106 1140 1205
1140 106 1205
1571 742 2472
742 1571 2472
2472 742 1571
511 765 1579
1579 511 765
765 511 1579
866 227 667
667 227 866
227 667 866
584 1536 2113
2113 584 1536
1536 584 2113
2835 1449 1459
1449 1459 2835
1459 1449 2835
2030 389 2466
2466 389 2030
389 2030 2466
2713 1708 2699
1708 2699 2713
2699 1708 2713
1298 846 1674
846 1298 1674
1674 846 1298
1479 467 2204
2204 467 1479
467 1479 2204
1613 2679 2964
2679 1613 2964
2964 1613 2679
1784 922 2189
922 1784 2189
2189 922 1784
2926 1625 2590
1625 2590 2926
2590 1625 2926
1364 2176 2558
2558 1364 2176
2176 1364 2558
1862 1998 2591
1998 1862 2591
2591 1862 1998
2581 1856 2506
2506 1856 2581
1856 2506 2581
284 1180 2317
1180 284 2317
2317 284 1180
2420 1265 2844
1265 2420 2844
2844 1265 2420
2245 2344 2727
2344 2245 2727
2727 2245 2344
2022 1594 2334
2334 1594 2022
1594 2022 2334
1917 1374 2239
1374 1917 2239
2239 1374 1917
256 1281 2298
2298 256 1281
1281 256 2298
2723 1735 2485
2485 1735 2723
1735 2485 2723
1989 929 1633
929 1633 1989
1633 929 1989
855 1103 1996
1996 855 1103
1103 855 1996
1444 601 2816
2816 601 1444
601 1444 2816
2932 1630 2534
2534 1630 2932
1630 2534 2932
1995 179 1448
179 1448 1995
1448 179 1995
2150 3 2715
2715 3 2150
3 2150 2715
569 129 1870
129 569 1870
1870 129 569
1886 2053 2726
2726 1886 2053
2053 1886 2726
631 414 1820
414 631 1820
1820 414 631
2370 2021 2040
2021 2040 2370
2040 2021 2370
760 633 1357
633 760 1357
1357 633 760
2582 2335 3000
3000 2335 2582
2335 2582 3000
1893 981 2990
981 1893 2990
2990 981 1893
729 81 565
565 81 729
81 565 729
695 852 879
852 695 879
879 695 852
2099 578 2186
2186 578 2099
578 2099 2186
318 444 2948
444 318 2948
2948 318 444
1138 1130 2288
1130 1138 2288
2288 1130 1138
1799 2301 2433
2301 1799 2433
2433 1799 2301
465 1220 1596
1220 465 1596
1596 465 1220
2929 63 1658
1658 63 2929
63 1658 2929
1300 1714 2523
1714 1300 2523
2523 1300 1714
2878 158 1046
158 1046 2878
1046 158 2878
2461 2181 2348
2348 2181 2461
2181 2348 2461
621 1719 2639
2639 621 1719
1719 621 2639
2749 429 707
707 429 2749
429 707 2749
853 24 73
24 73 853
73 24 853
2822 2010 2688
2688 2010 2822
2010 2688 2822
296 1 1823
1 296 1823
1823 1 296
2101 246 1269
246 1269 2101
1269 246 2101
2327 356 2714
356 2327 2714
2714 356 2327
462 196 2349
196 462 2349
2349 196 462
769 1722 2564
2564 769 1722
1722 769 2564
825 647 854
647 825 854
854 647 825
1976 2142 2979
2142 1976 2979
2979 1976 2142
2409 611 1378
1378 611 2409
611 1378 2409
1271 333 2640
2640 333 1271
333 1271 2640
699 1802 2311
1802 699 2311
2311 699 1802
1445 951 2963
951 1445 2963
2963 951 1445
2326 1087 2920
2920 1087 2326
1087 2326 2920
1425 702 1398
1398 702 1425
702 1398 1425
2341 270 1209
1209 270 2341
270 1209 2341
1495 480 2685
480 1495 2685
2685 480 1495
681 1549 2991
1549 681 2991
2991 681 1549
2849 203 1334
203 1334 2849
1334 203 2849
458 390 2545
390 458 2545
2545 390 458
1712 323 1294
323 1294 1712
1294 323 1712
1333 698 821
698 821 1333
821 698 1333
2460 298 1039
298 1039 2460
1039 298 2460
1305 1927 2721
1927 1305 2721
2721 1305 1927
1251 1531 2701
1531 1251 2701
2701 1251 1531
2087 1492 2352
1492 2087 2352
2352 1492 2087
108 98 780
98 108 780
780 98 108
1157 566 1414
1414 566 1157
566 1157 1414
2474 222 2655
222 2474 2655
2655 222 2474
2880 531 1747
531 1747 2880
1747 531 2880
2654 889 1685
889 1685 2654
1685 889 2654
2138 337 2388
337 2138 2388
2388 337 2138
1361 402 1732
402 1361 1732
1732 402 1361
1064 2261 2993
2993 1064 2261
2261 1064 2993
2002 1328 2501
1328 2002 2501
2501 1328 2002
2720 1059 2264
1059 2264 2720
2264 1059 2720
606 144 2415
2415 144 606
144 606 2415
545 815 1165
1165 545 815
815 545 1165
354 228 2841
228 354 2841
2841 228 354
1456 236 1411
1411 236 1456
236 1411 1456
1397 1849 2343
2343 1397 1849
1849 1397 2343
596 627 1925
1925 596 627
627 596 1925
1758 1228 2652
2652 1228 1758
1228 1758 2652
484 453 2729
2729 453 484
453 484 2729
1335 301 1367
301 1335 1367
1367 301 1335
2161 711 2179
2179 711 2161
711 2161 2179
1258 547 1864
547 1258 1864
1864 547 1258
1385 368 1014
1014 368 1385
368 1014 1385
159 208 2747
208 159 2747
2747 159 208
775 619 1659
619 775 1659
1659 619 775
2070 230 1175
1175 230 2070
230 1175 2070
1427 167 2826
167 1427 2826
2826 167 1427
650 1323 2935
1323 650 2935
2935 650 1323
2463 19 97
19 97 2463
97 19 2463
2108 2672 2958
2958 2108 2672
2672 2108 2958
2120 2194 2435
2194 2120 2435
2435 2120 2194
2873 858 1470
1470 858 2873
858 1470 2873
790 1592 2928
2928 790 1592
1592 790 2928
2626 1354 2961
1354 2626 2961
2961 1354 2626
753 382 2953
382 753 2953
2953 382 753
2100 529 1940
1940 529 2100
529 1940 2100
214 1049 1923
1923 214 1049
1049 214 1923
308 2518 2704
2704 308 2518
2518 308 2704
1791 291 2544
291 1791 2544
2544 291 1791
1988 1836 1974
1974 1836 1988
1836 1974 1988
2853 143 869
143 869 2853
869 143 2853
712 2657 2778
2778 712 2657
2657 712 2778
2267 709 1985
1985 709 2267
709 1985 2267
2210 2231 2398
2231 2210 2398
2398 2210 2231
2659 357 1095
357 1095 2659
1095 357 2659
435 373 757
757 373 435
373 435 757
1709 287 2496
287 1709 2496
2496 287 1709
428 177 829
177 428 829
829 177 428
316 2767 2800
2800 316 2767
2767 316 2800
2674 519 2660
519 2660 2674
2660 519 2674
2981 137 200
200 137 2981
137 200 2981
224 926 1007
1007 224 926
926 224 1007
2119 1028 2634
1028 2119 2634
2634 1028 2119
468 919 2235
2235 468 919
919 468 2235
1805 785 2008
785 1805 2008
2008 785 1805
1545 1850 2153
1850 1545 2153
2153 1545 1850
370 2383 2968
2383 370 2968
2968 370 2383
507 206 557
557 206 507
206 507 557
779 1056 1474
1474 779 1056
1056 779 1474
1924 874 2047
2047 874 1924
874 1924 2047
1772 1682 1740
1740 1682 1772
1682 1740 1772
1035 1076 1407
1407 1035 1076
1076 1035 1407
1888 730 2357
2357 730 1888
730 1888 2357
2406 491 2597
491 2406 2597
2597 491 2406
2553 2170 2866
2866 2170 2553
2170 2553 2866
2803 792 2458
2458 792 2803
792 2458 2803
2731 282 381
381 282 2731
282 381 2731
978 473 1372
1372 473 978
473 978 1372
238 1885 2413
1885 238 2413
2413 238 1885
1983 1499 2467
1499 1983 2467
2467 1499 1983
697 57 449
449 57 697
57 449 697
808 277 2604
2604 277 808
277 808 2604
2536 174 827
827 174 2536
174 827 2536
478 406 2737
2737 406 478
406 478 2737
2975 1262 2497
2497 1262 2975
1262 2497 2975
1446 249 2733
2733 249 1446
249 1446 2733
2305 1553 2711
1553 2305 2711
2711 1553 2305
2525 1221 2602
2602 1221 2525
1221 2525 2602
1211 1847 2710
2710 1211 1847
1847 1211 2710
1919 335 844
844 335 1919
335 844 1919
2132 512 1760
512 1760 2132
1760 512 2132
1163 965 2780
2780 965 1163
965 1163 2780
1395 500 2061
2061 500 1395
500 1395 2061
2003 713 797
713 797 2003
797 713 2003
2982 310 2875
2875 310 2982
310 2875 2982
367 254 1896
254 367 1896
1896 254 367
950 1707 2808
1707 950 2808
2808 950 1707
1329 542 1948
1948 542 1329
542 1329 1948
164 771 1818
1818 164 771
771 164 1818
2867 666 1461
1461 666 2867
666 1461 2867
2730 418 2422
2422 418 2730
418 2422 2730
2068 2081 2236
2236 2068 2081
2081 2068 2236
906 1790 2680
2680 906 1790
1790 906 2680
1263 1431 2252
1431 1263 2252
2252 1263 1431
2167 151 1396
1396 151 2167
151 1396 2167
1797 660 1102
1102 660 1797
660 1102 1797
2885 400 2157
2157 400 2885
400 2157 2885
2313 1465 1756
1756 1465 2313
1465 1756 2313
1384 1779 2088
1779 1384 2088
2088 1384 1779
2973 932 2416
932 2416 2973
2416 932 2973
48 1666 1761
1761 48 1666
1666 48 1761
2562 645 2802
2802 645 2562
645 2562 2802
1091 163 392
163 392 1091
392 163 1091
568 741 1183
1183 568 741
741 568 1183
116 45 762
762 45 116
45 116 762
488 671 1330
671 488 1330
1330 488 671
576 630 2509
630 576 2509
2509 576 630
819 1114 2391
1114 819 2391
2391 819 1114
1085 321 901
321 901 1085
901 321 1085
995 652 1833
1833 652 995
652 995 1833
2296 2411 2540
2540 2296 2411
2411 2296 2540
1788 1907 2910
1907 1788 2910
2910 1788 1907
2044 338 372
338 372 2044
372 338 2044
315 328 1787
328 315 1787
1787 315 328
2299 2124 2151
2124 2151 2299
2151 2124 2299
2529 2154 2361
2361 2154 2529
2154 2361 2529
893 1282 2277
2277 893 1282
1282 893 2277
1212 1668 2187
2187 1212 1668
1668 1212 2187
2333 118 1846
118 1846 2333
1846 118 2333
1177 1945 2360
1945 1177 2360
2360 1177 1945
2476 1214 1252
1252 1214 2476
1214 1252 2476
2823 589 2943
2943 589 2823
589 2823 2943
2788 199 1132
199 1132 2788
1132 199 2788
2319 1848 2865
2865 1848 2319
1848 2319 2865
55 2232 2661
2661 55 2232
2232 55 2661
2482 1309 2362
2362 1309 2482
1309 2362 2482
516 1011 2031
2031 516 1011
1011 516 2031
2484 1611 2184
2184 1611 2484
1611 2184 2484
1949 1088 1978
1088 1949 1978
1978 1088 1949
1941 1854 2446
1854 1941 2446
2446 1854 1941
1380 2617 2779
2617 1380 2779
2779 1380 2617
1680 1218 2250
2250 1218 1680
1218 1680 2250
1125 2211 2270
2270 1125 2211
2211 1125 2270
