18010 27600 28873
27600 18010 28873
28873 18010 27600
27990 13323 17340
13323 17340 27990
17340 13323 27990
12583 9988 24550
24550 9988 12583
9988 12583 24550
20260 9413 10097
9413 10097 20260
10097 9413 20260
2256 10235 12172
10235 2256 12172
12172 2256 10235
28969 5939 20885
5939 20885 28969
20885 5939 28969
11185 6857 12442
12442 6857 11185
6857 11185 12442
13408 1178 23698
1178 13408 23698
23698 1178 13408
13635 25400 25434
25400 13635 25434
25434 13635 25400
10524 7349 10787
10787 7349 10524
7349 10524 10787
14794 20327 27617
20327 14794 27617
27617 14794 20327
13495 2755 19655
19655 2755 13495
2755 13495 19655
24562 12604 22462
22462 12604 24562
12604 22462 24562
12474 9101 12194
12194 9101 12474
9101 12194 12474
19155 11329 21959
11329 19155 21959
21959 11329 19155
524 667 10617
10617 524 667
667 524 10617
19628 24594 26562
26562 19628 24594
24594 19628 26562
8681 8048 12046
12046 8048 8681
8048 8681 12046
21213 18520 28783
28783 18520 21213
18520 21213 28783
20406 6605 23328
6605 20406 23328
23328 6605 20406
20974 9807 27364
27364 9807 20974
9807 20974 27364
6451 6367 12010
12010 6367 6451
6367 6451 12010
25404 3899 21080
3899 21080 25404
21080 3899 25404
4887 14361 18896
18896 4887 14361
14361 4887 18896
23950 13356 23973
13356 23950 23973
23973 13356 23950
8120 17142 19384
19384 8120 17142
17142 8120 19384
16021 20264 27616
27616 16021 20264
20264 16021 27616
22359 10724 21615
10724 21615 22359
21615 10724 22359
9454 685 6876
6876 685 9454
685 6876 9454
9176 6978 14293
14293 6978 9176
6978 9176 14293
9793 13969 16541
16541 9793 13969
13969 9793 16541
29584 14340 16694
16694 14340 29584
14340 16694 29584
15876 1041 1670
1041 1670 15876
1670 1041 15876
9872 7763 18463
18463 7763 9872
7763 9872 18463
29570 8943 29818
29818 8943 29570
8943 29570 29818
2081 4357 14750
14750 2081 4357
4357 2081 14750
29259 15113 20298
20298 15113 29259
15113 20298 29259
25033 9500 19323
19323 9500 25033
9500 19323 25033
11228 8798 26515
8798 11228 26515
26515 8798 11228
15481 2147 15324
2147 15324 15481
15324 2147 15481
27834 16029 24675
16029 24675 27834
24675 16029 27834
6957 3055 21136
21136 3055 6957
3055 6957 21136
28909 18276 22610
18276 22610 28909
22610 18276 28909
17518 7608 17566
17566 7608 17518
7608 17518 17566
7006 2790 27015
2790 7006 27015
27015 2790 7006
17127 20623 27410
20623 17127 27410
27410 17127 20623
22139 1871 27781
27781 1871 22139
1871 22139 27781
11773 11129 14128
14128 11129 11773
11129 11773 14128
7071 11794 17446
11794 7071 17446
17446 7071 11794
12535 4104 12176
12176 4104 12535
4104 12176 12535
5453 4396 20993
4396 5453 20993
20993 4396 5453
6837 8864 16082
16082 6837 8864
8864 6837 16082
19589 3223 27733
3223 19589 27733
27733 3223 19589
5254 2365 8181
8181 2365 5254
2365 5254 8181
20358 18113 21145
18113 20358 21145
21145 18113 20358
9960 13964 27539
27539 9960 13964
13964 9960 27539
4729 6918 19148
19148 4729 6918
6918 4729 19148
26842 3875 21094
3875 21094 26842
21094 3875 26842
7459 10269 13503
10269 7459 13503
13503 7459 10269
27188 9298 12696
9298 12696 27188
12696 9298 27188
14711 3442 29057
29057 3442 14711
3442 14711 29057
23732 12882 14450
14450 12882 23732
12882 14450 23732
24290 2265 4711
4711 2265 24290
2265 4711 24290
22065 9392 25109
9392 22065 25109
25109 9392 22065
3374 3633 19561
19561 3374 3633
3633 3374 19561
3829 4405 15576
15576 3829 4405
4405 3829 15576
11407 5711 7536
7536 5711 11407
5711 7536 11407
7921 8516 13618
8516 7921 13618
13618 7921 8516
9131 7289 18763
18763 7289 9131
7289 9131 18763
24251 11692 27760
11692 24251 27760
27760 11692 24251
10707 16345 28810
28810 10707 16345
16345 10707 28810
23906 7449 15825
7449 15825 23906
15825 7449 23906
25841 5535 12579
5535 12579 25841
12579 5535 25841
25206 19021 19452
19452 19021 25206
19021 19452 25206
16810 3702 5633
3702 5633 16810
5633 3702 16810
13302 4942 7258
4942 7258 13302
7258 4942 13302
22257 5756 25823
5756 22257 25823
25823 5756 22257
9708 4886 6744
4886 6744 9708
6744 4886 9708
13345 117 2366
2366 117 13345
117 2366 13345
18578 12979 17390
12979 17390 18578
17390 12979 18578
2189 2536 18184
18184 2189 2536
2536 2189 18184
8889 3904 21082
3904 8889 21082
21082 3904 8889
23716 18005 25394
25394 18005 23716
18005 23716 25394
9369 1525 17359
1525 9369 17359
17359 1525 9369
12082 9766 21036
9766 12082 21036
21036 9766 12082
22634 1289 9876
9876 1289 22634
1289 9876 22634
21886 25124 25630
25630 21886 25124
25124 21886 25630
1507 928 5733
5733 928 1507
928 1507 5733
3417 4664 17474
4664 3417 17474
17474 3417 4664
3381 18592 23481
23481 3381 18592
18592 3381 23481
15018 13580 13972
13580 13972 15018
13972 13580 15018
15953 19381 28778
19381 15953 28778
28778 15953 19381
2170 5194 14553
5194 2170 14553
14553 2170 5194
7745 9673 11777
9673 7745 11777
11777 7745 9673
14965 9311 29311
9311 14965 29311
29311 9311 14965
10387 3330 9615
9615 3330 10387
3330 9615 10387
11364 8882 27339
8882 11364 27339
27339 8882 11364
3973 18044 22600
18044 3973 22600
22600 3973 18044
10721 24886 27459
27459 10721 24886
24886 10721 27459
24315 8022 25736
25736 8022 24315
8022 24315 25736
8031 3927 26540
26540 3927 8031
3927 8031 26540
23684 19945 25319
25319 19945 23684
19945 23684 25319
26267 1489 26324
26324 1489 26267
1489 26267 26324
27506 22186 29013
22186 27506 29013
29013 22186 27506
25207 14337 18778
18778 14337 25207
14337 18778 25207
25070 7118 10837
7118 10837 25070
10837 7118 25070
26616 2367 7851
2367 7851 26616
7851 2367 26616
21533 19856 27669
27669 19856 21533
19856 21533 27669
23825 8028 24539
8028 23825 24539
24539 8028 23825
12911 25231 26234
25231 12911 26234
26234 12911 25231
25267 3673 24106
3673 24106 25267
24106 3673 25267
15354 19952 24326
24326 15354 19952
19952 15354 24326
18838 25743 28009
25743 18838 28009
28009 18838 25743
14236 5125 28546
28546 5125 14236
5125 14236 28546
17238 465 19690
19690 465 17238
465 17238 19690
4058 8777 14492
14492 4058 8777
8777 4058 14492
28926 14193 22218
14193 22218 28926
22218 14193 28926
743 15975 16349
16349 743 15975
15975 743 16349
4424 4668 17719
17719 4424 4668
4668 4424 17719
3298 11625 15076
11625 3298 15076
15076 3298 11625
8648 18243 21439
18243 8648 21439
21439 8648 18243
4527 22407 26209
22407 4527 26209
26209 4527 22407
7284 5252 24154
24154 5252 7284
5252 7284 24154
1622 2479 11610
11610 1622 2479
2479 1622 11610
1253 6253 29722
29722 1253 6253
6253 1253 29722
28541 3704 16204
3704 16204 28541
16204 3704 28541
6187 1910 28069
28069 1910 6187
1910 6187 28069
13601 4588 11493
11493 4588 13601
4588 11493 13601
12441 10749 12397
12397 10749 12441
10749 12397 12441
20158 19325 22795
19325 20158 22795
22795 19325 20158
20731 1104 10619
10619 1104 20731
1104 10619 20731
9811 7493 20333
20333 7493 9811
7493 9811 20333
13057 11928 15189
11928 13057 15189
15189 11928 13057
8176 148 16644
16644 148 8176
148 8176 16644
29159 2668 8976
8976 2668 29159
2668 8976 29159
3756 11011 25329
11011 3756 25329
25329 3756 11011
5687 3281 16069
16069 3281 5687
3281 5687 16069
11019 747 28468
747 11019 28468
28468 747 11019
8504 19357 27931
19357 8504 27931
27931 8504 19357
107 9042 15838
15838 107 9042
9042 107 15838
6579 11147 17486
11147 6579 17486
17486 6579 11147
21171 8858 28549
8858 21171 28549
28549 8858 21171
6717 18191 25518
18191 6717 25518
25518 6717 18191
20566 5261 16445
5261 16445 20566
16445 5261 20566
18364 3999 9642
9642 3999 18364
3999 9642 18364
14141 4172 19536
4172 14141 19536
19536 4172 14141
12153 4018 11756
4018 11756 12153
11756 4018 12153
10642 3659 12602
12602 3659 10642
3659 10642 12602
23083 10169 21719
21719 10169 23083
10169 21719 23083
24781 17370 29167
17370 24781 29167
29167 17370 24781
6080 2188 11663
2188 6080 11663
11663 2188 6080
11038 6360 17627
6360 11038 17627
17627 6360 11038
13549 650 5902
5902 650 13549
650 5902 13549
8340 15180 17233
15180 8340 17233
17233 8340 15180
5073 3668 13050
13050 3668 5073
3668 5073 13050
20674 12652 13681
12652 13681 20674
13681 12652 20674
25145 22145 26157
26157 22145 25145
22145 25145 26157
22115 5 25640
5 22115 25640
25640 5 22115
4793 18126 19537
19537 4793 18126
18126 4793 19537
4531 6855 18563
18563 4531 6855
6855 4531 18563
5630 7654 29662
29662 5630 7654
7654 5630 29662
22867 1894 1962
1962 1894 22867
1894 1962 22867
23059 23295 26550
26550 23059 23295
23295 23059 26550
21055 11533 13064
13064 11533 21055
11533 13064 21055
27373 16962 22239
16962 22239 27373
22239 16962 27373
3549 4427 9302
4427 3549 9302
9302 3549 4427
20003 16714 24842
24842 16714 20003
16714 20003 24842
8819 5332 10311
10311 5332 8819
5332 8819 10311
20895 12139 12382
12139 12382 20895
12382 12139 20895
14433 812 3189
812 3189 14433
3189 812 14433
10334 20632 20982
20982 10334 20632
20632 10334 20982
22338 4662 24252
4662 22338 24252
24252 4662 22338
28157 20417 25765
25765 20417 28157
20417 25765 28157
1503 2045 15512
2045 1503 15512
15512 1503 2045
18937 7879 11990
11990 7879 18937
7879 11990 18937
17206 225 9598
225 9598 17206
9598 225 17206
1602 611 20056
20056 611 1602
611 1602 20056
12618 4795 9890
4795 9890 12618
9890 4795 12618
2463 8018 26951
26951 2463 8018
8018 2463 26951
27877 13793 21429
21429 13793 27877
13793 21429 27877
25008 1885 10117
10117 1885 25008
1885 10117 25008
26441 14849 26098
14849 26098 26441
26098 14849 26441
10562 9622 21804
21804 9622 10562
9622 10562 21804
29019 600 28023
600 28023 29019
28023 600 29019
9126 2318 13434
13434 2318 9126
2318 9126 13434
27872 13566 16267
16267 13566 27872
13566 16267 27872
12954 19245 20130
20130 12954 19245
19245 12954 20130
22428 4985 26529
4985 22428 26529
26529 4985 22428
28836 4241 9617
9617 4241 28836
4241 9617 28836
10637 5435 22631
22631 5435 10637
5435 10637 22631
9439 16257 20433
16257 9439 20433
20433 9439 16257
4147 23639 24900
23639 4147 24900
24900 4147 23639
28703 3849 25702
3849 25702 28703
25702 3849 28703
26026 23287 23558
23558 23287 26026
23287 23558 26026
14946 10821 13363
10821 13363 14946
13363 10821 14946
14490 21542 26427
26427 14490 21542
21542 14490 26427
14653 8025 9579
8025 9579 14653
9579 8025 14653
24274 13091 18086
18086 13091 24274
13091 18086 24274
3635 13115 20364
13115 3635 20364
20364 3635 13115
11127 4292 18639
18639 4292 11127
4292 11127 18639
29641 9515 25801
25801 9515 29641
9515 25801 29641
4904 15104 27530
15104 4904 27530
27530 4904 15104
18916 4769 5110
4769 5110 18916
5110 4769 18916
29588 4176 29769
29769 4176 29588
4176 29588 29769
7036 26647 28782
26647 7036 28782
28782 7036 26647
7847 298 18620
18620 298 7847
298 7847 18620
26288 14031 19237
19237 14031 26288
14031 19237 26288
25198 10295 18416
10295 18416 25198
18416 10295 25198
15103 26336 26353
26353 15103 26336
26336 15103 26353
6432 22952 29792
29792 6432 22952
22952 6432 29792
23793 10047 11180
11180 10047 23793
10047 11180 23793
18156 836 11877
11877 836 18156
836 11877 18156
1390 18194 23674
18194 1390 23674
23674 1390 18194
22700 2289 28101
2289 22700 28101
28101 2289 22700
10966 1436 19881
1436 10966 19881
19881 1436 10966
6137 22821 24843
22821 6137 24843
24843 6137 22821
26338 19540 24082
24082 19540 26338
19540 24082 26338
18788 5677 13551
13551 5677 18788
5677 13551 18788
28413 5513 25732
5513 25732 28413
25732 5513 28413
18436 18345 26747
26747 18345 18436
18345 18436 26747
2361 1123 4995
4995 1123 2361
1123 2361 4995
24644 11356 27028
11356 24644 27028
27028 11356 24644
17042 16790 27386
16790 17042 27386
27386 16790 17042
16221 1216 25695
1216 16221 25695
25695 1216 16221
19693 501 29476
29476 501 19693
501 19693 29476
23555 591 13571
13571 591 23555
591 13571 23555
23862 7780 14902
14902 7780 23862
7780 14902 23862
11087 13946 29841
13946 11087 29841
29841 11087 13946
3784 8444 10379
8444 3784 10379
10379 3784 8444
20744 11173 13051
13051 11173 20744
11173 13051 20744
1728 3840 18412
18412 1728 3840
3840 1728 18412
29922 489 18528
18528 489 29922
489 18528 29922
23150 3968 20785
3968 20785 23150
20785 3968 23150
8292 10016 17600
10016 8292 17600
17600 8292 10016
23259 12886 20128
12886 20128 23259
20128 12886 23259
28894 23197 24707
24707 23197 28894
23197 24707 28894
25891 7926 21114
7926 21114 25891
21114 7926 25891
2957 637 26622
637 2957 26622
26622 637 2957
844 8293 12564
12564 844 8293
8293 844 12564
24008 1059 4487
4487 1059 24008
1059 4487 24008
22152 16873 19001
16873 19001 22152
19001 16873 22152
24914 164 17982
164 17982 24914
17982 164 24914
17705 10374 22420
22420 10374 17705
10374 17705 22420
26446 7215 16237
7215 16237 26446
16237 7215 26446
20582 8537 11241
8537 11241 20582
11241 8537 20582
23460 8033 26737
8033 23460 26737
26737 8033 23460
3040 2619 10162
2619 3040 10162
10162 2619 3040
23938 1322 22351
22351 1322 23938
1322 22351 23938
29292 7077 23403
23403 7077 29292
7077 23403 29292
1306 15993 26375
15993 1306 26375
26375 1306 15993
2675 6076 29967
6076 2675 29967
29967 2675 6076
13324 9563 29455
9563 13324 29455
29455 9563 13324
22456 9089 17488
9089 17488 22456
17488 9089 22456
24815 1351 16858
16858 1351 24815
1351 16858 24815
11954 105 1385
1385 105 11954
105 1385 11954
22616 6462 28087
28087 6462 22616
6462 22616 28087
6643 7814 16660
7814 6643 16660
16660 6643 7814
18311 14667 18914
14667 18311 18914
18914 14667 18311
24170 15374 26772
15374 24170 26772
26772 15374 24170
27706 5653 20309
20309 5653 27706
5653 20309 27706
24223 20189 23935
20189 23935 24223
23935 20189 24223
8601 27043 29074
29074 8601 27043
27043 8601 29074
3450 1057 13522
1057 3450 13522
13522 1057 3450
18921 8213 24109
24109 8213 18921
8213 18921 24109
18455 16468 24673
16468 18455 24673
24673 16468 18455
15394 16950 25460
16950 15394 25460
25460 15394 16950
28462 2092 8441
2092 8441 28462
8441 2092 28462
18489 19776 21225
19776 18489 21225
21225 18489 19776
20825 12637 21546
12637 20825 21546
21546 12637 20825
26106 14693 25614
25614 14693 26106
14693 25614 26106
14107 4554 8610
8610 4554 14107
4554 8610 14107
24806 3344 23172
3344 23172 24806
23172 3344 24806
5078 2208 5091
2208 5078 5091
5091 2208 5078
29010 7553 16546
16546 7553 29010
7553 16546 29010
12188 3967 11283
3967 11283 12188
11283 3967 12188
14723 2922 23655
2922 14723 23655
23655 2922 14723
7483 25368 28422
25368 7483 28422
28422 7483 25368
24295 16850 18994
16850 18994 24295
18994 16850 24295
16115 3056 15648
3056 15648 16115
15648 3056 16115
19784 1099 6440
6440 1099 19784
1099 6440 19784
19042 9098 23646
9098 19042 23646
23646 9098 19042
25575 4646 4848
4848 4646 25575
4646 4848 25575
26471 11207 28060
11207 26471 28060
28060 11207 26471
631 5987 20797
5987 631 20797
20797 631 5987
7005 14968 29591
29591 7005 14968
14968 7005 29591
9620 14734 22242
22242 9620 14734
14734 9620 22242
14598 20654 27882
20654 14598 27882
27882 14598 20654
18657 13321 24654
24654 13321 18657
13321 18657 24654
28765 5015 10431
10431 5015 28765
5015 10431 28765
28138 19358 29871
29871 19358 28138
19358 28138 29871
5181 22816 28680
28680 5181 22816
22816 5181 28680
5918 6558 25940
25940 5918 6558
6558 5918 25940
21061 14869 24947
14869 21061 24947
24947 14869 21061
22541 11880 25302
11880 22541 25302
25302 11880 22541
21803 27263 28543
27263 21803 28543
28543 21803 27263
18949 12249 24962
24962 12249 18949
12249 18949 24962
29030 22213 24380
24380 22213 29030
22213 24380 29030
21406 20565 21190
20565 21190 21406
21190 20565 21406
23156 4743 23777
4743 23156 23777
23777 4743 23156
530 11113 25101
11113 530 25101
25101 530 11113
16001 8898 19347
19347 8898 16001
8898 16001 19347
26125 1638 8236
1638 8236 26125
8236 1638 26125
4242 12964 26723
12964 4242 26723
26723 4242 12964
8252 19518 21078
21078 8252 19518
19518 8252 21078
14824 19150 25038
25038 14824 19150
19150 14824 25038
1689 16116 20281
20281 1689 16116
16116 1689 20281
4371 8188 24549
8188 4371 24549
24549 4371 8188
18206 14400 27329
27329 14400 18206
14400 18206 27329
4226 7853 28095
28095 4226 7853
7853 4226 28095
10891 13332 24079
24079 10891 13332
13332 10891 24079
27844 3317 18593
3317 18593 27844
18593 3317 27844
26203 10369 16538
10369 16538 26203
16538 10369 26203
2117 6749 22149
6749 2117 22149
22149 2117 6749
24713 7561 23545
23545 7561 24713
7561 23545 24713
7029 4871 8396
4871 7029 8396
8396 4871 7029
11883 9222 21792
9222 11883 21792
21792 9222 11883
16721 8168 12363
12363 8168 16721
8168 12363 16721
408 241 15452
15452 241 408
241 408 15452
18008 3079 10114
10114 3079 18008
3079 10114 18008
5495 21053 25014
25014 5495 21053
21053 5495 25014
23978 15657 25001
25001 15657 23978
15657 23978 25001
16590 13749 26551
26551 13749 16590
13749 16590 26551
7093 11576 23813
23813 7093 11576
11576 7093 23813
1252 3309 13223
13223 1252 3309
3309 1252 13223
269 7907 8580
7907 269 8580
8580 269 7907
12156 5371 10014
10014 5371 12156
5371 10014 12156
12568 13865 21197
21197 12568 13865
13865 12568 21197
16504 3938 17353
3938 16504 17353
17353 3938 16504
14366 8423 18085
18085 8423 14366
8423 14366 18085
19041 11439 11683
11683 11439 19041
11439 11683 19041
22902 22863 29994
22863 22902 29994
29994 22863 22902
27548 11858 15483
11858 15483 27548
15483 11858 27548
9665 23620 25761
23620 9665 25761
25761 9665 23620
13361 8095 11219
11219 8095 13361
8095 11219 13361
17761 15988 22546
15988 17761 22546
22546 15988 17761
13710 19282 26547
19282 13710 26547
26547 13710 19282
13603 8131 26907
26907 8131 13603
8131 13603 26907
29229 3501 13119
13119 3501 29229
3501 13119 29229
22693 22557 26478
22557 22693 26478
26478 22557 22693
8992 8546 29059
29059 8546 8992
8546 8992 29059
28714 16395 29326
29326 16395 28714
16395 28714 29326
433 981 11790
11790 433 981
981 433 11790
16155 8255 23652
23652 8255 16155
8255 16155 23652
18700 16777 24687
16777 18700 24687
24687 16777 18700
2531 7694 21399
7694 2531 21399
21399 2531 7694
19356 4822 15135
15135 4822 19356
4822 15135 19356
16098 2157 4410
4410 2157 16098
2157 4410 16098
9887 10661 21551
21551 9887 10661
10661 9887 21551
14640 15691 24777
24777 14640 15691
15691 14640 24777
9906 8951 29296
8951 9906 29296
29296 8951 9906
2758 762 20596
20596 762 2758
762 2758 20596
27337 2514 26006
2514 26006 27337
26006 2514 27337
2665 5971 22154
22154 2665 5971
5971 2665 22154
8254 20667 28356
20667 8254 28356
28356 8254 20667
20923 19912 21869
19912 20923 21869
21869 19912 20923
23230 2535 3688
2535 3688 23230
3688 2535 23230
18766 11947 12207
11947 12207 18766
12207 11947 18766
5615 13155 21992
21992 5615 13155
13155 5615 21992
22072 6554 19785
6554 19785 22072
19785 6554 22072
3817 459 952
459 952 3817
952 459 3817
8955 24088 26304
24088 8955 26304
26304 8955 24088
17783 789 7660
789 7660 17783
7660 789 17783
21899 25203 27218
27218 21899 25203
25203 21899 27218
12014 19915 26853
19915 12014 26853
26853 12014 19915
25239 7854 10138
7854 10138 25239
10138 7854 25239
18864 16434 17397
16434 17397 18864
17397 16434 18864
12541 16183 23702
16183 12541 23702
23702 12541 16183
12319 3293 19632
19632 3293 12319
3293 12319 19632
7182 12956 19925
12956 7182 19925
19925 7182 12956
15991 2077 16561
16561 2077 15991
2077 15991 16561
22715 542 13129
542 13129 22715
13129 542 22715
27216 4858 24614
24614 4858 27216
4858 24614 27216
19633 10858 28803
10858 19633 28803
28803 10858 19633
9874 8557 19963
8557 9874 19963
19963 8557 9874
17117 10249 27204
10249 17117 27204
27204 10249 17117
17422 2278 4179
2278 4179 17422
4179 2278 17422
16285 21087 27224
21087 16285 27224
27224 16285 21087
25084 1350 17199
1350 17199 25084
17199 1350 25084
17711 11012 18621
18621 11012 17711
11012 17711 18621
29689 6023 15248
15248 6023 29689
6023 15248 29689
914 1585 14741
1585 914 14741
14741 914 1585
710 17755 24137
17755 710 24137
24137 710 17755
1456 1556 12227
12227 1456 1556
1556 1456 12227
23220 5053 14206
14206 5053 23220
5053 14206 23220
29908 5023 6850
6850 5023 29908
5023 6850 29908
142 8813 25774
25774 142 8813
8813 142 25774
12571 4810 21025
4810 12571 21025
21025 4810 12571
20545 12238 12991
12991 12238 20545
12238 12991 20545
2646 15782 19735
19735 2646 15782
15782 2646 19735
20927 25867 27580
25867 20927 27580
27580 20927 25867
15192 6847 25781
25781 6847 15192
6847 15192 25781
8880 10444 22459
22459 8880 10444
10444 8880 22459
29451 2641 11961
2641 11961 29451
11961 2641 29451
4604 12675 18760
18760 4604 12675
12675 4604 18760
20778 16975 29040
16975 20778 29040
29040 16975 20778
28414 2034 23405
2034 23405 28414
23405 2034 28414
27646 12006 15871
15871 12006 27646
12006 15871 27646
17477 19532 27396
19532 17477 27396
27396 17477 19532
9754 19331 29756
29756 9754 19331
19331 9754 29756
18699 13729 21372
21372 13729 18699
13729 18699 21372
5173 22957 25868
25868 5173 22957
22957 5173 25868
6994 5185 20403
20403 5185 6994
5185 6994 20403
16367 6648 26411
6648 16367 26411
26411 6648 16367
8526 10701 14668
14668 8526 10701
10701 8526 14668
2880 10516 27075
27075 2880 10516
10516 2880 27075
23384 7716 12817
7716 12817 23384
12817 7716 23384
12500 3063 3936
3936 3063 12500
3063 3936 12500
12585 6971 23879
23879 6971 12585
6971 12585 23879
11417 511 23013
23013 511 11417
511 11417 23013
17796 25076 26041
25076 17796 26041
26041 17796 25076
15344 7645 8872
8872 7645 15344
7645 8872 15344
26957 8505 28984
28984 8505 26957
8505 26957 28984
19691 1220 5629
5629 1220 19691
1220 5629 19691
20620 17710 24907
24907 17710 20620
17710 20620 24907
28796 13750 19761
19761 13750 28796
13750 19761 28796
22488 12084 28251
28251 12084 22488
12084 22488 28251
29045 9308 13741
13741 9308 29045
9308 13741 29045
1802 5552 17074
17074 1802 5552
5552 1802 17074
25226 11645 21905
21905 11645 25226
11645 21905 25226
22648 7646 20302
7646 20302 22648
20302 7646 22648
15535 2469 12588
12588 2469 15535
2469 12588 15535
29573 3139 29256
3139 29256 29573
29256 3139 29573
5945 14597 20078
20078 5945 14597
14597 5945 20078
1115 675 19614
675 1115 19614
19614 675 1115
9423 4526 8404
4526 8404 9423
8404 4526 9423
4205 19820 23654
23654 4205 19820
19820 4205 23654
3411 10593 25158
25158 3411 10593
10593 3411 25158
20103 10280 29802
29802 10280 20103
10280 20103 29802
7740 4364 17449
17449 4364 7740
4364 7740 17449
6295 20243 21491
21491 6295 20243
20243 6295 21491
22347 3861 18356
3861 18356 22347
18356 3861 22347
23823 1958 2193
2193 1958 23823
1958 2193 23823
1288 6128 8917
6128 1288 8917
8917 1288 6128
8378 1388 3269
1388 3269 8378
3269 1388 8378
4363 1737 2442
1737 2442 4363
2442 1737 4363
2435 6389 9866
6389 2435 9866
9866 2435 6389
28789 4782 20579
4782 20579 28789
20579 4782 28789
25660 4109 21005
4109 21005 25660
21005 4109 25660
1380 6861 19207
6861 1380 19207
19207 1380 6861
14401 18513 29281
29281 14401 18513
18513 14401 29281
22415 12125 16063
12125 16063 22415
16063 12125 22415
4786 1703 19496
19496 1703 4786
1703 4786 19496
21865 21655 29109
29109 21655 21865
21655 21865 29109
23624 11802 20800
11802 20800 23624
20800 11802 23624
15269 28534 29850
28534 15269 29850
29850 15269 28534
29027 7181 17163
7181 17163 29027
17163 7181 29027
5668 20127 21347
20127 5668 21347
21347 5668 20127
20112 1320 29645
29645 1320 20112
1320 20112 29645
24896 2713 7984
2713 7984 24896
7984 2713 24896
11836 13079 26075
26075 11836 13079
13079 11836 26075
11978 6592 16573
16573 6592 11978
6592 11978 16573
25711 1098 22955
22955 1098 25711
1098 22955 25711
11322 1931 26501
26501 1931 11322
1931 11322 26501
27332 9785 18279
9785 18279 27332
18279 9785 27332
25009 22293 27816
27816 22293 25009
22293 25009 27816
21558 1999 29823
1999 21558 29823
29823 1999 21558
11198 11834 20390
20390 11198 11834
11834 11198 20390
16195 27512 28658
27512 16195 28658
28658 16195 27512
27191 10712 15539
10712 15539 27191
15539 10712 27191
21763 6061 20106
6061 20106 21763
20106 6061 21763
22513 6465 17978
6465 17978 22513
17978 6465 22513
22820 7080 21504
21504 7080 22820
7080 21504 22820
13251 12491 27579
27579 12491 13251
12491 13251 27579
13942 18152 29200
18152 13942 29200
29200 13942 18152
3697 7244 17644
17644 3697 7244
7244 3697 17644
2590 9078 14788
9078 2590 14788
14788 2590 9078
10639 16520 22096
22096 10639 16520
16520 10639 22096
1295 3753 11670
11670 1295 3753
3753 1295 11670
3457 13104 14075
13104 3457 14075
14075 3457 13104
25314 11215 22244
11215 22244 25314
22244 11215 25314
23694 11408 12392
11408 12392 23694
12392 11408 23694
5978 4181 21523
4181 5978 21523
21523 4181 5978
9915 11205 11280
11280 9915 11205
11205 9915 11280
9294 20387 27478
27478 9294 20387
20387 9294 27478
3878 1302 24357
24357 1302 3878
1302 3878 24357
11341 1313 29418
29418 1313 11341
1313 11341 29418
5166 20388 21746
21746 5166 20388
20388 5166 21746
28170 19969 28103
28103 19969 28170
19969 28103 28170
22014 15548 16918
16918 15548 22014
15548 16918 22014
26033 8936 20658
8936 20658 26033
20658 8936 26033
14906 5213 19966
5213 14906 19966
19966 5213 14906
13457 9749 19142
19142 9749 13457
9749 13457 19142
1266 21958 28574
28574 1266 21958
21958 1266 28574
25641 2044 11983
2044 11983 25641
11983 2044 25641
16624 7330 20890
20890 7330 16624
7330 16624 20890
17851 4627 23294
23294 4627 17851
4627 17851 23294
10626 8960 21547
8960 10626 21547
21547 8960 10626
11143 20465 22897
22897 11143 20465
20465 11143 22897
17239 10411 12874
10411 12874 17239
12874 10411 17239
26279 5600 18539
18539 5600 26279
5600 18539 26279
20805 3716 29773
29773 3716 20805
3716 20805 29773
5735 2685 24359
24359 2685 5735
2685 5735 24359
14035 1722 12128
12128 1722 14035
1722 12128 14035
29587 12021 23939
23939 12021 29587
12021 23939 29587
14093 15538 16886
16886 14093 15538
15538 14093 16886
15703 15091 18714
18714 15091 15703
15091 15703 18714
12780 1965 24737
24737 1965 12780
1965 12780 24737
24360 2827 7063
2827 7063 24360
7063 2827 24360
21809 612 29795
612 21809 29795
29795 612 21809
7463 8767 9734
8767 7463 9734
9734 7463 8767
20567 11912 13814
13814 11912 20567
11912 13814 20567
28831 8185 13218
8185 13218 28831
13218 8185 28831
19880 13985 22515
22515 13985 19880
13985 19880 22515
1783 7188 28315
7188 1783 28315
28315 1783 7188
10397 1275 26166
26166 1275 10397
1275 10397 26166
28003 2546 27933
2546 27933 28003
27933 2546 28003
19268 1578 6583
1578 6583 19268
6583 1578 19268
27341 630 9573
9573 630 27341
630 9573 27341
21461 1743 12530
1743 12530 21461
12530 1743 21461
16292 17615 19024
17615 16292 19024
19024 16292 17615
20170 4772 24472
24472 4772 20170
4772 20170 24472
26293 27001 28651
28651 26293 27001
27001 26293 28651
3294 15863 25083
25083 3294 15863
15863 3294 25083
3681 24972 27518
24972 3681 27518
27518 3681 24972
24436 3409 17828
3409 17828 24436
17828 3409 24436
1042 13790 26782
13790 1042 26782
26782 1042 13790
7298 9296 29749
9296 7298 29749
29749 7298 9296
27422 13224 14775
13224 14775 27422
14775 13224 27422
27981 15281 18087
18087 15281 27981
15281 18087 27981
14676 2659 19164
2659 14676 19164
19164 2659 14676
7371 11529 11599
11599 7371 11529
11529 7371 11599
23535 19515 27320
19515 23535 27320
27320 19515 23535
18472 11423 27806
27806 11423 18472
11423 18472 27806
13 1276 12253
12253 13 1276
1276 13 12253
1917 8211 13924
13924 1917 8211
8211 1917 13924
29058 13530 17257
17257 13530 29058
13530 17257 29058
13788 2837 26507
26507 2837 13788
2837 13788 26507
29896 2623 6220
2623 6220 29896
6220 2623 29896
10149 6684 18197
18197 6684 10149
6684 10149 18197
9307 149 19610
149 9307 19610
19610 149 9307
29529 14197 24791
14197 24791 29529
24791 14197 29529
16040 13386 26569
26569 13386 16040
13386 16040 26569
20971 14346 14357
14346 14357 20971
14357 14346 20971
7717 13127 14420
14420 7717 13127
13127 7717 14420
21964 12178 22432
22432 12178 21964
12178 21964 22432
13983 10951 25907
25907 10951 13983
10951 13983 25907
18159 12388 28438
12388 18159 28438
28438 12388 18159
13072 9773 10158
10158 9773 13072
9773 10158 13072
14443 5521 6569
6569 5521 14443
5521 6569 14443
22528 26533 28048
26533 22528 28048
28048 22528 26533
28336 3679 19684
19684 3679 28336
3679 19684 28336
26023 13536 18050
18050 13536 26023
13536 18050 26023
5130 10242 17026
10242 5130 17026
17026 5130 10242
18780 16106 23931
16106 18780 23931
23931 16106 18780
21455 15393 29310
15393 21455 29310
29310 15393 21455
28877 20775 28305
28305 20775 28877
20775 28305 28877
12115 12358 23855
23855 12115 12358
12358 12115 23855
7713 17484 24885
17484 7713 24885
24885 7713 17484
17076 8149 26661
8149 17076 26661
26661 8149 17076
5042 1024 1535
1535 1024 5042
1024 1535 5042
26854 10755 11667
10755 11667 26854
11667 10755 26854
27911 19816 26906
19816 26906 27911
26906 19816 27911
21165 11463 15828
15828 11463 21165
11463 15828 21165
16229 9967 22147
9967 16229 22147
22147 9967 16229
27327 12575 25972
25972 12575 27327
12575 25972 27327
25671 3505 13177
3505 13177 25671
13177 3505 25671
2937 10682 27421
27421 2937 10682
10682 2937 27421
7748 4044 21325
4044 7748 21325
21325 4044 7748
14661 4855 9085
4855 9085 14661
9085 4855 14661
4282 11466 20705
11466 4282 20705
20705 4282 11466
10301 4416 16187
4416 10301 16187
16187 4416 10301
6527 3076 25528
3076 6527 25528
25528 3076 6527
5197 3296 5321
5321 3296 5197
3296 5197 5321
1038 17136 22342
22342 1038 17136
17136 1038 22342
20801 1238 24490
24490 1238 20801
1238 20801 24490
13598 27179 29223
27179 13598 29223
29223 13598 27179
12193 19599 23941
23941 12193 19599
19599 12193 23941
27052 4980 6575
6575 4980 27052
4980 6575 27052
1610 1758 24920
24920 1610 1758
1758 1610 24920
7862 22326 28681
22326 7862 28681
28681 7862 22326
20748 8671 11250
8671 11250 20748
11250 8671 20748
21806 16579 22189
16579 21806 22189
22189 16579 21806
18903 24387 28010
28010 18903 24387
24387 18903 28010
22228 1167 25942
25942 1167 22228
1167 22228 25942
14362 5170 9552
9552 5170 14362
5170 9552 14362
4 7277 15049
7277 4 15049
15049 4 7277
17305 12726 26554
26554 12726 17305
12726 17305 26554
6779 4749 22817
22817 4749 6779
4749 6779 22817
3236 11268 15698
15698 3236 11268
11268 3236 15698
24142 15493 19988
15493 19988 24142
19988 15493 24142
21344 22457 23450
23450 21344 22457
22457 21344 23450
24092 1573 19553
19553 1573 24092
1573 19553 24092
20560 193 9104
9104 193 20560
193 9104 20560
23701 11606 20318
20318 11606 23701
11606 20318 23701
25269 23679 29017
29017 23679 25269
23679 25269 29017
435 12098 27549
27549 435 12098
12098 435 27549
27299 4814 13724
13724 4814 27299
4814 13724 27299
5263 7242 18918
18918 5263 7242
7242 5263 18918
2362 8136 21316
21316 2362 8136
8136 2362 21316
4209 4928 20671
20671 4209 4928
4928 4209 20671
28259 11873 12763
12763 11873 28259
11873 12763 28259
27564 648 7460
7460 648 27564
648 7460 27564
24521 2089 15036
15036 2089 24521
2089 15036 24521
15148 15843 19672
15843 15148 19672
19672 15148 15843
1752 8918 21089
8918 1752 21089
21089 1752 8918
8620 20348 22785
22785 8620 20348
20348 8620 22785
22806 10060 18041
10060 18041 22806
18041 10060 22806
24983 6948 23948
6948 23948 24983
23948 6948 24983
26886 18351 23032
23032 18351 26886
18351 23032 26886
736 3295 18510
3295 736 18510
18510 736 3295
12224 3193 17793
3193 12224 17793
17793 3193 12224
14067 15717 21760
21760 14067 15717
15717 14067 21760
26509 22249 25230
22249 25230 26509
25230 22249 26509
25175 14418 14810
14418 14810 25175
14810 14418 25175
10011 19388 26753
19388 10011 26753
26753 10011 19388
22374 4787 15600
15600 4787 22374
4787 15600 22374
7849 15687 21978
21978 7849 15687
15687 7849 21978
27379 6481 20644
20644 6481 27379
6481 20644 27379
23128 3567 6960
6960 3567 23128
3567 6960 23128
1284 25448 25880
25448 1284 25880
25880 1284 25448
28898 11849 18761
11849 18761 28898
18761 11849 28898
28758 6417 8591
6417 8591 28758
8591 6417 28758
5792 3127 8268
8268 3127 5792
3127 5792 8268
5064 9601 19283
19283 5064 9601
9601 5064 19283
14937 11148 19725
11148 14937 19725
19725 11148 14937
13128 14905 23785
14905 13128 23785
23785 13128 14905
6599 18052 26257
18052 6599 26257
26257 6599 18052
17392 2895 16992
2895 16992 17392
16992 2895 17392
15785 2234 19992
19992 2234 15785
2234 15785 19992
16531 16113 27449
16113 16531 27449
27449 16113 16531
3629 9478 29774
29774 3629 9478
9478 3629 29774
26318 11798 21403
11798 21403 26318
21403 11798 26318
11287 3290 17178
3290 11287 17178
17178 3290 11287
5137 365 29714
365 5137 29714
29714 365 5137
2811 17815 19701
19701 2811 17815
17815 2811 19701
18432 12197 18703
12197 18432 18703
18703 12197 18432
3597 5485 12654
12654 3597 5485
5485 3597 12654
20008 392 7179
7179 392 20008
392 7179 20008
3858 1387 21142
1387 3858 21142
21142 1387 3858
8945 16426 26921
26921 8945 16426
16426 8945 26921
25032 25150 29874
25150 25032 29874
29874 25032 25150
27119 13730 20969
20969 13730 27119
13730 20969 27119
20427 29321 29797
29797 20427 29321
29321 20427 29797
23464 20421 25919
20421 23464 25919
25919 20421 23464
7055 10062 25661
10062 7055 25661
25661 7055 10062
7725 9993 17795
9993 7725 17795
17795 7725 9993
11269 9577 28693
9577 11269 28693
28693 9577 11269
16966 1574 21066
21066 1574 16966
1574 16966 21066
9092 24541 29966
24541 9092 29966
29966 9092 24541
2356 11829 29488
11829 2356 29488
29488 2356 11829
15330 15246 17894
17894 15246 15330
15246 15330 17894
26053 25159 27745
27745 25159 26053
25159 26053 27745
28195 6154 21029
6154 21029 28195
21029 6154 28195
27494 3166 28762
3166 27494 28762
28762 3166 27494
9713 9376 24710
9376 9713 24710
24710 9376 9713
27092 10900 29744
10900 27092 29744
29744 10900 27092
27655 10635 12248
10635 12248 27655
12248 10635 27655
544 3565 12151
3565 544 12151
12151 544 3565
20985 5607 19492
19492 5607 20985
5607 19492 20985
15021 3375 22670
3375 15021 22670
22670 3375 15021
13483 6739 28822
28822 6739 13483
6739 13483 28822
27473 8797 19075
8797 19075 27473
19075 8797 27473
15164 2301 26522
2301 15164 26522
26522 2301 15164
24304 5517 17635
5517 17635 24304
17635 5517 24304
6676 14307 19064
14307 6676 19064
19064 6676 14307
29783 8747 8931
8931 8747 29783
8747 8931 29783
18893 10842 18012
18012 10842 18893
10842 18012 18893
24936 10344 14439
14439 10344 24936
10344 14439 24936
17958 1824 25683
1824 17958 25683
25683 1824 17958
28683 21656 29956
21656 28683 29956
29956 21656 28683
28587 2817 3619
3619 2817 28587
2817 3619 28587
2149 9213 13776
13776 2149 9213
9213 2149 13776
4022 13526 13576
13576 4022 13526
13526 4022 13576
5948 5588 10356
5588 5948 10356
10356 5588 5948
5320 15348 22133
15348 5320 22133
22133 5320 15348
6025 534 19137
19137 534 6025
534 6025 19137
23796 2460 7046
2460 7046 23796
7046 2460 23796
26532 12879 21795
21795 12879 26532
12879 21795 26532
25709 14052 27445
14052 25709 27445
27445 14052 25709
4559 5193 6548
6548 4559 5193
5193 4559 6548
230 8529 13389
13389 230 8529
8529 230 13389
22605 20838 23492
23492 20838 22605
20838 22605 23492
3190 911 26140
26140 911 3190
911 3190 26140
25857 11120 28344
11120 25857 28344
28344 11120 25857
25176 9443 27012
9443 25176 27012
27012 9443 25176
24246 3158 26614
3158 24246 26614
26614 3158 24246
6299 737 12352
737 6299 12352
12352 737 6299
5231 3865 8639
3865 5231 8639
8639 3865 5231
2060 7504 18555
7504 2060 18555
18555 2060 7504
16413 8924 10121
10121 8924 16413
8924 10121 16413
15349 89 28123
89 15349 28123
28123 89 15349
11366 18442 19426
19426 11366 18442
18442 11366 19426
22780 11850 17116
17116 11850 22780
11850 17116 22780
4229 2003 11622
11622 2003 4229
2003 4229 11622
12528 9670 29562
9670 12528 29562
29562 9670 12528
13081 8966 20048
20048 8966 13081
8966 13081 20048
11921 6028 12758
12758 6028 11921
6028 11921 12758
12661 4624 14061
14061 4624 12661
4624 12661 14061
16658 2357 14838
14838 2357 16658
2357 14838 16658
29407 458 19680
458 19680 29407
19680 458 29407
17481 6623 27055
27055 6623 17481
6623 17481 27055
21808 6499 17975
17975 6499 21808
6499 17975 21808
19236 5266 10112
5266 10112 19236
10112 5266 19236
29325 6484 12862
12862 6484 29325
6484 12862 29325
11496 13575 16466
13575 11496 16466
16466 11496 13575
6340 13147 13295
13147 6340 13295
13295 6340 13147
24332 2292 20301
2292 20301 24332
20301 2292 24332
15996 1600 5986
1600 5986 15996
5986 1600 15996
12324 18474 24814
24814 12324 18474
18474 12324 24814
22665 645 12417
645 12417 22665
12417 645 22665
28951 6057 20270
6057 20270 28951
20270 6057 28951
7677 9229 21859
21859 7677 9229
9229 7677 21859
24181 17382 24307
17382 24181 24307
24307 17382 24181
8815 6194 19805
19805 6194 8815
6194 8815 19805
17326 1195 9808
1195 9808 17326
9808 1195 17326
11988 13334 25210
13334 11988 25210
25210 11988 13334
5057 11562 21835
21835 5057 11562
11562 5057 21835
27647 10072 10653
10653 10072 27647
10072 10653 27647
20187 4099 12766
12766 4099 20187
4099 12766 20187
20995 11979 13058
13058 11979 20995
11979 13058 20995
14551 25572 29486
25572 14551 29486
29486 14551 25572
9865 14873 29211
29211 9865 14873
14873 9865 29211
2522 11501 26350
11501 2522 26350
26350 2522 11501
2409 6931 22807
6931 2409 22807
22807 2409 6931
11277 14641 25409
14641 11277 25409
25409 11277 14641
4017 4833 5817
5817 4017 4833
4833 4017 5817
23244 6856 15167
6856 15167 23244
15167 6856 23244
8358 20166 29620
20166 8358 29620
29620 8358 20166
921 9342 26261
9342 921 26261
26261 921 9342
19161 2914 3009
3009 2914 19161
2914 3009 19161
24911 13020 29417
13020 24911 29417
29417 13020 24911
17105 20265 25984
20265 17105 25984
25984 17105 20265
28357 3394 18138
3394 18138 28357
18138 3394 28357
20217 6218 12348
6218 12348 20217
12348 6218 20217
2877 12643 26189
12643 2877 26189
26189 2877 12643
7676 4849 9013
4849 7676 9013
9013 4849 7676
1521 20746 27267
20746 1521 27267
27267 1521 20746
9839 24863 29538
24863 9839 29538
29538 9839 24863
16732 12836 17986
12836 16732 17986
17986 12836 16732
17776 22997 23802
23802 17776 22997
22997 17776 23802
24094 20487 28771
20487 24094 28771
28771 20487 24094
26409 22116 29189
29189 22116 26409
22116 26409 29189
26192 9835 16691
16691 9835 26192
9835 16691 26192
21459 3520 17459
17459 3520 21459
3520 17459 21459
6092 13314 13396
13314 6092 13396
13396 6092 13314
10796 1748 28970
28970 1748 10796
1748 10796 28970
7905 4869 15837
4869 7905 15837
15837 4869 7905
29445 24001 26651
26651 24001 29445
24001 26651 29445
6600 5490 16341
16341 5490 6600
5490 6600 16341
7228 7754 12022
12022 7228 7754
7754 7228 12022
17950 6895 27677
27677 6895 17950
6895 17950 27677
29905 7530 14528
7530 14528 29905
14528 7530 29905
27657 14027 23161
14027 23161 27657
23161 14027 27657
7263 22791 22980
22791 7263 22980
22980 7263 22791
7489 9731 15143
15143 7489 9731
9731 7489 15143
12560 7306 11696
11696 7306 12560
7306 11696 12560
2139 20076 26975
20076 2139 26975
26975 2139 20076
17870 9097 22705
22705 9097 17870
9097 17870 22705
2901 16476 25779
16476 2901 25779
25779 2901 16476
29676 17549 27507
27507 17549 29676
17549 27507 29676
19904 7130 22760
7130 19904 22760
22760 7130 19904
12452 11972 28526
11972 12452 28526
28526 11972 12452
29789 25953 29125
29125 25953 29789
25953 29125 29789
18220 13193 19093
13193 18220 19093
19093 13193 18220
25153 33 198
33 198 25153
198 33 25153
21363 4558 9407
4558 9407 21363
9407 4558 21363
7247 6290 13428
13428 6290 7247
6290 7247 13428
7543 22581 29338
29338 7543 22581
22581 7543 29338
4084 10990 13813
13813 4084 10990
10990 4084 13813
19379 2339 19774
2339 19379 19774
19774 2339 19379
6178 22702 26504
26504 6178 22702
22702 6178 26504
15424 10723 11796
10723 11796 15424
11796 10723 15424
14952 17123 26113
17123 14952 26113
26113 14952 17123
18225 4721 18173
4721 18173 18225
18173 4721 18225
13984 10672 28856
28856 10672 13984
10672 13984 28856
7019 2219 25691
25691 2219 7019
2219 7019 25691
7199 6021 16011
16011 6021 7199
6021 7199 16011
25390 9725 9727
9725 9727 25390
9727 9725 25390
8977 3939 16539
3939 8977 16539
16539 3939 8977
12508 21045 26510
21045 12508 26510
26510 12508 21045
2355 4530 16138
4530 2355 16138
16138 2355 4530
24520 15456 17050
17050 15456 24520
15456 17050 24520
774 2496 14802
14802 774 2496
2496 774 14802
5820 8893 10876
10876 5820 8893
8893 5820 10876
11375 7830 15571
15571 7830 11375
7830 11375 15571
27429 3843 17895
3843 17895 27429
17895 3843 27429
1224 14883 16185
14883 1224 16185
16185 1224 14883
16728 13974 17034
17034 13974 16728
13974 16728 17034
25069 12081 27913
12081 25069 27913
27913 12081 25069
21300 13820 28649
13820 21300 28649
28649 13820 21300
13151 4670 9689
4670 9689 13151
9689 4670 13151
2406 13660 18969
18969 2406 13660
13660 2406 18969
13931 14441 24956
14441 13931 24956
24956 13931 14441
21844 364 19371
19371 364 21844
364 19371 21844
27636 10819 13897
13897 10819 27636
10819 13897 27636
14163 2072 24503
2072 14163 24503
24503 2072 14163
21876 14037 17604
17604 14037 21876
14037 17604 21876
25389 8920 22728
