17216 1741 29152
1741 17216 29152
29152 1741 17216
16635 8835 23202
23202 8835 16635
8835 16635 23202
15320 1608 16888
16888 1608 15320
1608 15320 16888
20368 18703 27637
27637 18703 20368
18703 20368 27637
21535 9004 12898
12898 9004 21535
9004 12898 21535
11392 3180 5496
3180 5496 11392
5496 3180 11392
23748 18511 24267
24267 18511 23748
18511 23748 24267
19561 13063 26238
26238 13063 19561
13063 19561 26238
9538 7182 27165
7182 9538 27165
27165 7182 9538
23439 7334 21141
7334 21141 23439
21141 7334 23439
20321 3240 13143
13143 3240 20321
3240 13143 20321
18079 5998 25567
25567 5998 18079
5998 18079 25567
21227 2399 10922
10922 2399 21227
2399 10922 21227
22491 3503 6114
6114 3503 22491
3503 6114 22491
17359 6765 15496
15496 6765 17359
6765 15496 17359
4084 257 716
716 257 4084
257 716 4084
5630 1250 25521
1250 5630 25521
25521 1250 5630
29967 6594 19323
6594 19323 29967
19323 6594 29967
15699 11063 24243
24243 11063 15699
11063 15699 24243
139 12104 16849
12104 139 16849
16849 139 12104
23251 26781 28714
28714 23251 26781
26781 23251 28714
19552 768 15396
15396 768 19552
768 15396 19552
7655 9132 22362
22362 7655 9132
9132 7655 22362
15309 13194 24656
24656 13194 15309
13194 15309 24656
11458 22621 29462
29462 11458 22621
22621 11458 29462
29123 110 18152
110 18152 29123
18152 110 29123
23766 27059 27195
27059 23766 27195
27195 23766 27059
24625 23507 25071
23507 24625 25071
25071 23507 24625
154 101 26246
26246 101 154
101 154 26246
24926 10310 29884
10310 24926 29884
29884 10310 24926
18163 19588 24078
19588 18163 24078
24078 18163 19588
11211 14161 22002
22002 11211 14161
14161 11211 22002
6947 5458 27287
27287 5458 6947
5458 6947 27287
26819 8031 24463
24463 8031 26819
8031 24463 26819
3854 19387 22637
22637 3854 19387
19387 3854 22637
27480 15933 26751
26751 15933 27480
15933 26751 27480
25635 11094 21426
11094 21426 25635
21426 11094 25635
12413 21685 29901
29901 12413 21685
21685 12413 29901
13052 1148 20212
20212 1148 13052
1148 13052 20212
2370 13470 21879
13470 2370 21879
21879 2370 13470
12392 12154 23815
12154 12392 23815
23815 12154 12392
7537 20446 25828
25828 7537 20446
20446 7537 25828
26467 3351 7125
3351 7125 26467
7125 3351 26467
7293 26476 28325
28325 7293 26476
26476 7293 28325
15477 14134 26987
26987 14134 15477
14134 15477 26987
928 10223 29283
10223 928 29283
29283 928 10223
16310 10076 11675
11675 10076 16310
10076 11675 16310
10345 3161 8659
3161 8659 10345
8659 3161 10345
29038 4072 22167
22167 4072 29038
4072 22167 29038
28124 11043 14519
14519 11043 28124
11043 14519 28124
4283 22562 27119
22562 4283 27119
27119 4283 22562
27791 8905 23831
23831 8905 27791
8905 23831 27791
8435 26947 27497
26947 8435 27497
27497 8435 26947
4739 6500 14247
14247 4739 6500
6500 4739 14247
6452 2218 28925
28925 2218 6452
2218 6452 28925
8239 11257 27311
27311 8239 11257
11257 8239 27311
5620 11338 25545
11338 5620 25545
25545 5620 11338
21638 881 24986
881 21638 24986
24986 881 21638
29966 12506 13266
13266 12506 29966
12506 13266 29966
23626 13355 14585
13355 14585 23626
14585 13355 23626
6949 7544 14185
14185 6949 7544
7544 6949 14185
10183 13122 27216
27216 10183 13122
13122 10183 27216
2437 20018 22164
20018 2437 22164
22164 2437 20018
18362 9701 16898
9701 16898 18362
16898 9701 18362
26621 14103 24631
24631 14103 26621
14103 24631 26621
24949 19389 28613
19389 24949 28613
28613 19389 24949
21855 14682 19101
14682 19101 21855
19101 14682 21855
19416 1305 24699
24699 1305 19416
1305 19416 24699
1839 5676 24231
5676 1839 24231
24231 1839 5676
24199 12603 18979
12603 18979 24199
18979 12603 24199
23034 628 3238
3238 628 23034
628 3238 23034
3181 1573 17171
1573 3181 17171
17171 1573 3181
29173 25729 27467
25729 27467 29173
27467 25729 29173
26366 10412 28141
28141 10412 26366
10412 26366 28141
11297 15387 15938
15938 11297 15387
15387 11297 15938
932 14333 29302
14333 932 29302
29302 932 14333
3355 14389 17808
14389 3355 17808
17808 3355 14389
10802 16883 25386
25386 10802 16883
16883 10802 25386
21851 12026 27160
12026 21851 27160
27160 12026 21851
13915 8937 17593
8937 13915 17593
17593 8937 13915
14698 11880 27292
27292 11880 14698
11880 14698 27292
4078 20065 21938
20065 4078 21938
21938 4078 20065
1503 4000 29066
29066 1503 4000
4000 1503 29066
29072 2768 12032
12032 2768 29072
2768 12032 29072
24137 16692 23440
16692 23440 24137
23440 16692 24137
21937 8045 23867
8045 21937 23867
23867 8045 21937
14946 10271 21846
21846 10271 14946
10271 14946 21846
7483 16349 22940
16349 7483 22940
22940 7483 16349
8372 12668 14659
12668 8372 14659
14659 8372 12668
17748 12379 15753
12379 15753 17748
15753 12379 17748
21694 1988 3977
3977 1988 21694
1988 3977 21694
6310 800 5859
5859 800 6310
800 5859 6310
2908 6375 18331
6375 2908 18331
18331 2908 6375
9390 4445 5328
5328 4445 9390
4445 5328 9390
6275 5949 24009
24009 5949 6275
5949 6275 24009
27099 10607 29014
29014 10607 27099
10607 27099 29014
24153 7214 21488
21488 7214 24153
7214 21488 24153
18973 137 26975
26975 137 18973
137 18973 26975
11770 11700 21279
11700 11770 21279
21279 11700 11770
2798 5797 8460
8460 2798 5797
5797 2798 8460
20768 4480 27843
4480 20768 27843
27843 4480 20768
19405 3618 17732
3618 17732 19405
17732 3618 19405
11084 14358 27431
14358 11084 27431
27431 11084 14358
16214 17312 20268
20268 16214 17312
17312 16214 20268
1065 12329 19205
12329 1065 19205
19205 1065 12329
26404 2915 8195
2915 8195 26404
8195 2915 26404
14130 691 4122
691 4122 14130
4122 691 14130
7256 13247 18081
18081 7256 13247
13247 7256 18081
12525 6410 28441
6410 12525 28441
28441 6410 12525
28209 11533 28136
11533 28136 28209
28136 11533 28209
18740 1203 26240
26240 1203 18740
1203 18740 26240
11004 8526 9314
8526 9314 11004
9314 8526 11004
22610 13550 23550
13550 22610 23550
23550 13550 22610
19474 19000 22070
19000 19474 22070
22070 19000 19474
22187 10647 26636
10647 22187 26636
26636 10647 22187
22430 13086 13810
13810 13086 22430
13086 13810 22430
28116 11703 15967
15967 11703 28116
11703 15967 28116
11362 11170 25617
11170 11362 25617
25617 11170 11362
19106 13333 21325
13333 19106 21325
21325 13333 19106
8839 13648 19610
13648 8839 19610
19610 8839 13648
19084 10423 26523
10423 19084 26523
26523 10423 19084
1622 12890 19997
12890 1622 19997
19997 1622 12890
10976 2927 17799
17799 2927 10976
2927 10976 17799
12788 3799 22000
3799 12788 22000
22000 3799 12788
13522 673 21744
21744 673 13522
673 13522 21744
23608 5193 21092
21092 5193 23608
5193 21092 23608
16884 5012 23046
23046 5012 16884
5012 16884 23046
10993 11319 11775
11319 10993 11775
11775 10993 11319
6589 475 29822
29822 475 6589
475 6589 29822
24321 16045 18643
18643 16045 24321
16045 18643 24321
6031 1486 17493
17493 1486 6031
1486 6031 17493
12302 17140 22415
17140 12302 22415
22415 12302 17140
4201 2277 22198
2277 4201 22198
22198 2277 4201
23387 3437 9522
3437 9522 23387
9522 3437 23387
18977 21264 23428
21264 18977 23428
23428 18977 21264
29350 1410 2023
1410 2023 29350
2023 1410 29350
23161 2276 3537
2276 3537 23161
3537 2276 23161
10939 16433 23628
16433 10939 23628
23628 10939 16433
29677 22018 29477
29477 22018 29677
22018 29477 29677
26602 12885 15149
12885 15149 26602
15149 12885 26602
10953 677 20766
20766 677 10953
677 10953 20766
11624 16032 26593
26593 11624 16032
16032 11624 26593
28708 4409 5278
4409 5278 28708
5278 4409 28708
11516 15494 23292
15494 11516 23292
23292 11516 15494
9829 2034 22436
2034 9829 22436
22436 2034 9829
3130 11306 23749
11306 3130 23749
23749 3130 11306
13487 11161 14793
11161 13487 14793
14793 11161 13487
3373 1796 10674
10674 1796 3373
1796 3373 10674
21392 6322 17460
6322 17460 21392
17460 6322 21392
19876 16393 17286
17286 16393 19876
16393 17286 19876
12194 2258 15918
15918 2258 12194
2258 12194 15918
4247 9468 29851
9468 4247 29851
29851 4247 9468
26692 11271 26116
11271 26116 26692
26116 11271 26692
2772 4452 19128
4452 2772 19128
19128 2772 4452
11082 17387 23259
17387 11082 23259
23259 11082 17387
27256 684 18546
18546 684 27256
684 18546 27256
13191 20056 22647
22647 13191 20056
20056 13191 22647
23322 1093 11422
11422 1093 23322
1093 11422 23322
14795 14436 26463
14436 14795 26463
26463 14436 14795
8403 12509 28888
28888 8403 12509
12509 8403 28888
7582 8867 21602
21602 7582 8867
8867 7582 21602
25066 4231 21872
21872 4231 25066
4231 21872 25066
9581 18157 27811
18157 9581 27811
27811 9581 18157
6162 1813 2330
1813 2330 6162
2330 1813 6162
18525 3160 24247
3160 18525 24247
24247 3160 18525
1569 15626 25130
15626 1569 25130
25130 1569 15626
23347 5644 26164
5644 23347 26164
26164 5644 23347
10260 14742 17055
14742 10260 17055
17055 10260 14742
23709 2231 19360
2231 19360 23709
19360 2231 23709
16926 1682 6817
1682 6817 16926
6817 1682 16926
27473 5860 23848
5860 23848 27473
23848 5860 27473
19980 25622 27548
25622 19980 27548
27548 19980 25622
26974 523 28566
28566 523 26974
523 26974 28566
3740 26485 29054
29054 3740 26485
26485 3740 29054
24021 9893 29834
9893 24021 29834
29834 9893 24021
27824 1487 10678
10678 1487 27824
1487 10678 27824
1737 2696 24782
24782 1737 2696
2696 1737 24782
16721 16144 17787
17787 16144 16721
16144 16721 17787
23976 10270 18954
18954 10270 23976
10270 18954 23976
14825 11437 21936
11437 14825 21936
21936 11437 14825
18376 2070 19690
19690 2070 18376
2070 18376 19690
15011 12778 20598
12778 15011 20598
20598 12778 15011
24203 1511 9659
9659 1511 24203
1511 9659 24203
22057 16837 22064
16837 22057 22064
22064 16837 22057
18911 5490 29354
29354 5490 18911
5490 18911 29354
27670 194 4473
194 4473 27670
4473 194 27670
19119 6726 17576
6726 17576 19119
17576 6726 19119
13372 5758 8037
5758 8037 13372
8037 5758 13372
3890 15159 18762
18762 3890 15159
15159 3890 18762
23504 3111 11183
11183 3111 23504
3111 11183 23504
16639 2726 8550
2726 8550 16639
8550 2726 16639
17991 18422 20228
18422 17991 20228
20228 17991 18422
29577 442 13483
13483 442 29577
442 13483 29577
22016 6749 15456
15456 6749 22016
6749 15456 22016
15801 13045 22394
13045 15801 22394
22394 13045 15801
27807 4915 21712
21712 4915 27807
4915 21712 27807
4016 17874 24265
17874 4016 24265
24265 4016 17874
1392 1930 13499
13499 1392 1930
1930 1392 13499
2479 8810 17920
8810 2479 17920
17920 2479 8810
9859 20168 23094
20168 9859 23094
23094 9859 20168
7593 20594 23430
20594 7593 23430
23430 7593 20594
18358 9739 22963
22963 9739 18358
9739 18358 22963
9413 19923 26128
19923 9413 26128
26128 9413 19923
18608 12998 29683
12998 18608 29683
29683 12998 18608
6549 1749 23396
23396 1749 6549
1749 6549 23396
12669 14354 28809
14354 12669 28809
28809 12669 14354
25031 5514 10810
5514 10810 25031
10810 5514 25031
14693 13242 19057
13242 14693 19057
19057 13242 14693
22890 13449 18741
18741 13449 22890
13449 18741 22890
22432 1972 29949
1972 22432 29949
29949 1972 22432
12904 10495 17912
17912 10495 12904
10495 12904 17912
7325 3841 23429
23429 3841 7325
3841 7325 23429
21468 15379 25190
15379 21468 25190
25190 15379 21468
24603 11158 16296
16296 11158 24603
11158 16296 24603
25844 3201 6392
3201 6392 25844
6392 3201 25844
17150 15467 24568
15467 17150 24568
24568 15467 17150
5115 14345 21492
14345 5115 21492
21492 5115 14345
3101 2444 2804
2444 2804 3101
2804 2444 3101
23627 14104 28543
14104 23627 28543
28543 14104 23627
24993 22741 24670
22741 24670 24993
24670 22741 24993
18888 7089 8543
8543 7089 18888
7089 8543 18888
23359 5593 9811
9811 5593 23359
5593 9811 23359
22850 1772 26092
26092 1772 22850
1772 22850 26092
19618 10664 28556
28556 10664 19618
10664 19618 28556
13965 12265 20112
20112 12265 13965
12265 13965 20112
8145 17399 24114
17399 8145 24114
24114 8145 17399
23496 2207 8323
8323 2207 23496
2207 8323 23496
27333 10848 16604
16604 10848 27333
10848 16604 27333
2855 7090 20469
7090 2855 20469
20469 2855 7090
16800 5832 18277
5832 16800 18277
18277 5832 16800
14684 6270 22835
22835 6270 14684
6270 14684 22835
16458 4805 29876
29876 4805 16458
4805 16458 29876
1425 13342 18920
18920 1425 13342
13342 1425 18920
10422 3514 7274
7274 3514 10422
3514 7274 10422
5537 22286 28582
22286 5537 28582
28582 5537 22286
13351 6065 11767
6065 11767 13351
11767 6065 13351
6085 4159 5203
4159 5203 6085
5203 4159 6085
27737 8843 25982
25982 8843 27737
8843 25982 27737
24832 10360 29727
10360 24832 29727
29727 10360 24832
20384 5623 22629
22629 5623 20384
5623 20384 22629
17279 274 8072
274 8072 17279
8072 274 17279
15544 535 28125
28125 535 15544
535 15544 28125
5953 5442 20834
20834 5442 5953
5442 5953 20834
23333 2936 12597
2936 12597 23333
12597 2936 23333
2397 15517 22531
15517 2397 22531
22531 2397 15517
11965 5689 6036
6036 5689 11965
5689 6036 11965
495 1267 25231
1267 495 25231
25231 495 1267
10347 22498 25265
22498 10347 25265
25265 10347 22498
20248 7319 18289
18289 7319 20248
7319 18289 20248
28780 5716 11741
11741 5716 28780
5716 11741 28780
6347 4170 27862
4170 6347 27862
27862 4170 6347
13239 17572 19152
19152 13239 17572
17572 13239 19152
1687 10242 22433
22433 1687 10242
10242 1687 22433
17123 8345 19782
19782 8345 17123
8345 17123 19782
29077 20235 24985
24985 20235 29077
20235 24985 29077
20425 2695 10968
10968 2695 20425
2695 10968 20425
10171 1324 25565
1324 10171 25565
25565 1324 10171
16731 11194 19072
19072 11194 16731
11194 16731 19072
1690 1211 9613
9613 1211 1690
1211 1690 9613
7758 12085 16528
16528 7758 12085
12085 7758 16528
1368 24627 29298
29298 1368 24627
24627 1368 29298
2618 8577 17842
8577 2618 17842
17842 2618 8577
2531 1623 2996
2996 1623 2531
1623 2531 2996
26676 17966 18974
18974 17966 26676
17966 18974 26676
12386 675 24268
24268 675 12386
675 12386 24268
5838 16110 27446
16110 5838 27446
27446 5838 16110
18304 4512 9988
4512 9988 18304
9988 4512 18304
17768 24488 25129
25129 17768 24488
24488 17768 25129
29664 13065 28135
28135 13065 29664
13065 28135 29664
26834 21641 23340
21641 23340 26834
23340 21641 26834
28383 2893 23218
23218 2893 28383
2893 23218 28383
1513 18613 25347
18613 1513 25347
25347 1513 18613
9420 19608 24015
19608 9420 24015
24015 9420 19608
167 10734 14353
14353 167 10734
10734 167 14353
11262 1048 20097
20097 1048 11262
1048 11262 20097
7668 6561 21357
21357 6561 7668
6561 7668 21357
25244 11537 26950
11537 25244 26950
26950 11537 25244
27882 1164 3037
3037 1164 27882
1164 3037 27882
19303 11844 23022
11844 19303 23022
23022 11844 19303
27986 3277 16835
16835 3277 27986
3277 16835 27986
22132 10896 14535
10896 14535 22132
14535 10896 22132
27603 19916 22603
19916 22603 27603
22603 19916 27603
26713 5552 6839
5552 6839 26713
6839 5552 26713
28689 15347 24983
24983 15347 28689
15347 24983 28689
7623 5738 12749
12749 5738 7623
5738 7623 12749
9220 5252 19921
5252 9220 19921
19921 5252 9220
12741 894 28853
894 12741 28853
28853 894 12741
7402 1502 18247
18247 1502 7402
1502 7402 18247
18354 6645 11653
6645 11653 18354
11653 6645 18354
11131 5342 16805
16805 5342 11131
5342 11131 16805
10545 3045 17355
3045 10545 17355
17355 3045 10545
13684 17973 18071
18071 13684 17973
17973 13684 18071
359 20188 29282
29282 359 20188
20188 359 29282
12014 19010 22069
19010 12014 22069
22069 12014 19010
16517 5275 24342
5275 16517 24342
24342 5275 16517
16275 7922 25248
7922 16275 25248
25248 7922 16275
4589 14340 16900
16900 4589 14340
14340 4589 16900
22704 4465 21581
21581 4465 22704
4465 21581 22704
26978 6964 7666
7666 6964 26978
6964 7666 26978
20628 7676 28036
28036 7676 20628
7676 20628 28036
20043 7876 26295
26295 7876 20043
7876 20043 26295
28570 879 14792
14792 879 28570
879 14792 28570
9277 1041 6937
1041 6937 9277
6937 1041 9277
3955 2776 4316
2776 3955 4316
4316 2776 3955
12263 24400 28376
28376 12263 24400
24400 12263 28376
15630 14876 14915
14876 14915 15630
14915 14876 15630
5818 8645 17079
17079 5818 8645
8645 5818 17079
13413 7217 17210
7217 13413 17210
17210 7217 13413
11135 2516 28506
2516 11135 28506
28506 2516 11135
2 10085 16769
10085 2 16769
16769 2 10085
6389 9770 24871
24871 6389 9770
9770 6389 24871
14962 6033 13395
6033 13395 14962
13395 6033 14962
25313 688 29239
29239 688 25313
688 25313 29239
6345 1683 7431
7431 1683 6345
1683 6345 7431
1636 18381 24317
24317 1636 18381
18381 1636 24317
1705 17967 29978
29978 1705 17967
17967 1705 29978
656 10369 26197
10369 656 26197
26197 656 10369
5099 4791 5833
4791 5099 5833
5833 4791 5099
9598 2702 22563
2702 9598 22563
22563 2702 9598
419 7908 21568
7908 419 21568
21568 419 7908
29101 1162 26000
26000 1162 29101
1162 26000 29101
27128 19309 20911
19309 20911 27128
20911 19309 27128
4769 3615 26021
3615 4769 26021
26021 3615 4769
11529 15301 26425
15301 11529 26425
26425 11529 15301
1255 16844 18036
16844 1255 18036
18036 1255 16844
6346 4839 25647
25647 4839 6346
4839 6346 25647
29143 13821 14450
14450 13821 29143
13821 14450 29143
11254 21991 28900
28900 11254 21991
21991 11254 28900
26066 24149 25604
24149 25604 26066
25604 24149 26066
14599 8388 27587
27587 8388 14599
8388 14599 27587
29643 18994 20651
18994 20651 29643
20651 18994 29643
7659 1081 12179
1081 7659 12179
12179 1081 7659
23353 6510 22509
22509 6510 23353
6510 22509 23353
27563 9928 21240
21240 9928 27563
9928 21240 27563
15257 6665 19366
19366 6665 15257
6665 15257 19366
3441 16485 29916
29916 3441 16485
16485 3441 29916
28076 26782 27546
26782 27546 28076
27546 26782 28076
25230 3405 25552
25552 3405 25230
3405 25230 25552
9986 2471 15128
15128 2471 9986
2471 9986 15128
26184 5041 25037
5041 25037 26184
25037 5041 26184
18425 15059 28721
28721 15059 18425
15059 18425 28721
5124 12406 25770
25770 5124 12406
12406 5124 25770
14500 23125 28239
23125 14500 28239
28239 14500 23125
22540 22626 22896
22626 22540 22896
22896 22540 22626
20419 6507 19006
19006 6507 20419
6507 19006 20419
1335 11925 26448
26448 1335 11925
11925 1335 26448
25850 10684 28023
10684 25850 28023
28023 10684 25850
21405 1056 19688
1056 19688 21405
19688 1056 21405
26885 25342 29603
29603 25342 26885
25342 26885 29603
527 134 19225
134 527 19225
19225 134 527
24026 16225 23486
23486 16225 24026
16225 23486 24026
4588 7165 15172
15172 4588 7165
7165 4588 15172
28552 12247 27939
27939 12247 28552
12247 27939 28552
20981 3992 6980
6980 3992 20981
3992 6980 20981
8775 6439 14745
14745 6439 8775
6439 8775 14745
5869 18014 25745
25745 5869 18014
18014 5869 25745
21007 7933 19698
19698 7933 21007
7933 19698 21007
27343 11426 18344
18344 11426 27343
11426 18344 27343
6520 5336 29907
5336 6520 29907
29907 5336 6520
14632 6993 13230
6993 13230 14632
13230 6993 14632
8328 15902 20631
20631 8328 15902
15902 8328 20631
15600 2815 29360
29360 2815 15600
2815 15600 29360
27800 21702 22145
21702 22145 27800
22145 21702 27800
10967 9860 15110
15110 9860 10967
9860 10967 15110
8680 12365 25784
25784 8680 12365
12365 8680 25784
20057 17526 28842
17526 20057 28842
28842 17526 20057
26566 507 19061
19061 507 26566
507 19061 26566
12957 13164 17288
13164 12957 17288
17288 12957 13164
9820 16312 26737
26737 9820 16312
16312 9820 26737
11967 13855 15884
15884 11967 13855
13855 11967 15884
15117 1291 16534
1291 15117 16534
16534 1291 15117
7172 7478 26608
7478 7172 26608
26608 7172 7478
21124 713 9865
713 9865 21124
9865 713 21124
26899 2605 5806
5806 2605 26899
2605 5806 26899
25330 17474 23618
23618 17474 25330
17474 23618 25330
8438 8616 13135
8616 8438 13135
13135 8438 8616
7351 1764 18403
18403 1764 7351
1764 7351 18403
1037 5426 29290
29290 1037 5426
5426 1037 29290
20232 5868 13574
5868 13574 20232
13574 5868 20232
4271 9433 26392
9433 4271 26392
26392 4271 9433
16646 14111 24385
14111 16646 24385
24385 14111 16646
25767 19034 20543
19034 20543 25767
20543 19034 25767
20991 12612 29205
29205 12612 20991
12612 20991 29205
13646 14037 18800
18800 13646 14037
14037 13646 18800
29550 6199 6544
6199 6544 29550
6544 6199 29550
26838 2596 25710
2596 25710 26838
25710 2596 26838
24105 16411 18960
16411 18960 24105
18960 16411 24105
26796 23381 29196
23381 26796 29196
29196 23381 26796
12824 938 24475
24475 938 12824
938 12824 24475
25759 22466 25120
22466 25120 25759
25120 22466 25759
3390 13296 18013
18013 3390 13296
13296 3390 18013
4854 13538 22127
22127 4854 13538
13538 4854 22127
20658 16488 23589
16488 20658 23589
23589 16488 20658
10509 8509 19723
19723 8509 10509
8509 10509 19723
1620 4254 16186
16186 1620 4254
4254 1620 16186
28845 8595 15908
15908 8595 28845
8595 15908 28845
4626 1411 21013
21013 1411 4626
1411 4626 21013
25882 20585 29882
29882 20585 25882
20585 25882 29882
29017 151 18212
18212 151 29017
151 18212 29017
20979 8188 19351
19351 8188 20979
8188 19351 20979
7457 4491 26452
26452 4491 7457
4491 7457 26452
20884 229 15349
229 15349 20884
15349 229 20884
15479 18964 27701
27701 15479 18964
18964 15479 27701
2173 24510 27135
24510 2173 27135
27135 2173 24510
21356 2183 28865
2183 21356 28865
28865 2183 21356
19746 11046 25484
25484 11046 19746
11046 19746 25484
4861 1621 23967
23967 1621 4861
1621 4861 23967
1679 10864 18714
18714 1679 10864
10864 1679 18714
15737 3925 21209
3925 15737 21209
21209 3925 15737
26900 875 9775
875 9775 26900
9775 875 26900
20309 1125 11557
11557 1125 20309
1125 11557 20309
25592 17258 23610
23610 17258 25592
17258 23610 25592
12226 2339 17036
17036 2339 12226
2339 12226 17036
17686 7475 18637
7475 17686 18637
18637 7475 17686
3481 17612 21066
17612 3481 21066
21066 3481 17612
8454 11606 27253
11606 8454 27253
27253 8454 11606
28003 23975 25799
25799 23975 28003
23975 25799 28003
28834 3265 5318
3265 5318 28834
5318 3265 28834
8756 17701 24490
17701 8756 24490
24490 8756 17701
28512 12285 20037
20037 12285 28512
12285 20037 28512
2493 3066 28005
3066 2493 28005
28005 2493 3066
6051 2230 15079
15079 2230 6051
2230 6051 15079
907 9392 29885
9392 907 29885
29885 907 9392
29036 11206 28025
11206 28025 29036
28025 11206 29036
2663 21293 29139
29139 2663 21293
21293 2663 29139
11143 10298 21128
10298 11143 21128
21128 10298 11143
18599 14189 27604
27604 14189 18599
14189 18599 27604
13867 23097 23441
23441 13867 23097
23097 13867 23441
26961 5951 25411
25411 5951 26961
5951 25411 26961
16335 7581 7781
7781 7581 16335
7581 7781 16335
4732 23066 26682
23066 4732 26682
26682 4732 23066
5669 20958 27621
20958 5669 27621
27621 5669 20958
24550 7123 13402
13402 7123 24550
7123 13402 24550
17595 9328 20229
9328 17595 20229
20229 9328 17595
21549 5085 12011
12011 5085 21549
5085 12011 21549
4567 3531 20443
3531 4567 20443
20443 3531 4567
14610 20756 21063
20756 14610 21063
21063 14610 20756
5852 10467 28217
28217 5852 10467
10467 5852 28217
5419 9069 17139
9069 5419 17139
17139 5419 9069
25672 2621 3828
2621 3828 25672
3828 2621 25672
9414 2748 9207
2748 9207 9414
9207 2748 9414
15124 6157 6707
6157 6707 15124
6707 6157 15124
9728 3744 13733
13733 3744 9728
3744 9728 13733
19354 14517 16934
16934 14517 19354
14517 16934 19354
27143 9138 23323
23323 9138 27143
9138 23323 27143
16588 28864 28933
28864 16588 28933
28933 16588 28864
24933 12812 23271
23271 12812 24933
12812 23271 24933
19805 7045 16069
16069 7045 19805
7045 16069 19805
14662 20328 20780
20328 14662 20780
20780 14662 20328
9720 4290 22080
22080 4290 9720
4290 9720 22080
29183 14721 16352
14721 16352 29183
16352 14721 29183
20416 11838 13653
13653 11838 20416
11838 13653 20416
27080 2273 7568
7568 2273 27080
2273 7568 27080
18944 2953 9193
9193 2953 18944
2953 9193 18944
17082 11265 13177
11265 13177 17082
13177 11265 17082
28666 21230 28801
28801 21230 28666
21230 28666 28801
4717 3261 29135
29135 3261 4717
3261 4717 29135
22308 8958 27793
8958 22308 27793
27793 8958 22308
10146 22732 26304
22732 10146 26304
26304 10146 22732
4765 7887 8547
8547 4765 7887
7887 4765 8547
18413 28756 29078
28756 18413 29078
29078 18413 28756
15357 11372 29911
11372 15357 29911
29911 11372 15357
11837 12891 28286
28286 11837 12891
12891 11837 28286
12653 22554 24565
22554 12653 24565
24565 12653 22554
24323 1232 13789
1232 13789 24323
13789 1232 24323
28053 14267 22380
14267 22380 28053
22380 14267 28053
28428 9496 13173
9496 13173 28428
13173 9496 28428
27877 8308 22190
8308 22190 27877
22190 8308 27877
2511 7747 17102
7747 2511 17102
17102 2511 7747
29842 6915 11353
6915 11353 29842
11353 6915 29842
25639 11593 26545
11593 25639 26545
26545 11593 25639
28041 3214 11128
3214 11128 28041
11128 3214 28041
3771 25173 28142
25173 3771 28142
28142 3771 25173
10240 10527 11727
10527 10240 11727
11727 10240 10527
7596 216 18035
216 7596 18035
18035 216 7596
9133 19998 24959
19998 9133 24959
24959 9133 19998
1779 4349 16120
4349 1779 16120
16120 1779 4349
2054 4766 5400
5400 2054 4766
4766 2054 5400
13252 15847 29150
29150 13252 15847
15847 13252 29150
21106 8126 28170
8126 21106 28170
28170 8126 21106
16532 10082 19436
19436 10082 16532
10082 16532 19436
27206 17045 20040
17045 20040 27206
20040 17045 27206
8425 13727 22336
13727 8425 22336
22336 8425 13727
16199 7516 11732
7516 11732 16199
11732 7516 16199
16155 19898 24156
19898 16155 24156
24156 16155 19898
6739 955 13155
13155 955 6739
955 6739 13155
11080 8769 11212
11212 8769 11080
8769 11080 11212
10047 7233 19217
19217 7233 10047
7233 10047 19217
8989 12126 17539
17539 8989 12126
12126 8989 17539
27706 16965 28370
28370 16965 27706
16965 27706 28370
18693 13466 16369
13466 16369 18693
16369 13466 18693
24672 2136 18371
2136 18371 24672
18371 2136 24672
8098 10448 23495
23495 8098 10448
10448 8098 23495
11025 23485 25110
25110 11025 23485
23485 11025 25110
10406 26438 28595
28595 10406 26438
26438 10406 28595
9587 25470 29924
29924 9587 25470
25470 9587 29924
19834 11456 26130
26130 11456 19834
11456 19834 26130
13174 5119 8508
8508 5119 13174
5119 8508 13174
9509 11575 27676
11575 9509 27676
27676 9509 11575
8057 1005 8131
1005 8057 8131
8131 1005 8057
7749 24802 25843
25843 7749 24802
24802 7749 25843
11107 25082 29749
25082 11107 29749
29749 11107 25082
24790 15253 21586
21586 15253 24790
15253 21586 24790
9924 7493 13009
7493 9924 13009
13009 7493 9924
27842 22883 27535
27535 22883 27842
22883 27535 27842
9301 9041 17444
17444 9041 9301
9041 9301 17444
28630 5977 26678
5977 26678 28630
26678 5977 28630
1815 12405 22097
12405 1815 22097
22097 1815 12405
24160 6426 12822
6426 12822 24160
12822 6426 24160
17862 17683 19489
19489 17683 17862
17683 17862 19489
13477 3425 10471
10471 3425 13477
3425 10471 13477
17943 7684 20867
7684 17943 20867
20867 7684 17943
7509 16381 27564
16381 7509 27564
27564 7509 16381
5421 25373 29973
25373 5421 29973
29973 5421 25373
29217 6502 21733
21733 6502 29217
6502 21733 29217
25724 2851 28924
28924 2851 25724
2851 25724 28924
20817 15182 29279
29279 15182 20817
15182 20817 29279
29442 8398 21892
21892 8398 29442
8398 21892 29442
416 8964 21201
8964 416 21201
21201 416 8964
5228 530 6326
6326 530 5228
530 5228 6326
25497 3287 10106
3287 10106 25497
10106 3287 25497
3875 16766 21154
16766 3875 21154
21154 3875 16766
3395 4062 7614
7614 3395 4062
4062 3395 7614
16829 12342 16893
12342 16829 16893
16893 12342 16829
304 17880 27748
17880 304 27748
27748 304 17880
21926 29784 29811
29784 21926 29811
29811 21926 29784
26477 2679 13350
2679 13350 26477
13350 2679 26477
15245 7389 17613
7389 15245 17613
17613 7389 15245
25281 9960 24112
24112 9960 25281
9960 24112 25281
19679 2175 25394
25394 2175 19679
2175 19679 25394
12010 15206 28372
28372 12010 15206
15206 12010 28372
24120 6305 26495
6305 24120 26495
26495 6305 24120
26421 20199 20885
20885 20199 26421
20199 20885 26421
4331 19558 23506
23506 4331 19558
19558 4331 23506
21945 3016 3082
3082 3016 21945
3016 3082 21945
18698 1639 14445
1639 14445 18698
14445 1639 18698
1551 7170 25846
7170 1551 25846
25846 1551 7170
17570 3634 14966
3634 14966 17570
14966 3634 17570
400 8038 21198
8038 400 21198
21198 400 8038
24003 4682 22298
22298 4682 24003
4682 22298 24003
2964 2793 10216
10216 2793 2964
2793 2964 10216
27672 337 15273
337 15273 27672
15273 337 27672
7409 4709 25073
25073 4709 7409
4709 7409 25073
23030 8191 25161
25161 8191 23030
8191 23030 25161
27658 1494 11859
1494 11859 27658
11859 1494 27658
29704 13730 28194
28194 13730 29704
13730 28194 29704
4123 13682 19210
19210 4123 13682
13682 4123 19210
20163 13892 22570
22570 13892 20163
13892 20163 22570
23001 12015 24098
24098 12015 23001
12015 23001 24098
8198 1726 5215
5215 1726 8198
1726 5215 8198
27760 319 11350
11350 319 27760
319 11350 27760
12895 17814 25233
17814 12895 25233
25233 12895 17814
866 541 17072
17072 541 866
541 866 17072
16340 8540 13900
8540 13900 16340
13900 8540 16340
9116 9441 21049
9441 9116 21049
21049 9116 9441
24227 17476 24269
17476 24227 24269
24269 17476 24227
3148 9131 26440
26440 3148 9131
9131 3148 26440
16768 13623 22011
13623 16768 22011
22011 13623 16768
7626 8669 23365
8669 7626 23365
23365 7626 8669
26309 2253 14413
2253 14413 26309
14413 2253 26309
24344 1299 23435
23435 1299 24344
1299 23435 24344
16909 12068 29881
29881 12068 16909
12068 16909 29881
18640 19021 25448
19021 18640 25448
25448 18640 19021
11098 8866 10282
10282 8866 11098
8866 10282 11098
3739 918 17746
17746 918 3739
918 3739 17746
22646 11263 24362
11263 22646 24362
24362 11263 22646
8240 2992 9359
2992 8240 9359
9359 2992 8240
19953 7953 18651
7953 18651 19953
18651 7953 19953
18073 13658 15258
13658 15258 18073
15258 13658 18073
6643 3859 27490
3859 6643 27490
27490 3859 6643
11246 5664 19529
19529 5664 11246
5664 11246 19529
4825 891 22463
891 4825 22463
22463 891 4825
29039 4952 27981
4952 27981 29039
27981 4952 29039
23421 11192 11234
11234 11192 23421
11192 11234 23421
444 23120 27831
23120 444 27831
27831 444 23120
12845 16233 29527
29527 12845 16233
16233 12845 29527
7643 10500 14474
14474 7643 10500
10500 7643 14474
18654 223 860
223 860 18654
860 223 18654
2532 11229 24783
11229 2532 24783
24783 2532 11229
10357 11123 28334
28334 10357 11123
11123 10357 28334
6414 18390 28085
18390 6414 28085
28085 6414 18390
17821 17373 23733
23733 17373 17821
17373 17821 23733
18569 6088 13049
13049 6088 18569
6088 13049 18569
3149 14506 27249
14506 3149 27249
27249 3149 14506
26113 9985 22918
9985 22918 26113
22918 9985 26113
17909 3179 14093
14093 3179 17909
3179 14093 17909
15319 10761 29998
29998 10761 15319
10761 15319 29998
8490 11370 29340
29340 8490 11370
11370 8490 29340
8302 10162 17533
10162 8302 17533
17533 8302 10162
26591 3110 29709
29709 3110 26591
3110 26591 29709
4167 14821 15512
15512 4167 14821
14821 4167 15512
19044 1946 8801
8801 1946 19044
1946 8801 19044
28460 27197 28349
28349 27197 28460
27197 28349 28460
29328 179 4799
4799 179 29328
179 4799 29328
13878 16130 18015
16130 13878 18015
18015 13878 16130
25829 13076 16763
13076 16763 25829
16763 13076 25829
17402 7442 21291
7442 17402 21291
21291 7442 17402
14784 1302 9106
1302 9106 14784
9106 1302 14784
19880 17017 17165
17017 17165 19880
17165 17017 19880
24136 4646 14980
4646 14980 24136
14980 4646 24136
4728 3440 28322
3440 4728 28322
28322 3440 4728
9239 13357 14953
13357 9239 14953
14953 9239 13357
427 14383 21632
14383 427 21632
21632 427 14383
16718 12279 17167
12279 16718 17167
17167 12279 16718
456 7216 18729
7216 456 18729
18729 456 7216
25680 726 10970
10970 726 25680
726 10970 25680
20731 1420 4342
4342 1420 20731
1420 4342 20731
19464 23641 26317
26317 19464 23641
23641 19464 26317
6978 8066 18414
8066 6978 18414
18414 6978 8066
19266 8518 13767
13767 8518 19266
8518 13767 19266
8790 13917 23436
13917 8790 23436
23436 8790 13917
599 6077 22766
6077 599 22766
22766 599 6077
24622 28650 29810
29810 24622 28650
28650 24622 29810
1095 10022 28128
28128 1095 10022
10022 1095 28128
14824 9717 10557
10557 9717 14824
9717 10557 14824
2410 19111 26047
26047 2410 19111
19111 2410 26047
28379 7425 15354
15354 7425 28379
7425 15354 28379
17757 26398 29429
29429 17757 26398
26398 17757 29429
18515 15454 25489
15454 18515 25489
25489 15454 18515
10071 12458 22266
12458 10071 22266
22266 10071 12458
17977 3900 11336
3900 11336 17977
11336 3900 17977
128 18154 21509
18154 128 21509
21509 128 18154
13473 10962 28767
28767 10962 13473
10962 13473 28767
8596 2038 17030
17030 2038 8596
2038 8596 17030
22112 4702 17088
17088 4702 22112
4702 17088 22112
13100 5774 10792
10792 5774 13100
5774 10792 13100
19568 9128 19162
9128 19162 19568
19162 9128 19568
24882 18826 23324
23324 18826 24882
18826 23324 24882
22151 5403 16379
16379 5403 22151
5403 16379 22151
13750 11595 19080
19080 11595 13750
11595 13750 19080
14030 3980 6532
6532 3980 14030
3980 6532 14030
6420 8431 8638
8431 6420 8638
8638 6420 8431
18663 5649 22304
22304 5649 18663
5649 18663 22304
27946 21053 28288
21053 27946 28288
28288 21053 27946
13171 2802 13546
2802 13171 13546
13546 2802 13171
9568 4604 24734
4604 9568 24734
24734 4604 9568
2965 22681 27520
22681 2965 27520
27520 2965 22681
8949 4891 21031
21031 4891 8949
4891 8949 21031
25854 26784 28104
28104 25854 26784
26784 25854 28104
23136 8641 28417
28417 8641 23136
8641 23136 28417
20603 9430 18566
18566 9430 20603
9430 18566 20603
11324 6821 14699
6821 11324 14699
14699 6821 11324
6807 19068 23842
19068 6807 23842
23842 6807 19068
2527 1837 3810
1837 2527 3810
3810 1837 2527
15579 613 11709
613 11709 15579
11709 613 15579
2196 13062 25255
13062 2196 25255
25255 2196 13062
16119 15057 25747
15057 16119 25747
25747 15057 16119
28166 24466 28627
28627 24466 28166
24466 28166 28627
19870 1237 19949
1237 19870 19949
19949 1237 19870
2191 1234 4701
1234 2191 4701
4701 1234 2191
618 18627 27199
27199 618 18627
18627 618 27199
73 16816 23738
16816 73 23738
23738 73 16816
26383 20372 26841
20372 26383 26841
26841 20372 26383
27460 5183 7800
7800 5183 27460
5183 7800 27460
20553 4820 8725
8725 4820 20553
4820 8725 20553
2599 17555 29019
29019 2599 17555
17555 2599 29019
23662 26971 29124
26971 23662 29124
29124 23662 26971
28688 2311 7577
2311 7577 28688
7577 2311 28688
27762 13024 13380
13024 13380 27762
13380 13024 27762
11236 13310 20009
20009 11236 13310
13310 11236 20009
21647 13034 27982
27982 13034 21647
13034 21647 27982
5877 16306 17520
16306 5877 17520
17520 5877 16306
4065 11599 17784
11599 4065 17784
17784 4065 11599
25719 7427 21718
21718 7427 25719
7427 21718 25719
8237 2261 11987
2261 8237 11987
11987 2261 8237
11337 17280 24086
24086 11337 17280
17280 11337 24086
25317 2991 14033
14033 2991 25317
2991 14033 25317
15787 26932 27494
27494 15787 26932
26932 15787 27494
14243 10610 26393
10610 14243 26393
26393 10610 14243
23114 12130 26028
26028 12130 23114
12130 23114 26028
8433 1040 22027
1040 8433 22027
22027 1040 8433
23885 2796 10325
10325 2796 23885
2796 10325 23885
29866 10741 17662
10741 17662 29866
17662 10741 29866
15642 16480 25612
16480 15642 25612
25612 15642 16480
1716 6801 14249
14249 1716 6801
6801 1716 14249
5279 5511 8335
8335 5279 5511
5511 5279 8335
3576 338 3864
3864 338 3576
338 3576 3864
5792 3213 23168
3213 5792 23168
23168 3213 5792
13967 9989 16298
16298 9989 13967
9989 13967 16298
5695 20595 27601
27601 5695 20595
20595 5695 27601
13602 16918 24513
16918 13602 24513
24513 13602 16918
18513 7654 11394
7654 11394 18513
11394 7654 18513
6440 3094 26908
26908 3094 6440
3094 6440 26908
27239 18782 24906
24906 18782 27239
18782 24906 27239
11744 12052 14379
14379 11744 12052
12052 11744 14379
6754 10125 27766
27766 6754 10125
10125 6754 27766
2724 8068 9336
8068 2724 9336
9336 2724 8068
1616 11626 28777
28777 1616 11626
11626 1616 28777
12060 16740 27975
16740 12060 27975
27975 12060 16740
29235 3867 15190
3867 15190 29235
15190 3867 29235
28252 20412 28226
28226 20412 28252
20412 28226 28252
22965 10672 26222
26222 10672 22965
10672 22965 26222
10043 19136 19167
19167 10043 19136
19136 10043 19167
25051 4205 25853
4205 25051 25853
25853 4205 25051
12059 14406 22737
14406 12059 22737
22737 12059 14406
13306 10812 18629
10812 13306 18629
18629 10812 13306
9877 13572 24653
24653 9877 13572
13572 9877 24653
27726 17872 26575
17872 26575 27726
26575 17872 27726
8705 20296 26125
20296 8705 26125
26125 8705 20296
983 4215 9183
9183 983 4215
4215 983 9183
27689 8171 21383
21383 8171 27689
8171 21383 27689
20187 1457 9786
9786 1457 20187
1457 9786 20187
1920 20752 22753
20752 1920 22753
22753 1920 20752
11241 7312 8597
8597 7312 11241
7312 8597 11241
14975 3115 27366
27366 3115 14975
3115 14975 27366
6458 21478 26472
26472 6458 21478
21478 6458 26472
12012 27561 28534
28534 12012 27561
27561 12012 28534
25104 1628 29456
29456 1628 25104
1628 25104 29456
3965 5324 13699
5324 3965 13699
13699 3965 5324
24995 11910 28401
11910 24995 28401
28401 11910 24995
19458 4928 23585
23585 4928 19458
4928 19458 23585
11821 10243 13394
13394 10243 11821
10243 11821 13394
1096 2104 20568
2104 1096 20568
20568 1096 2104
24276 3794 29582
3794 24276 29582
29582 3794 24276
15791 15337 29641
15337 15791 29641
29641 15337 15791
3533 16986 17449
16986 3533 17449
17449 3533 16986
25494 21726 25691
21726 25494 25691
25691 21726 25494
7133 18316 27014
27014 7133 18316
18316 7133 27014
27558 1991 14499
1991 14499 27558
14499 1991 27558
24987 962 19264
19264 962 24987
962 19264 24987
19243 4571 24828
4571 19243 24828
24828 4571 19243
25935 3417 27666
27666 3417 25935
3417 25935 27666
10943 840 29789
840 10943 29789
29789 840 10943
10507 9033 24288
24288 9033 10507
9033 10507 24288
21217 6626 26670
26670 6626 21217
6626 21217 26670
17302 13732 18241
18241 13732 17302
13732 17302 18241
22586 4785 21930
21930 4785 22586
4785 21930 22586
11360 1242 7672
1242 7672 11360
7672 1242 11360
20830 4427 10210
10210 4427 20830
4427 10210 20830
18201 1326 29754
29754 1326 18201
1326 18201 29754
12459 26015 27792
27792 12459 26015
26015 12459 27792
13303 8245 16005
16005 8245 13303
8245 13303 16005
9270 158 13969
158 9270 13969
13969 158 9270
24082 10680 22699
10680 22699 24082
22699 10680 24082
2872 1720 12983
1720 2872 12983
12983 1720 2872
13335 10652 29304
10652 13335 29304
29304 10652 13335
1715 6374 8422
8422 1715 6374
6374 1715 8422
6691 8182 29047
8182 6691 29047
29047 6691 8182
29780 20041 28291
28291 20041 29780
20041 28291 29780
16875 5381 6273
6273 5381 16875
5381 6273 16875
12878 590 16319
590 12878 16319
16319 590 12878
20045 6543 22932
6543 20045 22932
22932 6543 20045
22421 1248 28485
28485 1248 22421
1248 22421 28485
18563 12135 23335
12135 18563 23335
23335 12135 18563
19017 16503 26018
26018 16503 19017
16503 19017 26018
364 20983 23747
20983 364 23747
23747 364 20983
1464 5028 15094
15094 1464 5028
5028 1464 15094
18757 4045 15807
15807 4045 18757
4045 15807 18757
10407 4530 7251
4530 7251 10407
7251 4530 10407
3134 1062 20726
1062 3134 20726
20726 1062 3134
3523 10639 12836
12836 3523 10639
10639 3523 12836
2658 5595 24266
24266 2658 5595
5595 2658 24266
7366 2074 21747
2074 7366 21747
21747 2074 7366
7802 9244 10190
9244 7802 10190
10190 7802 9244
21335 3663 16194
16194 3663 21335
3663 16194 21335
19088 10937 16781
10937 16781 19088
16781 10937 19088
2473 8142 10850
10850 2473 8142
8142 2473 10850
5429 18046 27911
18046 5429 27911
27911 5429 18046
1960 2875 15951
15951 1960 2875
2875 1960 15951
18831 11075 15074
11075 15074 18831
15074 11075 18831
11707 18497 22864
18497 11707 22864
22864 11707 18497
24359 15204 15393
15204 15393 24359
15393 15204 24359
24084 22719 28295
28295 22719 24084
22719 24084 28295
5167 4210 6181
4210 5167 6181
6181 4210 5167
19447 4181 9356
9356 4181 19447
4181 9356 19447
22874 7041 18021
7041 18021 22874
18021 7041 22874
16892 7690 18772
7690 16892 18772
18772 7690 16892
25523 11154 17149
11154 17149 25523
17149 11154 25523
640 7280 14169
14169 640 7280
7280 640 14169
25464 7702 22263
7702 22263 25464
22263 7702 25464
20531 1543 8364
1543 8364 20531
8364 1543 20531
17009 5914 10658
5914 10658 17009
10658 5914 17009
10729 15602 21197
21197 10729 15602
15602 10729 21197
23667 23778 24762
23778 23667 24762
24762 23667 23778
21654 5996 11377
5996 11377 21654
11377 5996 21654
20206 11391 27944
11391 20206 27944
27944 11391 20206
14798 28695 29665
28695 14798 29665
29665 14798 28695
27679 18099 28823
18099 27679 28823
28823 18099 27679
28094 10889 29100
10889 28094 29100
29100 10889 28094
14158 2176 13853
13853 2176 14158
2176 13853 14158
18176 3046 16587
16587 3046 18176
3046 16587 18176
1868 9300 24806
9300 1868 24806
24806 1868 9300
26728 8865 9673
8865 9673 26728
9673 8865 26728
17462 9778 11405
11405 9778 17462
9778 11405 17462
17678 12266 13633
13633 12266 17678
12266 13633 17678
24636 13198 14522
14522 13198 24636
13198 14522 24636
11554 6353 15002
15002 6353 11554
6353 11554 15002
