19 11 122
11 19 122
122 11 19
261 130 135
135 130 261
130 135 261
274 114 247
247 114 274
114 247 274
292 12 242
242 12 292
12 242 292
221 61 132
132 61 221
61 132 221
270 20 147
20 147 270
147 20 270
223 104 266
266 104 223
104 223 266
15 240 253
253 15 240
240 15 253
36 43 279
279 36 43
43 36 279
158 63 276
63 158 276
276 63 158
196 184 185
185 184 196
184 185 196
24 5 187
187 5 24
5 24 187
151 37 145
145 37 151
37 145 151
259 77 194
77 194 259
194 77 259
269 228 252
228 252 269
252 228 269
44 75 198
198 44 75
75 44 198
189 28 267
28 189 267
267 28 189
188 146 297
146 188 297
297 146 188
109 106 111
111 106 109
106 109 111
225 236 283
236 225 283
283 225 236
243 183 278
278 183 243
183 243 278
220 73 281
281 73 220
73 220 281
214 70 97
70 97 214
97 70 214
26 113 215
215 26 113
113 26 215
180 9 52
52 9 180
9 52 180
209 3 119
119 3 209
3 119 209
62 120 251
120 62 251
251 62 120
289 10 213
10 213 289
213 10 289
65 48 206
48 65 206
206 48 65
156 199 246
246 156 199
199 156 246
262 154 233
154 233 262
233 154 262
234 94 150
150 94 234
94 150 234
110 118 149
118 110 149
149 110 118
216 164 238
238 164 216
164 216 238
47 35 235
235 35 47
35 47 235
197 92 107
107 92 197
92 107 197
42 71 265
71 42 265
265 42 71
286 34 40
34 40 286
40 34 286
219 23 81
23 81 219
81 23 219
159 222 250
250 159 222
222 159 250
93 98 227
227 93 98
98 93 227
284 2 137
2 137 284
137 2 284
4 90 275
275 4 90
90 4 275
53 84 271
84 53 271
271 53 84
173 85 204
204 85 173
85 173 204
72 192 290
192 72 290
290 72 192
224 60 171
60 171 224
171 60 224
50 152 239
152 50 239
239 50 152
166 89 116
116 89 166
89 116 166
18 8 277
277 8 18
8 18 277
141 153 211
211 141 153
153 141 211
168 45 248
45 168 248
248 45 168
163 21 112
112 21 163
21 112 163
203 29 86
29 86 203
86 29 203
123 59 231
231 59 123
59 123 231
186 254 300
300 186 254
254 186 300
272 100 212
100 212 272
212 100 272
56 175 258
258 56 175
175 56 258
167 38 178
38 167 178
178 38 167
205 31 136
136 31 205
31 136 205
293 256 282
282 256 293
256 282 293
27 46 148
148 27 46
46 27 148
202 161 181
161 181 202
181 161 202
260 14 255
255 14 260
14 255 260
291 169 229
169 229 291
229 169 291
39 127 217
217 39 127
127 39 217
79 68 193
193 68 79
68 79 193
125 57 273
273 57 125
57 125 273
296 58 143
58 143 296
143 58 296
54 140 285
285 54 140
140 54 285
268 208 226
226 208 268
208 226 268
129 105 179
105 129 179
179 105 129
294 17 41
17 41 294
41 17 294
138 69 83
83 69 138
69 83 138
232 66 115
115 66 232
66 115 232
128 80 190
80 128 190
190 80 128
78 117 263
263 78 117
117 78 263
101 144 174
144 101 174
174 101 144
244 103 155
155 103 244
103 155 244
162 64 74
64 74 162
74 64 162
295 102 237
237 102 295
102 237 295
124 108 210
210 108 124
108 124 210
131 160 218
160 131 218
218 131 160
13 96 176
176 13 96
96 13 176
88 165 230
165 88 230
230 88 165
76 172 195
195 76 172
172 76 195
264 16 22
16 22 264
22 16 264
200 133 207
207 133 200
133 200 207
51 134 177
177 51 134
134 51 177
30 126 142
142 30 126
126 30 142
55 1 87
87 1 55
1 55 87
6 32 287
32 6 287
287 6 32
299 99 280
280 99 299
99 280 299
288 139 257
257 139 288
139 257 288
201 121 245
245 121 201
121 201 245
33 170 182
170 33 182
182 33 170
298 7 95
95 7 298
7 95 298
25 67 157
67 25 157
157 25 67
82 91 241
91 82 241
241 82 91
49 191 249
249 49 191
191 49 249
