538 122 623
122 538 623
623 122 538
594 318 887
887 318 594
318 594 887
1137 29 1396
29 1137 1396
1396 29 1137
935 644 1110
1110 644 935
644 935 1110
954 355 997
355 954 997
997 355 954
593 860 888
860 593 888
888 593 860
1091 1131 1386
1131 1091 1386
1386 1091 1131
260 80 1441
1441 80 260
80 260 1441
172 453 665
665 172 453
453 172 665
676 210 487
487 210 676
210 487 676
360 477 760
760 360 477
477 360 760
902 342 657
657 342 902
342 657 902
241 283 1211
1211 241 283
283 241 1211
978 792 1014
1014 792 978
792 978 1014
1446 727 1327
727 1327 1446
1327 727 1446
20 627 1304
627 20 1304
1304 20 627
607 458 1107
458 607 1107
1107 458 607
1443 154 979
154 979 1443
979 154 1443
518 287 1181
287 518 1181
1181 287 518
1001 64 782
782 64 1001
64 782 1001
896 528 591
591 528 896
528 591 896
655 345 703
345 655 703
703 345 655
237 252 597
252 237 597
597 237 252
947 307 1061
1061 307 947
307 947 1061
194 685 1435
685 194 1435
1435 194 685
1036 31 168
168 31 1036
31 168 1036
1166 953 1363
953 1166 1363
1363 953 1166
956 900 967
967 900 956
900 956 967
578 182 1292
1292 182 578
182 578 1292
938 923 951
923 938 951
951 923 938
73 7 103
7 73 103
103 7 73
15 1200 1247
1200 15 1247
1247 15 1200
970 28 750
750 28 970
28 750 970
1042 403 1065
1065 403 1042
403 1042 1065
1021 79 749
749 79 1021
79 749 1021
606 683 836
836 606 683
683 606 836
1202 687 879
879 687 1202
687 879 1202
1228 9 769
769 9 1228
9 769 1228
721 439 1469
439 721 1469
1469 439 721
219 502 811
811 219 502
502 219 811
688 41 333
333 41 688
41 333 688
1039 547 815
547 815 1039
815 547 1039
435 801 813
801 435 813
813 435 801
622 99 1379
1379 99 622
99 622 1379
1336 448 1417
448 1336 1417
1417 448 1336
609 799 1101
799 609 1101
1101 609 799
534 443 1390
1390 443 534
443 534 1390
1449 680 1011
1011 680 1449
680 1011 1449
1380 1119 1227
1227 1119 1380
1119 1227 1380
46 331 549
549 46 331
331 46 549
39 1037 1372
1372 39 1037
1037 39 1372
1179 551 796
551 796 1179
796 551 1179
1479 72 754
72 754 1479
754 72 1479
500 85 184
85 184 500
184 85 500
507 759 984
759 507 984
984 507 759
150 854 1077
854 150 1077
1077 150 854
204 404 1416
1416 204 404
404 204 1416
889 217 1285
217 889 1285
1285 217 889
292 719 1434
719 292 1434
1434 292 719
277 712 915
712 277 915
915 277 712
125 63 424
63 125 424
424 63 125
1229 170 1332
1332 170 1229
170 1229 1332
107 11 982
11 107 982
982 11 107
1068 716 922
922 716 1068
716 922 1068
1127 845 1439
1439 845 1127
845 1127 1439
713 752 1194
752 713 1194
1194 713 752
531 839 1484
1484 531 839
839 531 1484
198 736 1370
1370 198 736
736 198 1370
579 632 861
861 579 632
632 579 861
255 367 425
425 255 367
367 255 425
368 641 933
933 368 641
641 368 933
1438 491 875
875 491 1438
491 875 1438
1025 101 921
101 921 1025
921 101 1025
1275 788 1106
788 1106 1275
1106 788 1275
1035 343 363
363 343 1035
343 363 1035
1 848 1293
848 1 1293
1293 1 848
397 1162 1474
1162 397 1474
1474 397 1162
139 1026 1384
1026 139 1384
1384 139 1026
994 541 872
541 872 994
872 541 994
35 1075 1305
1075 35 1305
1305 35 1075
1092 664 779
664 779 1092
779 664 1092
702 87 955
955 87 702
87 702 955
1276 1082 1156
1156 1082 1276
1082 1156 1276
1290 919 1466
919 1290 1466
1466 919 1290
1385 399 798
798 399 1385
399 798 1385
126 1059 1066
1066 126 1059
1059 126 1066
572 160 1155
160 572 1155
1155 160 572
1170 565 718
718 565 1170
565 718 1170
1198 662 898
662 898 1198
898 662 1198
1465 423 691
423 691 1465
691 423 1465
455 960 1186
960 455 1186
1186 455 960
1401 362 818
818 362 1401
362 818 1401
867 427 610
427 610 867
610 427 867
258 513 1221
1221 258 513
513 258 1221
302 1187 1431
1431 302 1187
1187 302 1431
850 1389 1409
1409 850 1389
1389 850 1409
1135 656 1237
656 1135 1237
1237 656 1135
976 1356 1402
1356 976 1402
1402 976 1356
119 678 1185
1185 119 678
678 119 1185
1160 1094 1177
1177 1094 1160
1094 1160 1177
1013 71 869
869 71 1013
71 869 1013
269 451 1114
451 269 1114
1114 269 451
1312 2 739
2 739 1312
739 2 1312
745 183 1260
1260 183 745
183 745 1260
773 1086 1188
1188 773 1086
1086 773 1188
929 88 485
485 88 929
88 485 929
1430 248 560
248 560 1430
560 248 1430
958 647 1476
1476 647 958
647 958 1476
816 645 1080
1080 645 816
645 816 1080
286 430 842
430 286 842
842 286 430
1071 215 1498
215 1071 1498
1498 215 1071
980 605 704
605 704 980
704 605 980
675 106 689
106 675 689
689 106 675
857 672 1210
1210 672 857
672 857 1210
1310 354 1249
354 1249 1310
1249 354 1310
1178 495 757
757 495 1178
495 757 1178
878 67 1447
1447 67 878
67 878 1447
1346 392 1300
392 1300 1346
1300 392 1346
459 1012 1491
1491 459 1012
1012 459 1491
325 388 1398
1398 325 388
388 325 1398
288 903 1183
903 288 1183
1183 288 903
108 883 949
883 108 949
949 108 883
293 553 617
553 293 617
617 293 553
1330 746 1078
1078 746 1330
746 1078 1330
1400 932 1331
932 1331 1400
1331 932 1400
440 429 1081
1081 429 440
429 440 1081
1083 148 920
148 920 1083
920 148 1083
630 153 917
917 153 630
153 630 917
1133 554 1003
554 1003 1133
1003 554 1133
520 161 890
890 161 520
161 520 890
259 819 1353
1353 259 819
819 259 1353
268 8 1157
8 268 1157
1157 8 268
1191 421 996
996 421 1191
421 996 1191
830 546 1251
546 830 1251
1251 546 830
405 135 1204
135 405 1204
1204 135 405
1195 226 1224
226 1195 1224
1224 226 1195
1056 1256 1338
1338 1056 1256
1256 1056 1338
109 723 918
918 109 723
723 109 918
147 178 1488
178 147 1488
1488 147 178
151 416 1217
416 151 1217
1217 151 416
1360 598 1352
1352 598 1360
598 1352 1360
201 894 1033
1033 201 894
894 201 1033
385 240 539
240 385 539
539 240 385
733 840 1355
1355 733 840
840 733 1355
1046 278 1225
1225 278 1046
278 1046 1225
1250 6 574
574 6 1250
6 574 1250
420 413 1323
1323 413 420
413 420 1323
432 1387 1429
1429 432 1387
1387 432 1429
693 309 1100
309 693 1100
1100 309 693
734 48 173
173 48 734
48 173 734
14 234 838
234 14 838
838 14 234
535 256 519
519 256 535
256 519 535
817 176 1371
1371 176 817
176 817 1371
299 180 1357
1357 180 299
180 299 1357
993 441 1451
441 993 1451
1451 441 993
668 156 313
313 156 668
156 313 668
314 25 726
25 314 726
726 25 314
1468 68 1403
1403 68 1468
68 1403 1468
1238 468 1015
468 1015 1238
1015 468 1238
611 469 1306
469 611 1306
1306 469 611
446 222 1009
222 446 1009
1009 222 446
786 580 992
992 580 786
580 786 992
737 1063 1145
1145 737 1063
1063 737 1145
505 92 464
92 464 505
464 92 505
1485 452 575
575 452 1485
452 575 1485
376 601 936
601 376 936
936 376 601
523 366 971
971 366 523
366 523 971
843 449 1116
1116 449 843
449 843 1116
279 577 1123
1123 279 577
577 279 1123
1289 1248 1344
1248 1289 1344
1344 1248 1289
1375 1219 1397
1219 1375 1397
1397 1219 1375
1391 974 1126
1126 974 1391
974 1126 1391
65 847 1002
1002 65 847
847 65 1002
503 1129 1218
1129 503 1218
1218 503 1129
291 849 1089
849 291 1089
1089 291 849
877 1215 1333
1215 877 1333
1333 877 1215
344 82 582
82 344 582
582 82 344
1329 1079 1367
1079 1329 1367
1367 1079 1329
1280 866 1045
866 1045 1280
1045 866 1280
437 159 340
159 340 437
340 159 437
481 134 831
134 481 831
831 134 481
1263 1130 1445
1445 1130 1263
1130 1263 1445
834 138 895
138 834 895
895 138 834
1201 250 663
663 250 1201
250 663 1201
931 284 806
284 806 931
806 284 931
968 1358 1457
1358 968 1457
1457 968 1358
1480 123 794
123 794 1480
794 123 1480
1099 129 289
289 129 1099
129 289 1099
59 1027 1272
1027 59 1272
1272 59 1027
576 1067 1088
1088 576 1067
1067 576 1088
1405 213 770
770 213 1405
213 770 1405
1175 361 387
387 361 1175
361 387 1175
1176 327 1408
1408 327 1176
327 1176 1408
1440 257 1265
1265 257 1440
257 1265 1440
1207 212 707
707 212 1207
212 707 1207
311 329 965
329 311 965
965 311 329
670 13 768
768 13 670
13 670 768
1158 370 948
370 948 1158
948 370 1158
1425 1136 1192
1136 1192 1425
1192 1136 1425
290 169 740
740 169 290
169 290 740
821 474 1239
1239 474 821
474 821 1239
442 1108 1464
1108 442 1464
1464 442 1108
619 810 907
907 619 810
810 619 907
1143 264 1236
1236 264 1143
264 1143 1236
37 710 835
835 37 710
710 37 835
1392 365 1308
1308 365 1392
365 1308 1392
957 270 409
409 270 957
270 409 957
192 315 1349
315 192 1349
1349 192 315
1424 756 950
950 756 1424
756 950 1424
1444 273 1406
1406 273 1444
273 1406 1444
223 692 1448
1448 223 692
692 223 1448
1231 651 1029
1029 651 1231
651 1029 1231
1128 303 743
303 743 1128
743 303 1128
218 377 945
945 218 377
377 218 945
522 396 785
396 522 785
785 396 522
191 636 1253
1253 191 636
636 191 1253
1208 105 629
105 629 1208
629 105 1208
146 544 1477
1477 146 544
544 146 1477
1365 131 684
131 684 1365
684 131 1365
995 795 1161
795 995 1161
1161 795 995
871 814 1242
814 871 1242
1242 814 871
1419 57 115
57 115 1419
115 57 1419
193 793 893
893 193 793
793 193 893
1453 827 1054
1054 827 1453
827 1054 1453
952 884 930
930 884 952
884 930 952
69 588 608
588 69 608
608 69 588
335 571 1023
571 335 1023
1023 335 571
347 784 1313
1313 347 784
784 347 1313
294 986 1470
986 294 1470
1470 294 986
244 113 1410
113 244 1410
1410 113 244
766 433 1105
433 766 1105
1105 433 766
1388 140 1348
140 1348 1388
1348 140 1388
1342 422 1411
422 1342 1411
1411 422 1342
1343 401 1337
1337 401 1343
401 1337 1343
1393 1196 1496
1196 1393 1496
1496 1196 1393
110 584 1351
584 110 1351
1351 110 584
937 444 1450
444 937 1450
1450 444 937
916 909 1287
909 916 1287
1287 909 916
559 596 1000
1000 559 596
596 559 1000
402 357 599
357 402 599
599 357 402
414 642 1049
642 414 1049
1049 414 642
735 1022 1422
1022 735 1422
1422 735 1022
674 373 626
626 373 674
373 626 674
530 78 1020
1020 78 530
78 530 1020
669 411 772
411 669 772
772 411 669
1418 297 891
891 297 1418
297 891 1418
232 516 1420
1420 232 516
516 232 1420
717 1174 1407
1174 717 1407
1407 717 1174
369 1111 1232
1111 369 1232
1232 369 1111
353 338 543
543 338 353
338 353 543
625 341 486
341 486 625
486 341 625
671 714 1427
714 671 1427
1427 671 714
614 209 989
209 614 989
989 209 614
944 383 783
783 383 944
383 783 944
164 802 1164
1164 164 802
802 164 1164
635 100 1243
1243 100 635
100 635 1243
1124 1051 1141
1051 1124 1141
1141 1051 1124
454 550 1350
1350 454 550
550 454 1350
1339 330 851
851 330 1339
330 851 1339
1335 384 905
384 905 1335
905 384 1335
1282 653 1369
1369 653 1282
653 1282 1369
697 681 780
780 681 697
681 697 780
407 419 961
961 407 419
419 407 961
1151 648 1271
648 1151 1271
1271 648 1151
1467 490 781
781 490 1467
490 781 1467
144 323 1277
1277 144 323
323 144 1277
1255 364 828
364 828 1255
828 364 1255
567 266 985
266 567 985
985 266 567
1261 253 285
253 285 1261
285 253 1261
1273 391 1148
1148 391 1273
391 1148 1273
510 983 1240
983 510 1240
1240 510 983
1189 618 841
841 618 1189
618 841 1189
1423 171 275
275 171 1423
171 275 1423
1074 75 787
787 75 1074
75 787 1074
124 165 1140
1140 124 165
165 124 1140
1246 498 934
498 934 1246
934 498 1246
563 179 876
179 563 876
876 179 563
1483 112 1258
112 1258 1483
1258 112 1483
1452 86 1040
1040 86 1452
86 1040 1452
1222 276 1415
1415 276 1222
276 1222 1415
61 17 177
177 17 61
17 61 177
44 317 1286
1286 44 317
317 44 1286
249 207 509
207 249 509
509 207 249
694 973 1459
973 694 1459
1459 694 973
1499 205 825
825 205 1499
205 825 1499
1320 612 1142
1142 612 1320
612 1142 1320
1093 525 846
846 525 1093
525 846 1093
673 296 1076
1076 296 673
296 673 1076
298 1118 1180
1180 298 1118
1118 298 1180
771 190 262
190 262 771
262 190 771
824 1144 1495
1144 824 1495
1495 824 1144
358 532 1492
1492 358 532
532 358 1492
349 722 805
805 349 722
722 349 805
224 312 1109
312 224 1109
1109 224 312
1414 271 1437
1437 271 1414
271 1414 1437
514 380 1102
380 514 1102
1102 380 514
1213 26 870
870 26 1213
26 870 1213
5 561 1152
561 5 1152
1152 5 561
855 499 1017
1017 499 855
499 855 1017
480 695 1252
1252 480 695
695 480 1252
529 175 634
634 175 529
175 529 634
649 1058 1354
1058 649 1354
1354 649 1058
382 301 1053
1053 301 382
301 382 1053
800 21 897
897 21 800
21 800 897
1117 227 267
267 227 1117
227 267 1117
1233 864 1032
1032 864 1233
864 1032 1233
322 666 1297
1297 322 666
666 322 1297
45 699 1216
1216 45 699
699 45 1216
1214 479 1436
479 1214 1436
1436 479 1214
628 230 308
308 230 628
230 308 628
371 963 1122
1122 371 963
963 371 1122
1095 767 1125
767 1095 1125
1125 767 1095
1072 220 1270
220 1072 1270
1270 220 1072
1341 118 808
808 118 1341
118 808 1341
1311 145 690
145 690 1311
690 145 1311
803 910 1197
910 803 1197
1197 803 910
336 359 1455
359 336 1455
1455 336 359
445 282 447
447 282 445
282 445 447
1103 30 434
30 434 1103
434 30 1103
569 19 720
720 19 569
19 569 720
744 74 862
74 744 862
862 74 744
157 512 823
512 157 823
823 157 512
812 195 566
195 566 812
566 195 812
38 747 1073
747 38 1073
1073 38 747
555 155 863
863 155 555
155 555 863
1486 533 1139
1139 533 1486
533 1139 1486
908 121 211
121 211 908
211 121 908
758 1007 1294
1007 758 1294
1294 758 1007
462 263 564
564 263 462
263 462 564
715 254 1167
254 715 1167
1167 254 715
1301 386 1482
1482 386 1301
386 1301 1482
50 111 659
111 50 659
659 50 111
966 40 1070
1070 40 966
40 966 1070
428 272 911
272 428 911
911 272 428
504 4 959
959 4 504
4 504 959
820 764 1230
764 820 1230
1230 764 820
1034 901 1442
901 1034 1442
1442 901 1034
589 274 882
274 589 882
882 274 589
706 328 1328
1328 328 706
328 706 1328
515 77 417
77 417 515
417 77 515
1374 247 1394
1394 247 1374
247 1374 1394
97 650 1315
650 97 1315
1315 97 650
1381 570 852
852 570 1381
570 852 1381
356 265 400
265 356 400
400 265 356
631 202 859
859 202 631
202 631 859
556 1154 1212
1212 556 1154
1154 556 1212
790 438 725
438 725 790
725 438 790
482 189 1316
189 482 1316
1316 189 482
66 640 1426
1426 66 640
640 66 1426
711 166 1324
1324 166 711
166 711 1324
540 243 1062
243 540 1062
1062 243 540
1494 149 181
149 181 1494
181 149 1494
705 95 755
95 705 755
755 95 705
1010 602 1404
1404 602 1010
602 1010 1404
853 310 1428
310 853 1428
1428 310 853
1168 585 1298
585 1168 1298
1298 585 1168
200 557 1220
1220 200 557
557 200 1220
751 621 638
621 638 751
638 621 751
696 552 604
552 604 696
604 552 696
536 132 1325
132 536 1325
1325 132 536
375 1146 1262
1146 375 1262
1262 375 1146
96 426 1163
426 96 1163
1163 96 426
501 732 778
732 501 778
778 501 732
478 1283 1471
1471 478 1283
1283 478 1471
1321 492 998
492 998 1321
998 492 1321
975 1060 1326
1326 975 1060
1060 975 1326
595 206 914
206 595 914
914 206 595
728 620 928
620 728 928
928 620 728
1096 410 774
410 774 1096
774 410 1096
496 102 804
102 496 804
804 102 496
47 334 1016
1016 47 334
334 47 1016
374 1044 1098
1044 374 1098
1098 374 1044
1254 379 972
379 972 1254
972 379 1254
1340 167 1481
1481 167 1340
167 1340 1481
1395 484 1345
1345 484 1395
484 1345 1395
524 415 1173
1173 415 524
415 524 1173
89 807 946
946 89 807
807 89 946
1223 748 833
833 748 1223
748 833 1223
1259 865 1399
865 1259 1399
1399 865 1259
709 1421 1497
1497 709 1421
1421 709 1497
1209 84 114
84 114 1209
114 84 1209
912 395 1461
1461 395 912
395 912 1461
742 326 1241
1241 326 742
326 742 1241
542 22 1302
1302 22 542
22 542 1302
319 826 1147
1147 319 826
826 319 1147
450 281 305
305 281 450
281 305 450
517 117 1463
117 517 1463
1463 117 517
941 352 494
494 352 941
352 494 941
1269 521 637
637 521 1269
521 637 1269
1132 196 493
196 493 1132
493 196 1132
698 34 1366
1366 34 698
34 698 1366
1266 49 545
545 49 1266
49 545 1266
837 378 1028
1028 378 837
378 837 1028
1376 231 964
964 231 1376
231 964 1376
199 1097 1473
1473 199 1097
1097 199 1473
940 186 1462
1462 186 940
186 940 1462
229 473 508
508 229 473
473 229 508
1104 881 1205
881 1104 1205
1205 881 1104
738 682 1433
1433 682 738
682 738 1433
235 942 1172
1172 235 942
942 235 1172
251 36 939
36 251 939
939 36 251
829 197 456
456 197 829
197 456 829
497 174 225
174 225 497
225 174 497
152 316 461
316 152 461
461 152 316
475 320 412
412 320 475
320 412 475
797 27 652
652 27 797
27 652 797
1307 53 643
643 53 1307
53 643 1307
332 677 1359
677 332 1359
1359 332 677
93 962 1087
962 93 1087
1087 93 962
600 346 1334
1334 346 600
346 600 1334
1382 350 1295
1295 350 1382
350 1295 1382
208 483 1115
1115 208 483
483 208 1115
133 753 1085
753 133 1085
1085 133 753
1050 731 969
731 969 1050
969 731 1050
1281 81 701
701 81 1281
81 701 1281
1048 708 1322
1322 708 1048
708 1048 1322
54 137 1267
1267 54 137
137 54 1267
880 60 1500
1500 60 880
60 880 1500
280 418 926
418 280 926
926 280 418
339 70 216
70 216 339
216 70 339
221 136 242
136 221 242
242 136 221
398 1031 1165
1031 398 1165
1165 398 1031
408 1226 1279
1279 408 1226
1226 408 1279
613 431 661
431 613 661
661 431 613
1314 33 1169
1169 33 1314
33 1169 1314
1413 809 1182
809 1182 1413
1182 809 1413
236 300 791
791 236 300
300 236 791
1378 436 906
906 436 1378
436 906 1378
587 465 832
832 465 587
465 587 832
603 568 1319
568 603 1319
1319 568 603
116 91 246
91 116 246
246 91 116
1364 62 1373
1373 62 1364
62 1364 1373
23 18 646
646 18 23
18 23 646
1291 858 1113
858 1113 1291
1113 858 1291
1317 32 511
511 32 1317
32 511 1317
1361 789 924
789 924 1361
924 789 1361
1069 142 700
700 142 1069
142 700 1069
394 158 583
158 394 583
583 158 394
1038 1206 1490
1206 1038 1490
1490 1038 1206
1458 1008 1134
1008 1134 1458
1134 1008 1458
470 90 466
90 466 470
466 90 470
214 390 775
775 214 390
390 214 775
1288 55 991
55 991 1288
991 55 1288
163 304 1257
304 163 1257
1257 163 304
120 667 1153
667 120 1153
1153 120 667
488 1043 1047
1047 488 1043
1043 488 1047
1412 10 925
925 10 1412
10 925 1412
42 899 1268
899 42 1268
1268 42 899
187 463 1193
1193 187 463
463 187 1193
686 562 844
562 686 844
844 562 686
58 729 1460
729 58 1460
1460 58 729
1121 526 763
763 526 1121
526 763 1121
1052 239 679
679 239 1052
239 679 1052
762 127 1244
1244 127 762
127 762 1244
1171 999 1084
999 1084 1171
1084 999 1171
1245 381 1264
1264 381 1245
381 1245 1264
1309 56 143
143 56 1309
56 143 1309
633 406 1478
406 633 1478
1478 406 633
228 467 1120
467 228 1120
1120 228 467
52 324 489
489 52 324
324 52 489
393 765 1004
1004 393 765
765 393 1004
372 471 1454
1454 372 471
471 372 1454
1138 856 1203
1203 856 1138
856 1138 1203
337 130 624
624 130 337
130 337 624
548 104 581
581 104 548
104 548 581
927 162 1493
162 927 1493
1493 162 927
76 128 1368
1368 76 128
128 76 1368
654 776 977
776 654 977
977 654 776
592 590 981
981 590 592
590 592 981
1055 472 1284
472 1055 1284
1284 472 1055
885 16 1019
16 885 1019
1019 16 885
94 1005 1024
1024 94 1005
1005 94 1024
1377 873 990
990 873 1377
873 990 1377
306 51 761
761 51 306
51 306 761
1235 83 1472
83 1235 1472
1472 83 1235
730 868 892
892 730 868
868 730 892
1030 457 1064
1064 457 1030
457 1030 1064
24 616 904
616 24 904
904 24 616
658 558 1234
1234 558 658
558 658 1234
1006 321 1362
321 1006 1362
1362 321 1006
1487 988 1383
1383 988 1487
988 1383 1487
1432 1199 1456
1456 1199 1432
1199 1432 1456
943 1296 1299
1299 943 1296
1296 943 1299
98 43 573
573 43 98
43 98 573
615 351 724
351 615 724
724 351 615
1150 1149 1278
1149 1150 1278
1278 1149 1150
537 1112 1318
1318 537 1112
1112 537 1318
1018 348 660
348 660 1018
660 348 1018
1489 188 639
639 188 1489
188 639 1489
1159 476 987
476 987 1159
987 476 1159
1057 460 1041
460 1041 1057
1041 460 1057
1274 141 506
506 141 1274
141 506 1274
233 586 913
913 233 586
586 233 913
295 3 238
3 238 295
238 3 295
822 185 1184
185 822 1184
1184 185 822
389 245 1090
1090 245 389
245 389 1090
886 527 1347
527 886 1347
1347 527 886
874 261 1303
261 874 1303
1303 261 874
1475 203 777
203 777 1475
777 203 1475
12 741 1190
741 12 1190
1190 12 741
