9322 7966 12185
7966 9322 12185
12185 7966 9322
2690 11918 13646
11918 2690 13646
13646 2690 11918
14784 8530 10990
8530 10990 14784
10990 8530 14784
10174 2847 5431
2847 5431 10174
5431 2847 10174
6997 5831 7871
7871 5831 6997
5831 6997 7871
10142 633 6300
633 6300 10142
6300 633 10142
10788 1853 3529
1853 3529 10788
3529 1853 10788
3491 1795 14518
14518 1795 3491
1795 3491 14518
5336 6226 8230
6226 5336 8230
8230 5336 6226
6713 4443 9844
9844 4443 6713
4443 6713 9844
2658 12799 14372
14372 2658 12799
12799 2658 14372
3705 6003 11020
6003 3705 11020
11020 3705 6003
11064 4731 14217
14217 4731 11064
4731 11064 14217
6823 6704 8701
8701 6704 6823
6704 6823 8701
9947 3793 6156
3793 6156 9947
6156 3793 9947
6057 10007 10536
10536 6057 10007
10007 6057 10536
7857 7356 10404
7356 7857 10404
10404 7356 7857
7411 10821 13154
13154 7411 10821
10821 7411 13154
8178 7064 8661
8661 7064 8178
7064 8178 8661
447 5928 6948
6948 447 5928
5928 447 6948
498 10935 13897
13897 498 10935
10935 498 13897
9466 4151 6747
4151 6747 9466
6747 4151 9466
2201 903 5723
5723 903 2201
903 2201 5723
10974 4780 8623
4780 8623 10974
8623 4780 10974
9954 7854 14438
7854 9954 14438
14438 7854 9954
11812 1811 9161
9161 1811 11812
1811 9161 11812
230 7129 7200
7129 230 7200
7200 230 7129
4595 3153 13207
3153 4595 13207
13207 3153 4595
2428 3068 14584
14584 2428 3068
3068 2428 14584
13815 4390 8782
4390 8782 13815
8782 4390 13815
8332 5117 14261
14261 5117 8332
5117 8332 14261
9760 54 10385
10385 54 9760
54 9760 10385
7331 1380 4136
4136 1380 7331
1380 4136 7331
12631 7455 11854
7455 11854 12631
11854 7455 12631
8845 6693 8737
8737 6693 8845
6693 8737 8845
311 4601 4973
4973 311 4601
4601 311 4973
8248 4332 14898
14898 4332 8248
4332 8248 14898
1845 12448 14822
12448 1845 14822
14822 1845 12448
13862 4694 5196
5196 4694 13862
4694 5196 13862
6996 1009 6769
6769 1009 6996
1009 6769 6996
4603 822 10946
10946 822 4603
822 4603 10946
9443 1808 2313
2313 1808 9443
1808 2313 9443
8058 3234 3331
3331 3234 8058
3234 3331 8058
6389 3851 12190
12190 3851 6389
3851 6389 12190
4912 61 5374
61 4912 5374
5374 61 4912
4932 10032 11451
10032 4932 11451
11451 4932 10032
6431 1884 10183
1884 6431 10183
10183 1884 6431
8170 5175 12681
12681 5175 8170
5175 8170 12681
568 2291 12587
2291 568 12587
12587 568 2291
3690 4841 11960
4841 3690 11960
11960 3690 4841
786 5700 6070
6070 786 5700
5700 786 6070
6014 3218 11592
11592 3218 6014
3218 6014 11592
9626 9180 10894
9180 9626 10894
10894 9180 9626
3511 648 5190
648 3511 5190
5190 648 3511
7565 2300 4540
4540 2300 7565
2300 4540 7565
10922 6232 10117
10117 6232 10922
6232 10117 10922
1374 2887 14746
14746 1374 2887
2887 1374 14746
4651 5854 12792
5854 4651 12792
12792 4651 5854
7165 883 12031
12031 883 7165
883 7165 12031
5426 988 13350
988 5426 13350
13350 988 5426
14473 783 11104
11104 783 14473
783 11104 14473
13573 3317 11873
3317 11873 13573
11873 3317 13573
11932 10376 14096
14096 10376 11932
10376 11932 14096
14969 6499 14241
14241 6499 14969
6499 14241 14969
14160 2865 12023
12023 2865 14160
2865 12023 14160
10303 4223 13054
13054 4223 10303
4223 10303 13054
3950 5414 7938
5414 3950 7938
7938 3950 5414
9576 2052 12654
12654 2052 9576
2052 9576 12654
9252 355 6084
355 6084 9252
6084 355 9252
812 1367 8517
1367 812 8517
8517 812 1367
415 2994 4799
4799 415 2994
2994 415 4799
12636 2398 9479
9479 2398 12636
2398 9479 12636
11795 120 5194
120 5194 11795
5194 120 11795
14343 1109 8824
1109 8824 14343
8824 1109 14343
5767 11599 13556
11599 5767 13556
13556 5767 11599
1908 324 1393
324 1393 1908
1393 324 1908
7289 6054 14653
6054 7289 14653
14653 6054 7289
3927 7097 12878
7097 3927 12878
12878 3927 7097
1060 4830 14322
4830 1060 14322
14322 1060 4830
5508 7439 14026
14026 5508 7439
7439 5508 14026
10111 604 6004
6004 604 10111
604 6004 10111
7792 8068 11096
11096 7792 8068
8068 7792 11096
3760 851 4642
851 3760 4642
4642 851 3760
4092 5736 5788
5788 4092 5736
5736 4092 5788
4696 313 5261
5261 313 4696
313 4696 5261
9895 10580 11379
10580 9895 11379
11379 9895 10580
4847 673 11979
11979 673 4847
673 4847 11979
1172 8745 9795
9795 1172 8745
8745 1172 9795
1475 5304 13946
5304 1475 13946
13946 1475 5304
168 6794 12645
6794 168 12645
12645 168 6794
8757 12168 14146
12168 8757 14146
14146 8757 12168
5988 10359 14984
14984 5988 10359
10359 5988 14984
10722 2393 12893
12893 2393 10722
2393 10722 12893
9580 2728 6298
6298 2728 9580
2728 6298 9580
11492 1974 3743
3743 1974 11492
1974 3743 11492
3674 7957 11018
11018 3674 7957
7957 3674 11018
10072 2895 11514
11514 2895 10072
2895 10072 11514
11793 2633 14248
14248 2633 11793
2633 11793 14248
5459 835 5097
5097 835 5459
835 5097 5459
14782 3140 9518
3140 9518 14782
9518 3140 14782
1236 11948 12535
11948 1236 12535
12535 1236 11948
5879 9204 14730
9204 5879 14730
14730 5879 9204
1195 310 6696
6696 310 1195
310 1195 6696
7845 4633 8447
4633 7845 8447
8447 4633 7845
3753 526 6858
6858 526 3753
526 3753 6858
14758 3673 7485
3673 7485 14758
7485 3673 14758
7186 2612 5157
5157 2612 7186
2612 5157 7186
13304 4302 7727
7727 4302 13304
4302 7727 13304
9963 140 2325
140 2325 9963
2325 140 9963
2141 8277 9068
8277 2141 9068
9068 2141 8277
14623 11717 13110
13110 11717 14623
11717 13110 14623
2088 7988 10284
7988 2088 10284
10284 2088 7988
8626 159 12044
12044 159 8626
159 8626 12044
1733 503 8625
8625 503 1733
503 1733 8625
3834 1231 3202
1231 3202 3834
3202 1231 3834
13832 2963 4966
2963 4966 13832
4966 2963 13832
7454 6053 13568
13568 6053 7454
6053 7454 13568
12793 2942 6796
6796 2942 12793
2942 6796 12793
9370 1305 13264
13264 1305 9370
1305 9370 13264
2999 8997 11031
8997 2999 11031
11031 2999 8997
7310 9042 11945
11945 7310 9042
9042 7310 11945
12210 2405 3623
3623 2405 12210
2405 3623 12210
193 13 170
170 13 193
13 170 193
14883 12233 13116
13116 12233 14883
12233 13116 14883
6566 1847 10196
1847 6566 10196
10196 1847 6566
8161 4367 10091
10091 4367 8161
4367 8161 10091
10795 3568 4314
4314 3568 10795
3568 4314 10795
7684 3310 12822
3310 7684 12822
12822 3310 7684
1133 1038 3228
1038 1133 3228
3228 1038 1133
1336 8874 14888
14888 1336 8874
8874 1336 14888
5899 7901 12728
12728 5899 7901
7901 5899 12728
11542 6501 14816
6501 11542 14816
14816 6501 11542
7164 2992 7152
2992 7152 7164
7152 2992 7164
5717 2638 14674
2638 5717 14674
14674 2638 5717
2611 4000 13040
4000 2611 13040
13040 2611 4000
14430 4115 7667
4115 7667 14430
7667 4115 14430
6258 3877 8270
3877 6258 8270
8270 3877 6258
5542 11620 14808
11620 5542 14808
14808 5542 11620
7877 9896 11618
9896 7877 11618
11618 7877 9896
3273 1101 4344
4344 1101 3273
1101 3273 4344
8333 5995 8908
5995 8333 8908
8908 5995 8333
4945 9594 11386
9594 4945 11386
11386 4945 9594
12422 13364 13843
13364 12422 13843
13843 12422 13364
13603 2248 13630
2248 13603 13630
13630 2248 13603
12721 488 8380
488 8380 12721
8380 488 12721
9228 743 2113
2113 743 9228
743 2113 9228
2363 3936 11992
11992 2363 3936
3936 2363 11992
12773 6541 14625
6541 12773 14625
14625 6541 12773
8362 3554 13957
3554 8362 13957
13957 3554 8362
6060 780 7620
7620 780 6060
780 6060 7620
12203 1781 8579
8579 1781 12203
1781 8579 12203
13578 12640 13226
12640 13226 13578
13226 12640 13578
4713 7827 8568
7827 4713 8568
8568 4713 7827
6202 5743 11098
5743 6202 11098
11098 5743 6202
2455 9170 11089
9170 2455 11089
11089 2455 9170
7358 1922 14308
14308 1922 7358
1922 7358 14308
5113 7821 11894
11894 5113 7821
7821 5113 11894
14075 9039 13072
13072 9039 14075
9039 13072 14075
14079 3299 5411
5411 3299 14079
3299 5411 14079
7348 9860 11168
11168 7348 9860
9860 7348 11168
14292 10680 10685
10680 10685 14292
10685 10680 14292
9101 196 7905
7905 196 9101
196 7905 9101
9948 7175 11139
7175 9948 11139
11139 7175 9948
3516 10611 12369
10611 3516 12369
12369 3516 10611
14452 5677 5699
5677 5699 14452
5699 5677 14452
4692 4706 9081
4706 4692 9081
9081 4692 4706
3643 3343 11722
3343 3643 11722
11722 3343 3643
639 1464 9371
1464 639 9371
9371 639 1464
584 2635 6527
2635 584 6527
6527 584 2635
7577 1337 3207
3207 1337 7577
1337 3207 7577
7743 3907 4927
3907 4927 7743
4927 3907 7743
684 5956 11470
5956 684 11470
11470 684 5956
14495 839 5387
839 5387 14495
5387 839 14495
13954 12846 13008
13008 12846 13954
12846 13008 13954
14177 650 13484
650 13484 14177
13484 650 14177
12810 8820 12977
12977 8820 12810
8820 12810 12977
2686 10832 14375
14375 2686 10832
10832 2686 14375
7052 14019 14456
14456 7052 14019
14019 7052 14456
14658 3887 5877
5877 3887 14658
3887 5877 14658
7970 5005 12729
12729 5005 7970
5005 7970 12729
5874 2786 6196
2786 5874 6196
6196 2786 5874
14637 7627 13550
13550 7627 14637
7627 13550 14637
137 1912 6680
1912 137 6680
6680 137 1912
3012 1237 5056
5056 1237 3012
1237 3012 5056
6568 1533 9641
1533 6568 9641
9641 1533 6568
1614 8118 10715
8118 1614 10715
10715 1614 8118
5041 739 7016
739 5041 7016
7016 739 5041
4076 1039 12081
1039 4076 12081
12081 1039 4076
8765 5666 10677
10677 5666 8765
5666 8765 10677
10865 3278 9147
3278 9147 10865
9147 3278 10865
9935 3631 10274
10274 3631 9935
3631 9935 10274
12418 8539 9567
8539 9567 12418
9567 8539 12418
14232 571 2711
571 2711 14232
2711 571 14232
11585 2899 8078
2899 8078 11585
8078 2899 11585
4576 9246 13547
9246 4576 13547
13547 4576 9246
879 4701 8660
4701 879 8660
8660 879 4701
6846 6271 6443
6271 6443 6846
6443 6271 6846
9790 8628 12593
8628 9790 12593
12593 8628 9790
14440 2202 6578
6578 2202 14440
2202 6578 14440
13736 4237 14974
4237 13736 14974
14974 4237 13736
9911 13789 14740
14740 9911 13789
13789 9911 14740
624 3939 12157
3939 624 12157
12157 624 3939
14750 11443 12324
11443 12324 14750
12324 11443 14750
11754 3209 3546
3546 3209 11754
3209 3546 11754
8306 1512 4220
1512 4220 8306
4220 1512 8306
11002 2577 3285
3285 2577 11002
2577 3285 11002
13202 13628 14486
13628 13202 14486
14486 13202 13628
8675 9379 14603
9379 8675 14603
14603 8675 9379
11097 11792 12092
11792 11097 12092
12092 11097 11792
10669 3197 4720
3197 4720 10669
4720 3197 10669
14195 1269 3252
1269 3252 14195
3252 1269 14195
236 13563 14064
13563 236 14064
14064 236 13563
6012 5468 11147
5468 6012 11147
11147 5468 6012
2278 3455 13634
13634 2278 3455
3455 2278 13634
3342 3778 11264
3778 3342 11264
11264 3342 3778
1918 3060 8236
3060 1918 8236
8236 1918 3060
5636 2213 13817
2213 5636 13817
13817 2213 5636
6010 7270 8353
7270 6010 8353
8353 6010 7270
12508 10247 12043
10247 12043 12508
12043 10247 12508
8325 946 9208
9208 946 8325
946 8325 9208
12969 1265 11952
11952 1265 12969
1265 11952 12969
8303 6646 8791
8791 6646 8303
6646 8303 8791
9160 8744 14581
14581 8744 9160
8744 9160 14581
9167 5246 12991
12991 5246 9167
5246 9167 12991
5228 1640 13702
1640 5228 13702
13702 1640 5228
11124 7461 11991
11991 7461 11124
7461 11124 11991
13079 3111 14780
14780 3111 13079
3111 13079 14780
11842 1279 3499
1279 3499 11842
3499 1279 11842
22 183 11006
11006 22 183
183 22 11006
1381 5202 12908
12908 1381 5202
5202 1381 12908
6586 5025 7316
5025 6586 7316
7316 5025 6586
737 5165 5316
5165 737 5316
5316 737 5165
9236 921 8375
921 8375 9236
8375 921 9236
8694 5214 13918
13918 5214 8694
5214 8694 13918
13561 3945 6105
3945 6105 13561
6105 3945 13561
8833 2601 9390
9390 2601 8833
2601 8833 9390
8630 2641 3294
2641 3294 8630
3294 2641 8630
10234 7234 14652
7234 10234 14652
14652 7234 10234
9653 4050 14806
4050 9653 14806
14806 4050 9653
5935 5878 7170
7170 5878 5935
5878 5935 7170
13701 5806 11140
5806 11140 13701
11140 5806 13701
12518 6583 7229
6583 7229 12518
7229 6583 12518
13679 3897 12408
3897 12408 13679
12408 3897 13679
5213 4330 9616
4330 5213 9616
9616 4330 5213
13743 5862 13461
13461 5862 13743
5862 13461 13743
1088 4089 12410
4089 1088 12410
12410 1088 4089
11473 267 1408
267 1408 11473
1408 267 11473
6207 8585 9156
8585 6207 9156
9156 6207 8585
11490 6510 6523
6523 6510 11490
6510 6523 11490
1468 4358 8839
4358 1468 8839
8839 1468 4358
6065 7138 7584
7138 6065 7584
7584 6065 7138
9660 4365 11988
4365 9660 11988
11988 4365 9660
1318 2180 5031
5031 1318 2180
2180 1318 5031
9515 7527 11307
11307 7527 9515
7527 9515 11307
13982 3116 5292
3116 5292 13982
5292 3116 13982
9867 8855 12700
12700 8855 9867
8855 9867 12700
4404 9748 13746
9748 4404 13746
13746 4404 9748
733 8840 13886
8840 733 13886
13886 733 8840
6620 316 12543
316 6620 12543
12543 316 6620
7080 12987 13140
12987 7080 13140
13140 7080 12987
2454 1299 10042
10042 1299 2454
1299 2454 10042
5720 1707 2440
2440 1707 5720
1707 2440 5720
11136 6221 13512
13512 6221 11136
6221 11136 13512
11404 9034 10343
10343 9034 11404
9034 10343 11404
1093 8354 13741
8354 1093 13741
13741 1093 8354
12823 5835 11179
5835 11179 12823
11179 5835 12823
6540 7436 14003
14003 6540 7436
7436 6540 14003
29 5503 7855
5503 29 7855
7855 29 5503
11278 4509 5710
4509 5710 11278
5710 4509 11278
3183 3733 13629
3733 3183 13629
13629 3183 3733
6412 2426 4023
2426 4023 6412
4023 2426 6412
5911 3472 8557
8557 3472 5911
3472 5911 8557
1 1501 11680
1501 1 11680
11680 1 1501
14890 3816 8368
3816 8368 14890
8368 3816 14890
790 5145 6097
5145 790 6097
6097 790 5145
2338 337 11874
337 2338 11874
11874 337 2338
8334 1153 3229
1153 3229 8334
3229 1153 8334
8162 1274 14049
1274 8162 14049
14049 1274 8162
12227 3952 7483
3952 7483 12227
7483 3952 12227
4833 8211 11409
11409 4833 8211
8211 4833 11409
13195 5417 9979
5417 9979 13195
9979 5417 13195
7611 5368 14199
14199 5368 7611
5368 7611 14199
14530 2798 8776
8776 2798 14530
2798 8776 14530
260 277 4072
4072 260 277
277 260 4072
9643 12200 13466
12200 9643 13466
13466 9643 12200
10469 954 4805
954 4805 10469
4805 954 10469
12133 3958 10481
3958 10481 12133
10481 3958 12133
4491 960 7928
7928 960 4491
960 4491 7928
13419 1010 8342
1010 8342 13419
8342 1010 13419
653 5999 13328
5999 653 13328
13328 653 5999
14631 11852 14206
14206 11852 14631
11852 14206 14631
2085 4458 12755
12755 2085 4458
4458 2085 12755
9934 7553 13509
13509 7553 9934
7553 9934 13509
14300 10445 11627
10445 11627 14300
11627 10445 14300
4158 11003 13838
11003 4158 13838
13838 4158 11003
4689 3809 7781
3809 4689 7781
7781 3809 4689
4939 8750 14657
14657 4939 8750
8750 4939 14657
3888 8175 12469
8175 3888 12469
12469 3888 8175
238 3443 10077
10077 238 3443
3443 238 10077
14179 2852 7552
2852 7552 14179
7552 2852 14179
12034 2063 12930
12930 2063 12034
2063 12034 12930
707 6712 13460
13460 707 6712
6712 707 13460
14990 2133 6745
6745 2133 14990
2133 6745 14990
717 7980 8802
7980 717 8802
8802 717 7980
4922 291 10752
291 4922 10752
10752 291 4922
3320 421 11705
421 3320 11705
11705 421 3320
13593 1018 1222
1222 1018 13593
1018 1222 13593
8923 2293 10835
2293 8923 10835
10835 2293 8923
14418 777 1362
1362 777 14418
777 1362 14418
9862 8970 9452
8970 9452 9862
9452 8970 9862
7205 2095 14332
14332 2095 7205
2095 7205 14332
12268 3601 9858
3601 9858 12268
9858 3601 12268
1044 2297 5640
5640 1044 2297
2297 1044 5640
4755 1168 12451
1168 4755 12451
12451 1168 4755
3435 4840 8534
8534 3435 4840
4840 3435 8534
1537 8016 14731
8016 1537 14731
14731 1537 8016
8114 2384 14627
14627 2384 8114
2384 8114 14627
4297 5051 12144
12144 4297 5051
5051 4297 12144
10086 2665 9384
2665 9384 10086
9384 2665 10086
4779 3664 13067
13067 3664 4779
3664 4779 13067
9727 3307 12312
12312 3307 9727
3307 9727 12312
2893 3284 3712
3712 2893 3284
3284 2893 3712
13809 10936 14045
10936 13809 14045
14045 10936 13809
12705 10560 13125
13125 10560 12705
10560 12705 13125
2391 1547 7354
7354 1547 2391
1547 2391 7354
2006 662 6045
662 2006 6045
6045 662 2006
2172 1731 10424
10424 1731 2172
1731 2172 10424
9340 3316 11079
11079 3316 9340
3316 9340 11079
6708 6845 13564
6845 6708 13564
13564 6708 6845
1462 5620 5694
5620 1462 5694
5694 1462 5620
2909 2079 13731
13731 2079 2909
2079 2909 13731
12160 6352 8471
8471 6352 12160
6352 8471 12160
8295 5997 14734
5997 8295 14734
14734 5997 8295
8054 2910 13545
2910 8054 13545
13545 2910 8054
12048 5833 6830
5833 6830 12048
6830 5833 12048
8677 12387 14857
12387 8677 14857
14857 8677 12387
1028 10657 12425
10657 1028 12425
12425 1028 10657
2205 14626 14864
14864 2205 14626
14626 2205 14864
11329 1387 2402
2402 1387 11329
1387 2402 11329
14679 9549 11707
9549 11707 14679
11707 9549 14679
11036 5347 10747
10747 5347 11036
5347 10747 11036
6238 10141 11229
11229 6238 10141
10141 6238 11229
11969 2809 14683
2809 11969 14683
14683 2809 11969
2901 8084 11594
11594 2901 8084
8084 2901 11594
1619 9574 12522
9574 1619 12522
12522 1619 9574
8480 500 5504
500 5504 8480
5504 500 8480
10123 1366 7134
1366 7134 10123
7134 1366 10123
7177 12747 13415
12747 7177 13415
13415 7177 12747
13277 6741 8080
6741 8080 13277
8080 6741 13277
4356 4300 13080
13080 4300 4356
4300 4356 13080
4431 7466 8379
7466 4431 8379
8379 4431 7466
496 13370 13597
13370 496 13597
13597 496 13370
544 1486 8476
8476 544 1486
1486 544 8476
13691 6659 7755
7755 6659 13691
6659 7755 13691
1551 3498 8869
8869 1551 3498
3498 1551 8869
433 7479 11262
7479 433 11262
11262 433 7479
6033 424 8830
424 6033 8830
8830 424 6033
6331 4909 14043
4909 6331 14043
14043 4909 6331
9582 4328 8723
8723 4328 9582
4328 8723 9582
265 9604 11657
11657 265 9604
9604 265 11657
8184 8363 9837
8363 8184 9837
9837 8184 8363
7717 8834 14763
14763 7717 8834
8834 7717 14763
13930 4364 4398
4364 4398 13930
4398 4364 13930
13780 10119 12217
10119 12217 13780
12217 10119 13780
5828 2907 6710
2907 5828 6710
6710 2907 5828
3450 8300 8664
8300 3450 8664
8664 3450 8300
2747 4631 5921
5921 2747 4631
4631 2747 5921
9402 4391 7712
7712 4391 9402
4391 7712 9402
6849 3366 9244
3366 6849 9244
9244 3366 6849
12992 1188 14791
14791 1188 12992
1188 12992 14791
6150 5804 7213
7213 5804 6150
5804 6150 7213
10644 9684 11022
11022 9684 10644
9684 10644 11022
6651 3175 3739
3739 3175 6651
3175 3739 6651
3281 5007 5719
5007 3281 5719
5719 3281 5007
3062 4258 6514
6514 3062 4258
4258 3062 6514
12573 2874 13144
13144 2874 12573
2874 12573 13144
11861 3005 10858
3005 10858 11861
10858 3005 11861
14210 5765 8674
5765 8674 14210
8674 5765 14210
12363 1817 6390
6390 1817 12363
1817 6390 12363
8911 4874 10962
10962 4874 8911
4874 8911 10962
14594 4752 13176
4752 13176 14594
13176 4752 14594
11204 5780 12605
5780 11204 12605
12605 5780 11204
8135 5628 13465
5628 8135 13465
13465 5628 8135
351 5656 12881
12881 351 5656
5656 351 12881
11388 6504 13191
13191 6504 11388
6504 11388 13191
4930 2532 7122
7122 2532 4930
2532 4930 7122
6744 841 6641
841 6641 6744
6641 841 6744
336 12546 14212
12546 336 14212
14212 336 12546
4384 1157 6992
1157 4384 6992
6992 1157 4384
1567 4967 14697
4967 1567 14697
14697 1567 4967
861 1788 10132
1788 861 10132
10132 861 1788
9240 254 10646
10646 254 9240
254 9240 10646
6382 11528 13973
13973 6382 11528
11528 6382 13973
6663 6453 8107
6453 6663 8107
8107 6453 6663
8881 4554 13153
4554 8881 13153
13153 4554 8881
3398 2551 13974
2551 3398 13974
13974 2551 3398
4546 4118 7487
7487 4118 4546
4118 4546 7487
14512 4354 5230
4354 5230 14512
5230 4354 14512
9082 555 1779
555 1779 9082
1779 555 9082
2703 11930 11943
11930 2703 11943
11943 2703 11930
5914 1558 5013
5013 1558 5914
1558 5013 5914
9316 8584 12942
12942 8584 9316
8584 9316 12942
11397 3857 12498
12498 3857 11397
3857 11397 12498
11356 10081 14648
14648 10081 11356
10081 11356 14648
13213 2733 7423
2733 7423 13213
7423 2733 13213
10100 3894 6648
3894 6648 10100
6648 3894 10100
10845 4029 14795
14795 4029 10845
4029 10845 14795
401 1702 6394
1702 401 6394
6394 401 1702
6092 9404 14269
9404 6092 14269
14269 6092 9404
8000 10590 11515
10590 8000 11515
11515 8000 10590
14710 1308 13694
13694 1308 14710
1308 13694 14710
4495 8069 11077
8069 4495 11077
11077 4495 8069
4797 1303 9213
1303 4797 9213
9213 1303 4797
3211 8891 9531
9531 3211 8891
8891 3211 9531
1728 9177 11387
9177 1728 11387
11387 1728 9177
14230 7534 10406
7534 10406 14230
10406 7534 14230
3083 10762 13493
13493 3083 10762
10762 3083 13493
7036 7797 11875
7797 7036 11875
11875 7036 7797
9809 3459 6136
3459 6136 9809
6136 3459 9809
3138 2813 7433
7433 2813 3138
2813 3138 7433
14588 11486 13859
13859 11486 14588
11486 13859 14588
7199 13637 14789
14789 7199 13637
13637 7199 14789
14905 1135 9342
9342 1135 14905
1135 9342 14905
4208 8153 11377
8153 4208 11377
11377 4208 8153
5048 512 10357
10357 512 5048
512 5048 10357
3186 2281 10256
10256 2281 3186
2281 3186 10256
9891 7062 9823
7062 9823 9891
9823 7062 9891
1659 2039 10840
10840 1659 2039
2039 1659 10840
6415 3373 3397
3373 3397 6415
3397 3373 6415
7303 6688 13244
13244 6688 7303
6688 7303 13244
7711 10052 14579
10052 7711 14579
14579 7711 10052
6463 7918 12407
7918 6463 12407
12407 6463 7918
13654 8965 9449
9449 8965 13654
8965 9449 13654
12129 304 13906
13906 304 12129
304 12129 13906
1422 10153 11956
11956 1422 10153
10153 1422 11956
11287 6571 10537
10537 6571 11287
6571 10537 11287
10382 1293 9426
1293 9426 10382
9426 1293 10382
9199 2090 2341
2090 2341 9199
2341 2090 9199
12281 3762 7045
7045 3762 12281
3762 7045 12281
8156 12968 14141
12968 8156 14141
14141 8156 12968
7851 2449 4875
2449 4875 7851
4875 2449 7851
10023 6581 12544
6581 10023 12544
12544 6581 10023
10757 3985 12781
12781 3985 10757
3985 10757 12781
959 20 241
20 241 959
241 20 959
1139 8646 11566
11566 1139 8646
8646 1139 11566
3487 12401 12804
12401 3487 12804
12804 3487 12401
13595 9953 10460
9953 10460 13595
10460 9953 13595
3944 6025 12368
12368 3944 6025
6025 3944 12368
273 2717 3957
2717 273 3957
3957 273 2717
4147 6454 8215
8215 4147 6454
6454 4147 8215
4488 6775 8359
8359 4488 6775
6775 4488 8359
11224 5891 12077
12077 5891 11224
5891 11224 12077
1011 4308 6231
4308 1011 6231
6231 1011 4308
1349 5616 7575
5616 1349 7575
7575 1349 5616
13492 2965 5905
5905 2965 13492
2965 5905 13492
11666 1166 10135
10135 1166 11666
1166 10135 11666
14870 3685 14074
14074 3685 14870
3685 14074 14870
13752 9086 12656
9086 12656 13752
12656 9086 13752
4965 7112 7715
7112 4965 7715
7715 4965 7112
14446 9307 13528
9307 13528 14446
13528 9307 14446
10398 5276 13885
5276 10398 13885
13885 5276 10398
479 747 9729
9729 479 747
747 479 9729
3844 2394 5657
2394 3844 5657
5657 2394 3844
10951 10620 11391
10620 10951 11391
11391 10620 10951
12638 7405 12314
12314 7405 12638
7405 12314 12638
6132 600 9194
600 6132 9194
9194 600 6132
4836 7104 9483
7104 4836 9483
9483 4836 7104
11608 11254 14441
14441 11254 11608
11254 11608 14441
6573 2193 3236
3236 2193 6573
2193 3236 6573
7932 3534 6752
3534 6752 7932
6752 3534 7932
706 12029 13091
12029 706 13091
13091 706 12029
14689 1137 1980
1980 1137 14689
1137 1980 14689
5198 4410 10125
4410 5198 10125
10125 4410 5198
11330 9754 11300
11300 9754 11330
9754 11300 11330
7774 2153 9306
9306 2153 7774
2153 7774 9306
9043 2540 3913
2540 3913 9043
3913 2540 9043
5377 6046 13206
13206 5377 6046
6046 5377 13206
10338 1146 1476
1146 1476 10338
1476 1146 10338
7318 2368 5761
2368 5761 7318
5761 2368 7318
5551 3184 13317
3184 5551 13317
13317 3184 5551
14400 4086 14266
4086 14266 14400
14266 4086 14400
9096 1090 7798
1090 7798 9096
7798 1090 9096
3821 4524 13065
4524 3821 13065
13065 3821 4524
9670 3824 11981
11981 3824 9670
3824 9670 11981
5305 7806 10185
7806 5305 10185
10185 5305 7806
2347 7992 11676
11676 2347 7992
7992 2347 11676
1257 432 5299
5299 432 1257
432 1257 5299
4737 3559 14702
3559 4737 14702
14702 3559 4737
11569 7309 14563
7309 11569 14563
14563 7309 11569
9664 2275 14024
14024 2275 9664
2275 9664 14024
13278 1783 6213
1783 6213 13278
6213 1783 13278
13915 5443 13320
13320 5443 13915
5443 13320 13915
5566 14859 14929
14929 5566 14859
14859 5566 14929
9996 11938 14776
11938 9996 14776
14776 9996 11938
9618 5282 9512
9512 5282 9618
5282 9512 9618
9117 2948 9173
9173 2948 9117
2948 9117 9173
12430 4515 8302
8302 4515 12430
4515 8302 12430
13866 541 5290
5290 541 13866
541 5290 13866
10019 7885 12943
7885 10019 12943
12943 7885 10019
1405 92 8668
92 1405 8668
8668 92 1405
10923 380 6469
380 6469 10923
6469 380 10923
13984 13384 14055
14055 13384 13984
13384 13984 14055
10523 4598 8849
4598 8849 10523
8849 4598 10523
10921 2870 5147
5147 2870 10921
2870 5147 10921
6029 4531 9885
4531 6029 9885
9885 4531 6029
12574 1768 13075
1768 12574 13075
13075 1768 12574
2534 5553 11855
5553 2534 11855
11855 2534 5553
12989 4338 10339
4338 10339 12989
10339 4338 12989
343 6840 10261
6840 343 10261
10261 343 6840
3384 7545 8526
8526 3384 7545
7545 3384 8526
1262 11149 13053
11149 1262 13053
13053 1262 11149
13700 6215 8115
8115 6215 13700
6215 8115 13700
14548 6772 8201
8201 6772 14548
6772 8201 14548
5845 4506 11756
11756 4506 5845
4506 5845 11756
10154 12572 14504
14504 10154 12572
12572 10154 14504
12604 1063 10148
10148 1063 12604
1063 10148 12604
9777 1413 10187
1413 9777 10187
10187 1413 9777
3874 468 8978
468 3874 8978
8978 468 3874
3479 11057 13240
13240 3479 11057
11057 3479 13240
13888 3651 14799
14799 3651 13888
3651 13888 14799
5420 2575 12890
2575 5420 12890
12890 2575 5420
599 2650 14492
2650 599 14492
14492 599 2650
4285 7367 14681
7367 4285 14681
14681 4285 7367
5493 10535 12479
10535 5493 12479
12479 5493 10535
3389 1953 10489
1953 3389 10489
10489 1953 3389
902 7085 11919
7085 902 11919
11919 902 7085
12670 3707 11257
11257 3707 12670
3707 11257 12670
8148 6691 10506
10506 6691 8148
6691 8148 10506
13363 11132 14211
11132 13363 14211
14211 11132 13363
12752 934 10959
10959 934 12752
934 10959 12752
10177 10908 11791
11791 10177 10908
10908 10177 11791
12820 3971 13393
3971 12820 13393
13393 3971 12820
6247 5773 14537
5773 6247 14537
14537 5773 6247
14590 11857 13987
13987 11857 14590
11857 13987 14590
5753 369 14851
14851 369 5753
369 5753 14851
10423 323 6762
323 6762 10423
6762 323 10423
14214 10124 12894
12894 10124 14214
10124 12894 14214
9394 4149 6774
6774 4149 9394
4149 6774 9394
2292 9100 11029
9100 2292 11029
11029 2292 9100
5049 2667 11458
11458 2667 5049
2667 5049 11458
5776 4114 6093
4114 5776 6093
6093 4114 5776
7431 1082 4548
1082 4548 7431
4548 1082 7431
6095 3796 9381
9381 3796 6095
3796 6095 9381
9235 3176 3514
3514 3176 9235
3176 3514 9235
383 12492 13237
13237 383 12492
12492 383 13237
11803 5099 10678
10678 5099 11803
5099 10678 11803
12803 12959 13623
13623 12803 12959
12959 12803 13623
1120 1642 9387
1642 1120 9387
9387 1120 1642
3665 3904 12309
12309 3665 3904
3904 3665 12309
6500 8483 11505
11505 6500 8483
8483 6500 11505
11715 1285 9520
9520 1285 11715
1285 9520 11715
13718 2507 6687
2507 6687 13718
6687 2507 13718
5945 2327 8817
2327 5945 8817
8817 2327 5945
9423 6103 7964
6103 7964 9423
7964 6103 9423
13755 13103 13162
13162 13103 13755
13103 13162 13755
4834 1302 14356
14356 1302 4834
1302 4834 14356
3730 1529 14533
14533 1529 3730
1529 3730 14533
2524 1510 14794
14794 1510 2524
1510 2524 14794
7468 1118 7370
1118 7370 7468
7370 1118 7468
14258 2372 7990
2372 7990 14258
7990 2372 14258
9226 6219 13387
6219 9226 13387
13387 6219 9226
5572 1538 6608
6608 1538 5572
1538 5572 6608
3303 5409 11316
5409 3303 11316
11316 3303 5409
5661 1423 6701
6701 1423 5661
1423 5661 6701
6308 5579 11947
11947 5579 6308
5579 6308 11947
13181 10736 12123
12123 10736 13181
10736 12123 13181
4669 10232 10626
10232 4669 10626
10626 4669 10232
11847 863 12484
863 11847 12484
12484 863 11847
1328 2041 13580
13580 1328 2041
2041 1328 13580
3073 9169 14828
14828 3073 9169
9169 3073 14828
10937 6487 7347
6487 7347 10937
7347 6487 10937
816 3439 8048
8048 816 3439
3439 816 8048
4814 1544 8344
8344 1544 4814
1544 4814 8344
3870 2604 11112
2604 3870 11112
11112 2604 3870
831 4628 5938
5938 831 4628
4628 831 5938
929 1578 9522
1578 929 9522
9522 929 1578
2462 1872 10738
10738 1872 2462
1872 2462 10738
3017 1386 11941
1386 3017 11941
11941 1386 3017
7833 2875 8552
2875 7833 8552
8552 2875 7833
9804 2555 9053
2555 9053 9804
9053 2555 9804
8950 1554 7899
1554 7899 8950
7899 1554 8950
5121 3286 3430
3430 3286 5121
3286 3430 5121
2779 9903 14268
9903 2779 14268
14268 2779 9903
4636 3457 12453
12453 3457 4636
3457 4636 12453
11593 2504 12426
2504 11593 12426
12426 2504 11593
7379 678 8422
678 7379 8422
8422 678 7379
3483 1004 6508
6508 1004 3483
1004 3483 6508
4492 362 1851
1851 362 4492
362 1851 4492
12824 9439 9649
9649 9439 12824
9439 9649 12824
11093 2036 3713
3713 2036 11093
2036 3713 11093
12693 6574 7346
6574 7346 12693
7346 6574 12693
11453 7933 10588
10588 7933 11453
7933 10588 11453
5060 7491 11683
11683 5060 7491
7491 5060 11683
7166 7148 11860
11860 7148 7166
7148 7166 11860
283 759 5047
759 283 5047
5047 283 759
9459 3754 7656
7656 3754 9459
3754 7656 9459
1985 8394 11299
11299 1985 8394
8394 1985 11299
4368 9358 13199
9358 4368 13199
13199 4368 9358
14295 10569 10772
10569 10772 14295
10772 10569 14295
12001 1292 12054
1292 12001 12054
12054 1292 12001
1335 6313 13850
13850 1335 6313
6313 1335 13850
2820 7625 9709
7625 2820 9709
9709 2820 7625
2882 3137 11284
3137 2882 11284
11284 2882 3137
5932 1156 7597
7597 1156 5932
1156 5932 7597
9163 5583 14942
14942 5583 9163
5583 9163 14942
5881 8721 10564
10564 5881 8721
8721 5881 10564
8873 12464 13114
13114 8873 12464
12464 8873 13114
10455 2868 8075
2868 8075 10455
8075 2868 10455
12181 8907 13096
13096 8907 12181
8907 12181 13096
13717 294 3198
3198 294 13717
294 3198 13717
3369 5376 8341
8341 3369 5376
5376 3369 8341
9510 2953 3663
2953 3663 9510
3663 2953 9510
3732 13449 13613
13449 3732 13613
13613 3732 13449
14360 718 9558
718 9558 14360
9558 718 14360
8844 11516 12045
11516 8844 12045
12045 8844 11516
2902 7294 8472
7294 2902 8472
8472 2902 7294
7661 12874 13709
12874 7661 13709
13709 7661 12874
6147 588 3541
588 3541 6147
3541 588 6147
18 1711 8726
8726 18 1711
1711 18 8726
12488 3463 11390
3463 11390 12488
11390 3463 12488
14988 1202 9300
9300 1202 14988
1202 9300 14988
7816 1867 7671
1867 7671 7816
7671 1867 7816
2439 3046 5238
3046 2439 5238
5238 2439 3046
13375 1549 9592
1549 9592 13375
9592 1549 13375
1193 6344 8812
6344 1193 8812
8812 1193 6344
11739 4724 12158
4724 11739 12158
12158 4724 11739
11607 5172 8842
5172 8842 11607
8842 5172 11607
2894 2729 7738
2729 2894 7738
7738 2729 2894
7617 8290 10966
10966 7617 8290
8290 7617 10966
7997 5438 11021
5438 7997 11021
11021 5438 7997
6867 4728 10006
4728 6867 10006
10006 4728 6867
6906 616 10984
10984 616 6906
616 6906 10984
14924 2101 6555
6555 2101 14924
2101 6555 14924
4846 4259 4997
4997 4259 4846
4259 4846 4997
14908 226 7881
7881 226 14908
226 7881 14908
6673 3312 8486
8486 3312 6673
3312 6673 8486
5585 3978 7147
3978 5585 7147
7147 3978 5585
5584 3755 8992
8992 3755 5584
3755 5584 8992
3061 3518 5370
3518 3061 5370
5370 3061 3518
6819 5225 8597
5225 6819 8597
8597 5225 6819
12689 7809 7879
7879 7809 12689
7809 7879 12689
7426 172 1691
172 1691 7426
1691 172 7426
3257 1586 5338
1586 3257 5338
5338 1586 3257
7099 478 5748
478 5748 7099
5748 478 7099
6096 7028 13911
13911 6096 7028
7028 6096 13911
11467 1384 12629
12629 1384 11467
1384 11467 12629
4726 4894 5968
4894 4726 5968
5968 4726 4894
9444 11305 15000
15000 9444 11305
11305 9444 15000
9087 1669 3598
3598 1669 9087
1669 3598 9087
8265 1161 11763
1161 8265 11763
11763 1161 8265
11462 1314 8932
8932 1314 11462
1314 8932 11462
14325 6210 11499
11499 6210 14325
6210 11499 14325
875 2976 12019
12019 875 2976
2976 875 12019
9336 1890 9812
9812 1890 9336
1890 9336 9812
11433 5177 9202
5177 9202 11433
9202 5177 11433
6549 11718 12717
11718 6549 12717
12717 6549 11718
1074 4014 6280
4014 1074 6280
6280 1074 4014
1449 7107 13148
13148 1449 7107
7107 1449 13148
3087 8877 9011
8877 3087 9011
9011 3087 8877
10649 2974 13910
2974 10649 13910
13910 2974 10649
12941 8419 14514
8419 12941 14514
14514 8419 12941
2438 8698 13031
8698 2438 13031
13031 2438 8698
3780 12713 13559
12713 3780 13559
13559 3780 12713
4420 1967 9811
1967 4420 9811
9811 1967 4420
1037 7191 14757
14757 1037 7191
7191 1037 14757
9283 2124 12511
2124 9283 12511
12511 2124 9283
5361 9022 12895
12895 5361 9022
9022 5361 12895
7322 3169 13814
13814 3169 7322
3169 7322 13814
14634 10905 14020
10905 14020 14634
14020 10905 14634
2651 13521 14147
14147 2651 13521
13521 2651 14147
7702 492 11427
492 7702 11427
11427 492 7702
13571 13432 14911
14911 13432 13571
13432 13571 14911
4192 352 11646
11646 352 4192
352 4192 11646
12050 6909 11982
11982 6909 12050
6909 11982 12050
10332 2731 8232
8232 2731 10332
2731 8232 10332
14991 8679 9555
8679 9555 14991
9555 8679 14991
4352 218 10380
218 4352 10380
10380 218 4352
13878 9676 11017
9676 11017 13878
11017 9676 13878
8740 370 5842
370 5842 8740
5842 370 8740
12826 2837 7365
7365 2837 12826
2837 7365 12826
13923 1876 11158
11158 1876 13923
1876 11158 13923
858 12963 14321
12963 858 14321
14321 858 12963
14305 1429 11290
1429 11290 14305
11290 1429 14305
8864 2250 11334
11334 2250 8864
2250 8864 11334
3242 1658 12230
1658 3242 12230
12230 1658 3242
10492 9200 10471
9200 10471 10492
10471 9200 10492
1175 2606 2988
2988 1175 2606
2606 1175 2988
14415 1470 3637
3637 1470 14415
1470 3637 14415
4842 6515 8814
6515 4842 8814
8814 4842 6515
11942 5391 7243
7243 5391 11942
5391 7243 11942
1244 6971 9611
9611 1244 6971
6971 1244 9611
1001 9308 11286
9308 1001 11286
11286 1001 9308
3145 3717 5462
3717 3145 5462
5462 3145 3717
13380 2522 4269
4269 2522 13380
2522 4269 13380
7106 9388 11198
11198 7106 9388
9388 7106 11198
9078 1357 2841
2841 1357 9078
1357 2841 9078
6391 1587 6325
1587 6325 6391
6325 1587 6391
1693 3272 6914
3272 1693 6914
6914 1693 3272
11465 6047 12235
6047 11465 12235
12235 6047 11465
7699 1604 12272
12272 1604 7699
1604 7699 12272
809 12842 14243
12842 809 14243
14243 809 12842
14826 1235 11385
1235 11385 14826
11385 1235 14826
13219 5342 7378
5342 7378 13219
7378 5342 13219
9836 3010 6822
6822 3010 9836
3010 6822 9836
9335 4896 12002
4896 9335 12002
12002 4896 9335
8796 758 8583
8583 758 8796
758 8583 8796
6233 7264 9571
7264 6233 9571
9571 6233 7264
10467 1414 4202
4202 1414 10467
1414 4202 10467
14098 6970 12137
6970 12137 14098
12137 6970 14098
64 5861 9098
9098 64 5861
5861 64 9098
10102 10446 14361
14361 10102 10446
10446 10102 14361
12433 4244 8925
4244 8925 12433
8925 4244 12433
4312 1095 14256
1095 4312 14256
14256 1095 4312
6038 4321 8193
8193 4321 6038
4321 6038 8193
14550 11999 13656
13656 11999 14550
11999 13656 14550
14319 9872 13914
13914 9872 14319
9872 13914 14319
5173 9610 11540
11540 5173 9610
9610 5173 11540
12301 349 446
446 349 12301
349 446 12301
972 1754 5575
5575 972 1754
1754 972 5575
6144 3510 13565
3510 6144 13565
13565 3510 6144
14562 2628 13146
13146 2628 14562
2628 13146 14562
12529 10285 14538
14538 10285 12529
10285 12529 14538
1442 748 14996
14996 748 1442
748 1442 14996
8841 7581 14793
14793 7581 8841
7581 8841 14793
7525 4581 11038
11038 4581 7525
4581 7525 11038
6366 928 5569
928 5569 6366
5569 928 6366
2832 2578 14108
2578 2832 14108
14108 2578 2832
4414 9815 14994
14994 4414 9815
9815 4414 14994
9364 1723 3364
3364 1723 9364
1723 3364 9364
9266 7718 11187
7718 9266 11187
11187 7718 9266
9563 7282 10063
10063 7282 9563
7282 9563 10063
5125 6615 8513
6615 5125 8513
8513 5125 6615
4892 5203 5867
5867 4892 5203
5203 4892 5867
7279 376 12161
12161 376 7279
376 7279 12161
12550 1171 2353
2353 1171 12550
1171 2353 12550
719 8532 12380
12380 719 8532
8532 719 12380
2508 4867 9001
9001 2508 4867
4867 2508 9001
7091 7612 13964
13964 7091 7612
7612 7091 13964
13374 3030 3458
3458 3030 13374
3030 3458 13374
3359 8551 14553
14553 3359 8551
8551 3359 14553
10175 8099 13225
8099 10175 13225
13225 8099 10175
14340 7131 9429
9429 7131 14340
7131 9429 14340
12204 6206 6211
6211 6206 12204
6206 6211 12204
2662 805 12861
805 2662 12861
12861 805 2662
14979 6310 9789
6310 9789 14979
9789 6310 14979
9737 5413 6341
6341 5413 9737
5413 6341 9737
3258 3548 10575
3548 3258 10575
10575 3258 3548
3980 746 6959
6959 746 3980
746 3980 6959
6445 1288 6470
6470 1288 6445
1288 6445 6470
237 10495 12519
10495 237 12519
12519 237 10495
9249 3960 14158
3960 9249 14158
14158 3960 9249
463 3593 14405
14405 463 3593
3593 463 14405
12639 4045 5206
4045 5206 12639
5206 4045 12639
11445 857 12868
12868 857 11445
857 11445 12868
10808 1223 5701
1223 5701 10808
5701 1223 10808
2226 9800 10709
10709 2226 9800
9800 2226 10709
7873 4333 7934
4333 7873 7934
7934 4333 7873
10859 10180 14741
14741 10180 10859
10180 10859 14741
2321 8092 13256
13256 2321 8092
8092 2321 13256
12109 7462 8272
7462 8272 12109
8272 7462 12109
11643 180 4483
4483 180 11643
180 4483 11643
2652 11066 12801
11066 2652 12801
12801 2652 11066
3379 6367 12974
12974 3379 6367
6367 3379 12974
8339 6817 7618
6817 7618 8339
7618 6817 8339
12720 5174 10224
10224 5174 12720
5174 10224 12720
10557 5154 11366
11366 5154 10557
5154 10557 11366
4948 8444 12829
12829 4948 8444
8444 4948 12829
7163 4723 7516
7516 4723 7163
4723 7163 7516
11966 9401 9694
9401 9694 11966
9694 9401 11966
2614 6195 10916
10916 2614 6195
6195 2614 10916
420 2396 6839
2396 420 6839
6839 420 2396
12663 1225 10711
10711 1225 12663
1225 10711 12663
3967 4448 10419
4448 3967 10419
10419 3967 4448
3421 575 14180
575 3421 14180
14180 575 3421
5965 6967 11850
6967 5965 11850
11850 5965 6967
6022 217 3678
3678 217 6022
217 3678 6022
12099 8895 10323
8895 10323 12099
10323 8895 12099
5546 11161 11431
11431 5546 11161
11161 5546 11431
13949 5925 14317
14317 5925 13949
5925 13949 14317
892 46 882
882 46 892
46 882 892
6994 11094 14510
14510 6994 11094
11094 6994 14510
12759 11760 12856
11760 12759 12856
12856 11760 12759
10113 1559 13737
13737 1559 10113
1559 10113 13737
5283 2361 8088
8088 2361 5283
2361 5283 8088
13322 1611 7357
7357 1611 13322
1611 7357 13322
10879 2351 13331
2351 10879 13331
13331 2351 10879
2056 8752 14434
8752 2056 14434
14434 2056 8752
12785 7543 7815
7815 7543 12785
7543 7815 12785
8147 8771 11647
11647 8147 8771
8771 8147 11647
9767 4704 6387
6387 4704 9767
4704 6387 9767
8029 6821 13005
6821 8029 13005
13005 6821 8029
11880 11306 14787
11306 11880 14787
14787 11306 11880
2387 4405 6282
4405 2387 6282
6282 2387 4405
11000 10630 13017
10630 11000 13017
13017 10630 11000
9292 5200 14880
5200 9292 14880
14880 5200 9292
3008 5349 9055
9055 3008 5349
5349 3008 9055
13570 5571 8307
5571 8307 13570
8307 5571 13570
2537 765 6650
6650 765 2537
765 2537 6650
11192 6715 11688
11688 6715 11192
6715 11192 11688
5859 365 6743
6743 365 5859
365 5859 6743
14427 9383 13423
9383 13423 14427
13423 9383 14427
12035 8224 10309
8224 10309 12035
10309 8224 12035
10020 3462 9366
9366 3462 10020
3462 9366 10020
6931 12622 14275
14275 6931 12622
12622 6931 14275
472 7223 10378
7223 472 10378
10378 472 7223
14403 228 8798
8798 228 14403
228 8798 14403
13368 11527 14318
14318 11527 13368
11527 13368 14318
4335 2545 9704
9704 2545 4335
2545 4335 9704
4820 12108 12537
12537 4820 12108
12108 4820 12537
7795 11630 12255
12255 7795 11630
11630 7795 12255
6320 8729 10555
8729 6320 10555
10555 6320 8729
5896 9734 11010
9734 5896 11010
11010 5896 9734
4182 5971 7123
7123 4182 5971
5971 4182 7123
8350 9084 10771
10771 8350 9084
9084 8350 10771
3751 3329 3693
3693 3329 3751
3329 3693 3751
13992 271 8561
271 8561 13992
8561 271 13992
10156 3591 13234
13234 3591 10156
3591 10156 13234
7425 5384 11709
5384 7425 11709
11709 5384 7425
12392 4907 12244
12244 4907 12392
4907 12244 12392
12388 1434 4917
1434 4917 12388
4917 1434 12388
3092 2295 3822
2295 3092 3822
3822 2295 3092
12777 3162 12618
12618 3162 12777
3162 12618 12777
6476 13084 13908
13084 6476 13908
13908 6476 13084
3823 6750 8190
6750 3823 8190
8190 3823 6750
9869 3409 7777
7777 3409 9869
3409 7777 9869
9223 2512 11118
2512 9223 11118
11118 2512 9223
4792 999 8689
999 4792 8689
8689 999 4792
11382 6526 14879
6526 11382 14879
14879 6526 11382
300 8967 9365
9365 300 8967
8967 300 9365
13491 13172 13975
13975 13172 13491
13172 13491 13975
10304 8383 10957
8383 10304 10957
10957 8383 10304
13871 5615 6218
5615 6218 13871
6218 5615 13871
8382 1757 11742
1757 8382 11742
11742 1757 8382
11637 10812 14017
14017 10812 11637
10812 11637 14017
11051 6771 11876
6771 11051 11876
11876 6771 11051
1494 1006 3468
1006 1494 3468
3468 1006 1494
9679 7987 12294
12294 7987 9679
7987 9679 12294
206 3142 11975
11975 206 3142
3142 206 11975
14290 13435 13851
13435 13851 14290
13851 13435 14290
8414 4717 5133
4717 5133 8414
5133 4717 8414
5505 731 4450
731 4450 5505
4450 731 5505
4663 9093 10293
10293 4663 9093
9093 4663 10293
2771 5298 8936
8936 2771 5298
5298 2771 8936
2473 11 8503
