88591 46147 48680
48680 46147 88591
46147 48680 88591
25508 24023 36773
24023 25508 36773
36773 24023 25508
63802 66551 127783
127783 63802 66551
66551 63802 127783
47952 44962 61160
61160 44962 47952
44962 47952 61160
149902 121165 133835
133835 121165 149902
121165 133835 149902
138600 23987 75301
75301 23987 138600
23987 75301 138600
2574 107181 112669
107181 2574 112669
112669 2574 107181
104521 133286 143194
143194 104521 133286
133286 104521 143194
131184 10267 146664
146664 10267 131184
10267 131184 146664
138709 36198 46559
46559 36198 138709
36198 46559 138709
3048 44817 72059
72059 3048 44817
44817 3048 72059
142259 14834 120480
120480 14834 142259
14834 120480 142259
107447 80220 110089
80220 107447 110089
110089 80220 107447
86842 28768 71973
71973 28768 86842
28768 71973 86842
21902 36206 147492
36206 21902 147492
147492 21902 36206
104265 6154 81696
6154 81696 104265
81696 6154 104265
120657 6461 52122
6461 52122 120657
52122 6461 120657
60385 29510 36143
36143 29510 60385
29510 36143 60385
135525 52210 79750
52210 79750 135525
79750 52210 135525
92900 3224 59727
59727 3224 92900
3224 59727 92900
14179 68900 122055
122055 14179 68900
68900 14179 122055
32147 7484 104167
104167 7484 32147
7484 32147 104167
100164 33303 121767
121767 33303 100164
33303 100164 121767
59377 39058 80775
39058 59377 80775
80775 39058 59377
104571 83936 131902
131902 83936 104571
83936 104571 131902
18474 104186 120602
120602 18474 104186
104186 18474 120602
147381 73137 94477
94477 73137 147381
73137 94477 147381
23128 65000 68707
68707 23128 65000
65000 23128 68707
122403 40201 143210
143210 40201 122403
40201 122403 143210
130733 109789 123261
123261 109789 130733
109789 123261 130733
43058 21109 137096
137096 21109 43058
21109 43058 137096
2230 12595 106360
106360 2230 12595
12595 2230 106360
44263 64506 78220
64506 44263 78220
78220 44263 64506
1811 18240 140251
18240 1811 140251
140251 1811 18240
20061 29473 102474
102474 20061 29473
29473 20061 102474
22138 153 53013
53013 153 22138
153 22138 53013
105622 31970 146013
31970 105622 146013
146013 31970 105622
30120 10983 94654
10983 30120 94654
94654 10983 30120
27320 94269 116761
116761 27320 94269
94269 27320 116761
418 14058 32419
14058 418 32419
32419 418 14058
88284 37674 120853
120853 37674 88284
37674 88284 120853
40004 46540 94548
46540 40004 94548
94548 40004 46540
80381 24094 75356
75356 24094 80381
24094 75356 80381
141868 28449 35520
28449 35520 141868
35520 28449 141868
130143 112817 116117
112817 116117 130143
116117 112817 130143
76149 62041 76522
62041 76149 76522
76522 62041 76149
39840 9592 146732
9592 39840 146732
146732 9592 39840
78486 8079 54714
54714 8079 78486
8079 54714 78486
62866 1089 40896
40896 1089 62866
1089 40896 62866
39391 30868 98236
30868 39391 98236
98236 30868 39391
1572 107374 110886
110886 1572 107374
107374 1572 110886
40732 6128 147766
6128 40732 147766
147766 6128 40732
22878 78991 140195
78991 22878 140195
140195 22878 78991
54428 97013 132126
97013 54428 132126
132126 54428 97013
74027 53972 149858
53972 74027 149858
149858 53972 74027
99968 102531 127262
127262 99968 102531
102531 99968 127262
75033 129042 138586
129042 75033 138586
138586 75033 129042
9871 7995 100027
100027 7995 9871
7995 9871 100027
146750 1358 25956
1358 25956 146750
25956 1358 146750
121107 29696 120813
29696 120813 121107
120813 29696 121107
17184 32215 91884
32215 17184 91884
91884 17184 32215
7651 117011 126628
126628 7651 117011
117011 7651 126628
82039 13843 47134
13843 47134 82039
47134 13843 82039
44078 18732 53195
53195 18732 44078
18732 44078 53195
37313 29670 64384
64384 29670 37313
29670 37313 64384
31634 75977 127297
127297 31634 75977
75977 31634 127297
60514 71665 80630
80630 60514 71665
71665 60514 80630
56254 114565 140822
114565 56254 140822
140822 56254 114565
64667 131567 145203
131567 64667 145203
145203 64667 131567
105048 79006 80857
80857 79006 105048
79006 80857 105048
144069 29745 99150
29745 99150 144069
99150 29745 144069
101514 58510 106506
106506 58510 101514
58510 101514 106506
141730 5921 107935
5921 107935 141730
107935 5921 141730
126923 35304 108641
35304 108641 126923
108641 35304 126923
123514 41886 139286
41886 123514 139286
139286 41886 123514
9775 49527 80508
80508 9775 49527
49527 9775 80508
125708 26951 117002
26951 117002 125708
117002 26951 125708
70249 67368 137292
137292 67368 70249
67368 70249 137292
18648 32404 89997
89997 18648 32404
32404 18648 89997
117504 100519 128960
100519 117504 128960
128960 100519 117504
98365 74458 81366
81366 74458 98365
74458 81366 98365
2399 67287 116560
116560 2399 67287
67287 2399 116560
93235 32547 126068
126068 32547 93235
32547 93235 126068
72178 15435 99828
15435 72178 99828
99828 15435 72178
139051 6409 130304
6409 130304 139051
130304 6409 139051
147643 114142 149987
149987 114142 147643
114142 147643 149987
8237 113922 132044
132044 8237 113922
113922 8237 132044
120662 10837 58411
58411 10837 120662
10837 58411 120662
60198 47027 148076
47027 60198 148076
148076 47027 60198
84807 12373 117496
117496 12373 84807
12373 84807 117496
88069 42918 47075
42918 47075 88069
47075 42918 88069
121183 41801 84795
84795 41801 121183
41801 84795 121183
26886 55369 123834
55369 26886 123834
123834 26886 55369
54014 105452 127371
105452 54014 127371
127371 54014 105452
99279 11109 94688
94688 11109 99279
11109 94688 99279
1658 102403 120516
120516 1658 102403
102403 1658 120516
46120 24070 143996
143996 24070 46120
24070 46120 143996
97873 39819 92633
92633 39819 97873
39819 92633 97873
34544 7349 146295
146295 7349 34544
7349 34544 146295
5472 95637 135347
135347 5472 95637
95637 5472 135347
52868 103928 127346
127346 52868 103928
103928 52868 127346
35271 17630 113158
113158 17630 35271
17630 35271 113158
130477 47552 80076
80076 47552 130477
47552 80076 130477
80257 21138 71091
21138 71091 80257
71091 21138 80257
40682 132482 140165
140165 40682 132482
132482 40682 140165
121338 119687 134242
119687 121338 134242
134242 119687 121338
69312 44165 77471
77471 44165 69312
44165 69312 77471
84167 51793 91917
51793 84167 91917
91917 51793 84167
29334 18442 115388
115388 18442 29334
18442 29334 115388
79687 1928 76454
76454 1928 79687
1928 76454 79687
119707 69404 119225
119225 69404 119707
69404 119225 119707
75742 54916 108651
54916 75742 108651
108651 54916 75742
102729 66299 113511
66299 102729 113511
113511 66299 102729
64006 1288 57043
57043 1288 64006
1288 57043 64006
45657 26734 39439
26734 39439 45657
39439 26734 45657
75045 89485 147343
89485 75045 147343
147343 75045 89485
24991 60306 126507
60306 24991 126507
126507 24991 60306
45377 43622 116503
116503 43622 45377
43622 45377 116503
145782 34342 133813
34342 133813 145782
133813 34342 145782
57565 30067 122222
122222 30067 57565
30067 57565 122222
63562 48360 86520
48360 63562 86520
86520 48360 63562
105697 97789 126320
97789 105697 126320
126320 97789 105697
125122 38365 118234
118234 38365 125122
38365 118234 125122
44666 24868 57266
57266 24868 44666
24868 44666 57266
144107 76607 127173
76607 127173 144107
127173 76607 144107
57426 82030 136283
136283 57426 82030
82030 57426 136283
113795 9642 11421
9642 11421 113795
11421 9642 113795
34777 69125 113300
69125 34777 113300
113300 34777 69125
121197 10425 36082
36082 10425 121197
10425 36082 121197
48170 71424 113880
71424 48170 113880
113880 48170 71424
77963 20402 68117
68117 20402 77963
20402 68117 77963
50634 42647 97507
97507 42647 50634
42647 50634 97507
114385 24862 137140
137140 24862 114385
24862 114385 137140
111890 29360 48841
29360 48841 111890
48841 29360 111890
40833 84853 86932
84853 40833 86932
86932 40833 84853
75257 20922 42049
42049 20922 75257
20922 42049 75257
96993 55813 139161
55813 96993 139161
139161 55813 96993
129482 4880 81333
81333 4880 129482
4880 81333 129482
78685 9252 82771
82771 9252 78685
9252 78685 82771
94440 35832 74006
74006 35832 94440
35832 74006 94440
147540 45374 144764
45374 144764 147540
144764 45374 147540
30093 90655 145177
145177 30093 90655
90655 30093 145177
137901 74856 121585
74856 121585 137901
121585 74856 137901
127649 75371 76564
75371 76564 127649
76564 75371 127649
39296 68002 127565
127565 39296 68002
68002 39296 127565
132876 13478 147417
147417 13478 132876
13478 132876 147417
71628 59781 111899
59781 71628 111899
111899 59781 71628
5172 39 39830
39 5172 39830
39830 39 5172
3941 70792 133699
133699 3941 70792
70792 3941 133699
79838 30233 97268
97268 30233 79838
30233 79838 97268
37173 13960 61574
61574 13960 37173
13960 37173 61574
63061 13560 48292
48292 13560 63061
13560 48292 63061
108003 18637 35339
18637 35339 108003
35339 18637 108003
13370 105140 107934
105140 13370 107934
107934 13370 105140
92266 32724 35225
35225 32724 92266
32724 35225 92266
125002 40598 68019
40598 68019 125002
68019 40598 125002
6224 67460 144912
67460 6224 144912
144912 6224 67460
50875 60935 118736
60935 50875 118736
118736 50875 60935
65899 14377 149256
149256 14377 65899
14377 65899 149256
20518 32036 128891
32036 20518 128891
128891 20518 32036
89745 62768 63780
62768 63780 89745
63780 62768 89745
148427 52341 122127
52341 122127 148427
122127 52341 148427
40016 89749 145958
89749 40016 145958
145958 40016 89749
112759 10887 51485
10887 51485 112759
51485 10887 112759
99135 41668 134467
41668 99135 134467
134467 41668 99135
109219 5359 90860
5359 90860 109219
90860 5359 109219
20685 65256 149599
65256 20685 149599
149599 20685 65256
54318 20626 47245
47245 20626 54318
20626 47245 54318
73934 65869 84210
84210 65869 73934
65869 73934 84210
16921 95498 116649
95498 16921 116649
116649 16921 95498
44031 6606 41244
41244 6606 44031
6606 41244 44031
117337 28350 137104
137104 28350 117337
28350 117337 137104
147584 42265 55856
42265 55856 147584
55856 42265 147584
24099 9391 58590
58590 9391 24099
9391 24099 58590
75517 36213 56030
36213 56030 75517
56030 36213 75517
18515 76130 143036
76130 18515 143036
143036 18515 76130
141504 92837 99846
92837 99846 141504
99846 92837 141504
62326 41733 92638
92638 41733 62326
41733 62326 92638
148870 228 134324
228 134324 148870
134324 228 148870
128796 97446 124053
97446 124053 128796
124053 97446 128796
15154 106768 127641
127641 15154 106768
106768 15154 127641
58508 85573 128098
85573 58508 128098
128098 58508 85573
50406 83330 124625
83330 50406 124625
124625 50406 83330
24510 8477 115110
8477 24510 115110
115110 8477 24510
100271 98186 113127
113127 98186 100271
98186 100271 113127
65427 70012 80805
80805 65427 70012
70012 65427 80805
2199 62673 84684
84684 2199 62673
62673 2199 84684
104071 51982 102081
102081 51982 104071
51982 102081 104071
64949 17303 133115
133115 17303 64949
17303 64949 133115
99214 2472 121404
2472 99214 121404
121404 2472 99214
77993 2257 147918
2257 77993 147918
147918 2257 77993
44490 69141 69879
69141 44490 69879
69879 44490 69141
116940 2215 144148
144148 2215 116940
2215 116940 144148
38809 65147 121079
65147 38809 121079
121079 38809 65147
45103 85455 127745
127745 45103 85455
85455 45103 127745
148846 10573 86456
86456 10573 148846
10573 86456 148846
41191 31863 99542
31863 41191 99542
99542 31863 41191
103110 78325 133431
78325 103110 133431
133431 78325 103110
120497 11131 67166
67166 11131 120497
11131 67166 120497
77034 71777 74704
74704 71777 77034
71777 74704 77034
87357 56251 73391
73391 56251 87357
56251 73391 87357
132144 33264 108242
108242 33264 132144
33264 108242 132144
35559 107469 149323
107469 35559 149323
149323 35559 107469
68199 51388 137221
51388 68199 137221
137221 51388 68199
89860 10789 44071
44071 10789 89860
10789 44071 89860
109638 54244 79716
54244 79716 109638
79716 54244 109638
96023 22727 51452
51452 22727 96023
22727 51452 96023
38194 26329 110353
110353 26329 38194
26329 38194 110353
50404 63490 78058
63490 50404 78058
78058 50404 63490
40800 139459 149575
149575 40800 139459
139459 40800 149575
134906 33763 101099
33763 101099 134906
101099 33763 134906
7794 35904 132636
35904 7794 132636
132636 7794 35904
107229 40954 55338
55338 40954 107229
40954 55338 107229
98140 19954 65131
65131 19954 98140
19954 65131 98140
148696 8401 17352
8401 17352 148696
17352 8401 148696
66071 23942 59066
59066 23942 66071
23942 59066 66071
114437 74690 97920
74690 97920 114437
97920 74690 114437
78242 70250 81561
81561 70250 78242
70250 78242 81561
16652 13911 47460
47460 13911 16652
13911 16652 47460
119683 18533 90958
90958 18533 119683
18533 90958 119683
13692 35043 66005
66005 13692 35043
35043 13692 66005
39739 100038 149147
149147 39739 100038
100038 39739 149147
111264 7545 86616
7545 86616 111264
86616 7545 111264
1033 22056 116422
22056 1033 116422
116422 1033 22056
129396 66129 142276
66129 129396 142276
142276 66129 129396
83219 97805 143094
143094 83219 97805
97805 83219 143094
83953 91523 147550
147550 83953 91523
91523 83953 147550
31476 17371 52425
17371 31476 52425
52425 17371 31476
58481 7010 37653
7010 37653 58481
37653 7010 58481
85039 7655 35749
7655 35749 85039
35749 7655 85039
62514 7107 119669
119669 7107 62514
7107 62514 119669
76109 66356 129971
129971 66356 76109
66356 76109 129971
12699 108253 131530
131530 12699 108253
108253 12699 131530
98397 11890 149644
11890 98397 149644
149644 11890 98397
94045 62638 73107
62638 73107 94045
73107 62638 94045
15657 92299 97567
97567 15657 92299
92299 15657 97567
3673 15403 44174
15403 3673 44174
44174 3673 15403
82322 32704 36974
32704 36974 82322
36974 32704 82322
136333 66604 67306
66604 67306 136333
67306 66604 136333
30584 25810 61512
25810 30584 61512
61512 25810 30584
11855 24562 61102
24562 11855 61102
61102 11855 24562
103966 62465 62675
62465 62675 103966
62675 62465 103966
123120 64431 110677
64431 110677 123120
110677 64431 123120
40230 25565 128620
25565 40230 128620
128620 25565 40230
56494 103625 128733
128733 56494 103625
103625 56494 128733
96002 84673 145239
84673 96002 145239
145239 84673 96002
14399 5956 136824
5956 14399 136824
136824 5956 14399
21638 98399 138247
138247 21638 98399
98399 21638 138247
49490 73527 120345
73527 49490 120345
120345 49490 73527
66519 51575 139076
51575 66519 139076
139076 51575 66519
37359 5774 138394
5774 37359 138394
138394 5774 37359
145039 30039 123325
123325 30039 145039
30039 123325 145039
138707 25207 117063
117063 25207 138707
25207 117063 138707
77502 135684 144173
144173 77502 135684
135684 77502 144173
127240 110761 117071
110761 117071 127240
117071 110761 127240
25374 88786 111224
111224 25374 88786
88786 25374 111224
94379 13038 49747
13038 49747 94379
49747 13038 94379
68451 51181 68834
68834 51181 68451
51181 68451 68834
74610 88661 125609
125609 74610 88661
88661 74610 125609
4423 36718 43963
43963 4423 36718
36718 4423 43963
66787 18464 27377
18464 27377 66787
27377 18464 66787
15580 66345 73902
66345 15580 73902
73902 15580 66345
37402 65022 139660
139660 37402 65022
65022 37402 139660
49814 37478 91419
37478 49814 91419
91419 37478 49814
149848 43065 105484
105484 43065 149848
43065 105484 149848
53040 95433 114884
95433 53040 114884
114884 53040 95433
37156 42063 76090
76090 37156 42063
42063 37156 76090
57609 81170 110367
81170 57609 110367
110367 57609 81170
50229 80836 110510
80836 50229 110510
110510 50229 80836
143266 73690 85469
73690 85469 143266
85469 73690 143266
37032 39817 75558
75558 37032 39817
39817 37032 75558
33341 14033 103767
103767 14033 33341
14033 33341 103767
48363 52365 65375
65375 48363 52365
52365 48363 65375
55310 36416 66275
66275 36416 55310
36416 55310 66275
105946 80369 148833
80369 105946 148833
148833 80369 105946
7687 62356 127224
127224 7687 62356
62356 7687 127224
18134 54910 57823
54910 18134 57823
57823 18134 54910
44665 98459 117931
98459 44665 117931
117931 44665 98459
99619 32400 59174
32400 59174 99619
59174 32400 99619
129723 41403 100774
41403 100774 129723
100774 41403 129723
112533 79063 142714
142714 79063 112533
79063 112533 142714
1987 24932 88915
24932 1987 88915
88915 1987 24932
8783 54472 142102
54472 8783 142102
142102 8783 54472
17138 114 55660
55660 114 17138
114 17138 55660
51954 56008 128860
56008 51954 128860
128860 51954 56008
127039 37641 69604
37641 69604 127039
69604 37641 127039
24778 37562 38411
38411 24778 37562
37562 24778 38411
33850 31543 149195
31543 33850 149195
149195 31543 33850
64630 17483 145051
145051 17483 64630
17483 64630 145051
107984 17190 146315
146315 17190 107984
17190 107984 146315
58982 72669 73573
72669 58982 73573
73573 58982 72669
139468 26859 111096
111096 26859 139468
26859 111096 139468
132103 1402 143754
1402 132103 143754
143754 1402 132103
60305 110180 117207
110180 60305 117207
117207 60305 110180
47505 310 66660
310 47505 66660
66660 310 47505
88605 31718 76526
31718 76526 88605
76526 31718 88605
76004 23273 59071
23273 59071 76004
59071 23273 76004
57804 9243 11058
11058 9243 57804
9243 11058 57804
86505 46719 49946
49946 46719 86505
46719 49946 86505
17994 63137 130496
63137 17994 130496
130496 17994 63137
18569 75813 105076
105076 18569 75813
75813 18569 105076
112371 58909 84141
84141 58909 112371
58909 84141 112371
149041 60227 112025
60227 112025 149041
112025 60227 149041
109901 88716 133867
88716 109901 133867
133867 88716 109901
48950 26349 149383
149383 26349 48950
26349 48950 149383
66286 60932 67056
60932 66286 67056
67056 60932 66286
33696 51195 116541
51195 33696 116541
116541 33696 51195
67888 34470 50112
34470 50112 67888
50112 34470 67888
136545 26215 125006
125006 26215 136545
26215 125006 136545
20657 16348 148191
148191 16348 20657
16348 20657 148191
14783 76546 119392
76546 14783 119392
119392 14783 76546
2295 55257 145500
145500 2295 55257
55257 2295 145500
105439 7929 50324
7929 50324 105439
50324 7929 105439
108327 45971 46028
46028 45971 108327
45971 46028 108327
44590 7480 17924
7480 17924 44590
17924 7480 44590
102173 74806 79679
79679 74806 102173
74806 79679 102173
55937 86482 89843
86482 55937 89843
89843 55937 86482
115272 37630 64670
64670 37630 115272
37630 64670 115272
81154 76628 80324
76628 80324 81154
80324 76628 81154
22591 83009 140295
83009 22591 140295
140295 22591 83009
60247 11441 104596
104596 11441 60247
11441 60247 104596
16927 3012 62210
62210 3012 16927
3012 16927 62210
120041 45894 119259
45894 119259 120041
119259 45894 120041
66889 84528 100627
100627 66889 84528
84528 66889 100627
79464 62010 121259
62010 79464 121259
121259 62010 79464
51193 26125 125225
26125 51193 125225
125225 26125 51193
37971 1862 74232
74232 1862 37971
1862 37971 74232
103932 52172 148195
52172 103932 148195
148195 52172 103932
141383 138808 147258
147258 138808 141383
138808 141383 147258
56864 91123 127449
127449 56864 91123
91123 56864 127449
78945 68399 68754
68399 68754 78945
68754 68399 78945
10815 111745 115650
111745 10815 115650
115650 10815 111745
29933 63329 77367
63329 29933 77367
77367 29933 63329
64476 41776 123552
41776 64476 123552
123552 41776 64476
24710 9831 125473
9831 24710 125473
125473 9831 24710
66254 100599 122467
122467 66254 100599
100599 66254 122467
49073 18992 124494
124494 18992 49073
18992 49073 124494
95629 101436 113448
101436 95629 113448
113448 95629 101436
27637 121198 148707
121198 27637 148707
148707 27637 121198
78821 92551 122612
122612 78821 92551
92551 78821 122612
137264 68552 70603
68552 70603 137264
70603 68552 137264
23008 45327 129986
129986 23008 45327
45327 23008 129986
13963 33206 128879
128879 13963 33206
33206 13963 128879
138606 47098 80817
47098 80817 138606
80817 47098 138606
136244 109418 124483
109418 124483 136244
124483 109418 136244
119536 16323 31473
16323 31473 119536
31473 16323 119536
90583 6298 135109
6298 90583 135109
135109 6298 90583
96623 86489 109438
109438 86489 96623
86489 96623 109438
81772 3689 135439
3689 81772 135439
135439 3689 81772
25692 97564 129794
97564 25692 129794
129794 25692 97564
129151 41769 127208
41769 127208 129151
127208 41769 129151
88520 92894 100858
92894 88520 100858
100858 88520 92894
27631 39323 77600
77600 27631 39323
39323 27631 77600
130028 61170 114229
114229 61170 130028
61170 114229 130028
127698 7615 66011
66011 7615 127698
7615 66011 127698
45850 86478 126764
86478 45850 126764
126764 45850 86478
115707 12748 94160
12748 94160 115707
94160 12748 115707
83414 54351 70501
70501 54351 83414
54351 70501 83414
74237 26820 146193
26820 74237 146193
146193 26820 74237
12887 56597 126076
126076 12887 56597
56597 12887 126076
14548 7773 103248
103248 7773 14548
7773 14548 103248
16403 58732 104294
104294 16403 58732
58732 16403 104294
93739 66367 122193
66367 93739 122193
122193 66367 93739
44489 7799 53614
7799 44489 53614
53614 7799 44489
882 83569 118317
118317 882 83569
83569 882 118317
5373 75626 101483
101483 5373 75626
75626 5373 101483
7597 2662 86324
86324 2662 7597
2662 7597 86324
80169 39688 60907
39688 60907 80169
60907 39688 80169
74778 93377 111411
111411 74778 93377
93377 74778 111411
148409 13482 53783
53783 13482 148409
13482 53783 148409
3867 20661 34369
34369 3867 20661
20661 3867 34369
135047 5475 6694
5475 6694 135047
6694 5475 135047
111268 10849 137263
10849 111268 137263
137263 10849 111268
65279 48067 86828
86828 48067 65279
48067 65279 86828
5011 14284 130832
14284 5011 130832
130832 5011 14284
147780 8341 74315
8341 74315 147780
74315 8341 147780
7421 120704 129642
120704 7421 129642
129642 7421 120704
23201 30601 118018
118018 23201 30601
30601 23201 118018
29902 40128 138121
138121 29902 40128
40128 29902 138121
69165 1901 24134
1901 24134 69165
24134 1901 69165
58048 9934 45954
9934 45954 58048
45954 9934 58048
103587 34857 84448
34857 84448 103587
84448 34857 103587
54972 27443 99182
99182 27443 54972
27443 54972 99182
149457 92568 116790
116790 92568 149457
92568 116790 149457
142607 63475 132366
132366 63475 142607
63475 132366 142607
7226 84888 89759
84888 7226 89759
89759 7226 84888
79719 97671 126412
97671 79719 126412
126412 79719 97671
102804 65277 99894
99894 65277 102804
65277 99894 102804
76431 52890 123272
123272 52890 76431
52890 76431 123272
95924 46527 129264
129264 46527 95924
46527 95924 129264
24140 19627 128544
128544 19627 24140
19627 24140 128544
53568 89329 99372
89329 53568 99372
99372 53568 89329
149996 10618 120120
10618 120120 149996
120120 10618 149996
21036 111766 121368
121368 21036 111766
111766 21036 121368
48070 24748 97082
24748 48070 97082
97082 24748 48070
89835 111728 147559
147559 89835 111728
111728 89835 147559
82066 64206 142076
64206 82066 142076
142076 64206 82066
90980 134112 141688
141688 90980 134112
134112 90980 141688
51672 29634 130864
29634 51672 130864
130864 29634 51672
115170 18848 82097
82097 18848 115170
18848 82097 115170
136931 30459 60579
30459 60579 136931
60579 30459 136931
93831 99201 145850
145850 93831 99201
99201 93831 145850
90867 19181 27738
19181 27738 90867
27738 19181 90867
145822 59502 104418
104418 59502 145822
59502 104418 145822
58240 43410 110667
43410 58240 110667
110667 43410 58240
85334 47306 68795
68795 47306 85334
47306 68795 85334
28673 405 113964
113964 405 28673
405 28673 113964
49503 141678 143420
143420 49503 141678
141678 49503 143420
6969 2147 30648
2147 6969 30648
30648 2147 6969
123357 49029 117442
117442 49029 123357
49029 117442 123357
83841 62850 143651
62850 83841 143651
143651 62850 83841
110 707 138641
138641 110 707
707 110 138641
44003 8201 136046
136046 8201 44003
8201 44003 136046
148366 25211 113566
113566 25211 148366
25211 113566 148366
36399 111712 121498
111712 36399 121498
121498 36399 111712
74500 110288 144028
110288 74500 144028
144028 74500 110288
68617 17721 115638
17721 68617 115638
115638 17721 68617
64133 13192 19483
13192 19483 64133
19483 13192 64133
143629 60792 101355
101355 60792 143629
60792 101355 143629
65658 43218 101836
101836 43218 65658
43218 65658 101836
123039 77308 128846
128846 77308 123039
77308 123039 128846
146303 60308 126232
126232 60308 146303
60308 126232 146303
9816 61480 69206
61480 9816 69206
69206 9816 61480
136095 13042 27902
13042 27902 136095
27902 13042 136095
403 107856 120425
107856 403 120425
120425 403 107856
71839 9621 130083
130083 9621 71839
9621 71839 130083
53126 105614 128363
105614 53126 128363
128363 53126 105614
7883 16295 49451
49451 7883 16295
16295 7883 49451
130436 33208 50543
50543 33208 130436
33208 50543 130436
119212 15381 62245
15381 62245 119212
62245 15381 119212
58775 10129 46929
10129 46929 58775
46929 10129 58775
4525 86150 105775
105775 4525 86150
86150 4525 105775
55297 56197 128176
128176 55297 56197
56197 55297 128176
28169 51488 146653
146653 28169 51488
51488 28169 146653
68960 93211 148051
148051 68960 93211
93211 68960 148051
131145 771 1815
1815 771 131145
771 1815 131145
29818 91922 148124
148124 29818 91922
91922 29818 148124
129312 13941 105052
13941 105052 129312
105052 13941 129312
34689 20658 112644
20658 34689 112644
112644 20658 34689
113996 88536 112882
88536 112882 113996
112882 88536 113996
39408 10223 53160
10223 39408 53160
53160 10223 39408
58966 12274 23172
12274 23172 58966
23172 12274 58966
43684 19495 27262
27262 19495 43684
19495 27262 43684
14248 118701 147876
147876 14248 118701
118701 14248 147876
42221 33574 58759
33574 42221 58759
58759 33574 42221
106479 851 149637
149637 851 106479
851 106479 149637
143095 114449 134853
114449 134853 143095
134853 114449 143095
23256 88869 104264
104264 23256 88869
88869 23256 104264
117511 94137 143057
94137 117511 143057
143057 94137 117511
52475 4143 10858
10858 4143 52475
4143 10858 52475
60134 73847 79606
79606 60134 73847
73847 60134 79606
70260 28710 120469
28710 70260 120469
120469 28710 70260
57943 48907 89889
48907 57943 89889
89889 48907 57943
63901 11875 43036
43036 11875 63901
11875 43036 63901
84464 18675 84024
84024 18675 84464
18675 84024 84464
48289 82190 96364
96364 48289 82190
82190 48289 96364
144001 2982 91300
2982 91300 144001
91300 2982 144001
118897 4331 83236
4331 83236 118897
83236 4331 118897
26555 64714 111852
64714 26555 111852
111852 26555 64714
49242 105406 143547
105406 49242 143547
143547 49242 105406
110407 129463 136710
129463 110407 136710
136710 110407 129463
35792 98496 145266
98496 35792 145266
145266 35792 98496
41847 27007 146702
27007 41847 146702
146702 27007 41847
19945 2806 46790
2806 19945 46790
46790 2806 19945
50999 120459 141312
120459 50999 141312
141312 50999 120459
29470 45601 48211
45601 29470 48211
48211 29470 45601
76419 72168 112203
112203 72168 76419
72168 76419 112203
105810 51991 79802
79802 51991 105810
51991 79802 105810
110545 61926 80538
61926 80538 110545
80538 61926 110545
111776 55592 86289
86289 55592 111776
55592 86289 111776
37133 61732 98648
61732 37133 98648
98648 37133 61732
38371 125721 139586
125721 38371 139586
139586 38371 125721
114827 90923 146371
90923 114827 146371
146371 90923 114827
122176 45146 56260
45146 56260 122176
56260 45146 122176
16096 6473 56602
6473 16096 56602
56602 6473 16096
66527 14170 144137
14170 66527 144137
144137 14170 66527
106616 9471 92554
92554 9471 106616
9471 92554 106616
36717 58705 139737
139737 36717 58705
58705 36717 139737
9762 66829 80154
80154 9762 66829
66829 9762 80154
35814 44076 92575
44076 35814 92575
92575 35814 44076
109478 37283 55649
37283 55649 109478
55649 37283 109478
61833 46019 72768
72768 46019 61833
46019 61833 72768
135556 26440 98041
98041 26440 135556
26440 98041 135556
39437 84027 132051
132051 39437 84027
84027 39437 132051
78639 49822 83283
83283 49822 78639
49822 78639 83283
141852 1547 32442
32442 1547 141852
1547 32442 141852
6628 61489 84917
84917 6628 61489
61489 6628 84917
46250 87544 107512
107512 46250 87544
87544 46250 107512
145892 94235 119824
119824 94235 145892
94235 119824 145892
134788 26841 101149
101149 26841 134788
26841 101149 134788
29985 10391 25577
25577 10391 29985
10391 25577 29985
53389 32299 119012
119012 32299 53389
32299 53389 119012
40737 109606 141427
109606 40737 141427
141427 40737 109606
49711 11873 80214
11873 49711 80214
80214 11873 49711
138132 116592 125228
116592 125228 138132
125228 116592 138132
127578 16696 119482
119482 16696 127578
16696 119482 127578
9963 94543 128327
128327 9963 94543
94543 9963 128327
38869 14288 31478
14288 31478 38869
31478 14288 38869
84765 39309 124684
39309 84765 124684
124684 39309 84765
88326 106184 112410
112410 88326 106184
106184 88326 112410
84529 62535 82975
82975 62535 84529
62535 82975 84529
113638 93073 112952
112952 93073 113638
93073 112952 113638
125442 547 24013
24013 547 125442
547 24013 125442
133525 97724 130780
130780 97724 133525
97724 130780 133525
137695 71851 144688
71851 137695 144688
144688 71851 137695
142395 13883 59265
59265 13883 142395
13883 59265 142395
134994 43281 79198
79198 43281 134994
43281 79198 134994
45178 79882 133565
79882 45178 133565
133565 45178 79882
124932 47286 99149
47286 99149 124932
99149 47286 124932
111085 4745 20206
4745 20206 111085
20206 4745 111085
62052 28260 41826
41826 28260 62052
28260 41826 62052
93582 42626 49122
49122 42626 93582
42626 49122 93582
89399 25132 90037
90037 25132 89399
25132 89399 90037
54629 16166 116914
16166 54629 116914
116914 16166 54629
122358 82312 104591
82312 104591 122358
104591 82312 122358
109924 57307 142882
142882 57307 109924
57307 109924 142882
149073 77400 112353
112353 77400 149073
77400 112353 149073
2330 34379 92155
92155 2330 34379
34379 2330 92155
76443 50047 100083
50047 76443 100083
100083 50047 76443
133580 36520 52737
52737 36520 133580
36520 52737 133580
117015 19547 99681
99681 19547 117015
19547 99681 117015
38394 24631 97978
24631 38394 97978
97978 24631 38394
61448 113226 123942
113226 61448 123942
123942 61448 113226
113927 114467 135001
135001 113927 114467
114467 113927 135001
47577 60100 97095
97095 47577 60100
60100 47577 97095
59295 40352 52224
40352 52224 59295
52224 40352 59295
143297 131069 131959
131069 131959 143297
131959 131069 143297
67504 10664 132895
132895 10664 67504
10664 67504 132895
95102 19496 47863
19496 47863 95102
47863 19496 95102
52943 9233 134194
9233 52943 134194
134194 9233 52943
146795 121768 140465
121768 140465 146795
140465 121768 146795
145370 30178 44543
44543 30178 145370
30178 44543 145370
9913 65472 134671
134671 9913 65472
65472 9913 134671
36664 82359 82656
82359 36664 82656
82656 36664 82359
63991 62643 73638
62643 63991 73638
73638 62643 63991
848 118235 126571
118235 848 126571
126571 848 118235
142799 19529 35628
19529 35628 142799
35628 19529 142799
102513 85686 92541
85686 92541 102513
92541 85686 102513
85264 33482 147507
33482 85264 147507
147507 33482 85264
96906 22791 34696
22791 34696 96906
34696 22791 96906
45321 49099 124083
124083 45321 49099
49099 45321 124083
52573 97481 134212
97481 52573 134212
134212 52573 97481
49167 64748 119305
119305 49167 64748
64748 49167 119305
116847 124187 124892
124187 116847 124892
124892 116847 124187
39864 32449 137322
137322 32449 39864
32449 39864 137322
131937 5450 121932
5450 121932 131937
121932 5450 131937
145914 1116 8137
1116 8137 145914
8137 1116 145914
111138 120169 130488
130488 111138 120169
120169 111138 130488
5895 5535 17525
17525 5535 5895
5535 5895 17525
125171 92777 130421
92777 125171 130421
130421 92777 125171
10603 80858 118613
80858 10603 118613
118613 10603 80858
143396 7541 137421
137421 7541 143396
7541 137421 143396
132514 115927 123919
115927 123919 132514
123919 115927 132514
133738 89433 100657
100657 89433 133738
89433 100657 133738
52803 68156 120145
120145 52803 68156
68156 52803 120145
112982 31594 57205
57205 31594 112982
31594 57205 112982
78772 90832 127855
127855 78772 90832
90832 78772 127855
4593 22587 131726
131726 4593 22587
22587 4593 131726
96685 12924 118159
118159 12924 96685
12924 96685 118159
20242 29200 145717
29200 20242 145717
145717 20242 29200
28577 53502 144063
144063 28577 53502
53502 28577 144063
146301 39284 49214
39284 49214 146301
49214 39284 146301
116730 113815 132232
132232 113815 116730
113815 116730 132232
109070 8058 132448
132448 8058 109070
8058 109070 132448
72510 14594 123480
14594 72510 123480
123480 14594 72510
72616 7311 7465
7311 7465 72616
7465 7311 72616
79821 55075 103523
55075 79821 103523
103523 55075 79821
44598 15439 22367
15439 22367 44598
22367 15439 44598
106499 14737 17434
17434 14737 106499
14737 17434 106499
146618 11952 81786
81786 11952 146618
11952 81786 146618
93488 94053 149533
149533 93488 94053
94053 93488 149533
84120 6399 14307
6399 14307 84120
14307 6399 84120
98920 85714 88766
85714 88766 98920
88766 85714 98920
19281 40969 138034
138034 19281 40969
40969 19281 138034
89510 21281 74982
21281 74982 89510
74982 21281 89510
34463 57598 108083
108083 34463 57598
57598 34463 108083
106152 62985 121071
121071 62985 106152
62985 106152 121071
130499 65597 101505
65597 101505 130499
101505 65597 130499
23154 68853 105087
68853 23154 105087
105087 23154 68853
111005 124949 138632
124949 111005 138632
138632 111005 124949
15799 71382 88054
71382 15799 88054
88054 15799 71382
130623 14313 115455
14313 115455 130623
115455 14313 130623
62050 112965 129000
129000 62050 112965
112965 62050 129000
98611 62371 70070
62371 70070 98611
70070 62371 98611
110833 107561 147213
107561 110833 147213
147213 107561 110833
86378 29909 58777
58777 29909 86378
29909 58777 86378
130011 64639 83180
83180 64639 130011
64639 83180 130011
92934 12504 67683
67683 12504 92934
12504 67683 92934
45262 15215 44012
15215 44012 45262
44012 15215 45262
132883 79396 115309
79396 115309 132883
115309 79396 132883
36344 38207 94449
94449 36344 38207
38207 36344 94449
92649 74435 110536
74435 92649 110536
110536 74435 92649
92909 100500 135943
100500 92909 135943
135943 92909 100500
80341 91756 142145
142145 80341 91756
91756 80341 142145
122918 108396 133367
133367 108396 122918
108396 122918 133367
17276 44966 94125
94125 17276 44966
44966 17276 94125
92520 45224 57860
45224 57860 92520
57860 45224 92520
82615 127722 145468
145468 82615 127722
127722 82615 145468
43873 7854 64350
7854 43873 64350
64350 7854 43873
63708 25968 131128
25968 63708 131128
131128 25968 63708
72932 5627 136964
5627 72932 136964
136964 5627 72932
20092 26603 79722
79722 20092 26603
26603 20092 79722
19284 18489 78118
78118 18489 19284
18489 19284 78118
112665 39672 81271
39672 81271 112665
81271 39672 112665
39716 16189 101222
101222 16189 39716
16189 39716 101222
85028 2263 140556
140556 2263 85028
2263 85028 140556
64057 59844 148758
59844 64057 148758
148758 59844 64057
46072 3349 88212
3349 46072 88212
88212 3349 46072
138549 63936 124131
63936 124131 138549
124131 63936 138549
86899 102630 103106
102630 86899 103106
103106 86899 102630
141915 46469 101079
46469 101079 141915
101079 46469 141915
88546 45849 122155
45849 88546 122155
122155 45849 88546
94191 44241 144610
44241 94191 144610
144610 44241 94191
143419 5229 106882
106882 5229 143419
5229 106882 143419
125418 40289 77865
77865 40289 125418
40289 77865 125418
39945 53477 70626
53477 39945 70626
70626 39945 53477
5562 28253 147467
147467 5562 28253
28253 5562 147467
74404 27636 110285
27636 74404 110285
110285 27636 74404
100992 35948 68261
68261 35948 100992
35948 68261 100992
4427 31005 128369
31005 4427 128369
128369 4427 31005
35523 32648 85684
32648 35523 85684
85684 32648 35523
46922 89225 142138
142138 46922 89225
89225 46922 142138
6290 132415 145091
145091 6290 132415
132415 6290 145091
20597 62392 107163
107163 20597 62392
62392 20597 107163
47852 15943 129449
15943 47852 129449
129449 15943 47852
111695 92908 123936
123936 92908 111695
92908 111695 123936
89682 90111 145192
90111 89682 145192
145192 89682 90111
109057 87812 99384
87812 99384 109057
99384 87812 109057
51305 15324 32285
32285 15324 51305
15324 32285 51305
103613 35341 53884
35341 53884 103613
53884 35341 103613
105375 23994 104978
23994 104978 105375
104978 23994 105375
126767 67079 93936
67079 93936 126767
93936 67079 126767
4818 1398 20287
1398 4818 20287
20287 1398 4818
149351 8067 104900
104900 8067 149351
8067 104900 149351
123736 12824 104297
12824 104297 123736
104297 12824 123736
1499 40467 73027
40467 1499 73027
73027 1499 40467
70638 55003 141773
55003 70638 141773
141773 55003 70638
88472 5015 140818
5015 88472 140818
140818 5015 88472
100505 6824 18727
18727 6824 100505
6824 18727 100505
39884 82059 134143
134143 39884 82059
82059 39884 134143
139250 66191 71531
71531 66191 139250
66191 71531 139250
11703 7721 146101
7721 11703 146101
146101 7721 11703
5100 101410 109721
101410 5100 109721
109721 5100 101410
38328 33943 107057
107057 33943 38328
33943 38328 107057
135793 80186 134290
80186 134290 135793
134290 80186 135793
41518 33014 110927
33014 41518 110927
110927 33014 41518
41694 70523 109833
70523 41694 109833
109833 41694 70523
10208 90346 94109
90346 10208 94109
94109 10208 90346
142558 34877 38000
38000 34877 142558
34877 38000 142558
81584 7681 86369
7681 81584 86369
86369 7681 81584
80029 53932 119695
119695 53932 80029
53932 80029 119695
92769 2551 119889
2551 92769 119889
119889 2551 92769
95597 42956 128482
128482 42956 95597
42956 95597 128482
72437 88942 120531
88942 72437 120531
120531 72437 88942
57389 12603 93470
12603 57389 93470
93470 12603 57389
128691 18379 75227
18379 75227 128691
75227 18379 128691
21716 341 138127
341 21716 138127
138127 341 21716
96286 5824 11548
11548 5824 96286
5824 11548 96286
46508 35769 118920
118920 35769 46508
35769 46508 118920
15705 11743 15967
15967 11743 15705
11743 15705 15967
140399 24565 35985
35985 24565 140399
24565 35985 140399
56458 13432 77469
13432 56458 77469
77469 13432 56458
35363 22688 94750
22688 35363 94750
94750 22688 35363
4077 88158 104507
104507 4077 88158
88158 4077 104507
136440 47368 117363
117363 47368 136440
47368 117363 136440
94237 3674 36315
3674 36315 94237
36315 3674 94237
96589 29423 30182
29423 30182 96589
30182 29423 96589
88311 12292 19083
12292 19083 88311
19083 12292 88311
87537 18921 68327
68327 18921 87537
18921 68327 87537
146434 63476 106231
63476 106231 146434
106231 63476 146434
55123 17377 136952
17377 55123 136952
136952 17377 55123
69721 22124 130448
130448 22124 69721
22124 69721 130448
83652 21703 55785
55785 21703 83652
21703 55785 83652
71198 71364 81226
71364 71198 81226
81226 71198 71364
41674 53069 142015
142015 41674 53069
53069 41674 142015
60530 52036 138970
138970 52036 60530
52036 60530 138970
135920 62767 143683
143683 62767 135920
62767 135920 143683
39221 33976 143812
143812 33976 39221
33976 39221 143812
12835 27415 82906
27415 12835 82906
82906 12835 27415
17055 76102 106827
106827 17055 76102
76102 17055 106827
88049 30688 59935
59935 30688 88049
30688 59935 88049
12511 49084 64264
64264 12511 49084
49084 12511 64264
93619 858 28208
858 28208 93619
28208 858 93619
82603 42543 59111
59111 42543 82603
42543 59111 82603
57769 100200 141043
141043 57769 100200
100200 57769 141043
73473 118504 141805
118504 73473 141805
141805 73473 118504
75586 46093 101638
46093 75586 101638
101638 46093 75586
143333 42153 77820
42153 77820 143333
77820 42153 143333
83229 48183 108916
48183 83229 108916
108916 48183 83229
79138 1320 37062
1320 37062 79138
37062 1320 79138
75804 65557 130362
130362 65557 75804
65557 75804 130362
57593 12028 125032
12028 57593 125032
125032 12028 57593
90065 68831 113730
113730 68831 90065
68831 90065 113730
63600 105364 117967
117967 63600 105364
105364 63600 117967
10937 55926 126870
55926 10937 126870
126870 10937 55926
102761 69631 74161
69631 74161 102761
74161 69631 102761
130558 101322 147205
147205 101322 130558
101322 130558 147205
29618 97761 148819
97761 29618 148819
148819 29618 97761
44600 4387 66260
66260 4387 44600
4387 44600 66260
47997 7446 14234
14234 7446 47997
7446 14234 47997
90791 907 76265
907 76265 90791
76265 907 90791
66272 36332 50888
50888 36332 66272
36332 50888 66272
95282 25513 138193
25513 95282 138193
138193 25513 95282
142097 28332 37277
37277 28332 142097
28332 37277 142097
101304 78131 138874
78131 101304 138874
138874 78131 101304
53124 83801 141527
83801 53124 141527
141527 53124 83801
15647 17155 118699
118699 15647 17155
17155 15647 118699
36610 86995 131742
131742 36610 86995
86995 36610 131742
117602 18728 140418
18728 117602 140418
140418 18728 117602
22195 6666 116411
6666 22195 116411
116411 6666 22195
94627 45441 140222
45441 94627 140222
140222 45441 94627
14641 11619 67399
