1286 2786 14149
14149 1286 2786
2786 1286 14149
9871 3650 4569
3650 4569 9871
4569 3650 9871
13765 3739 3963
3963 3739 13765
3739 3963 13765
10526 10295 14201
14201 10295 10526
10295 10526 14201
12900 9167 14082
9167 12900 14082
14082 9167 12900
584 7559 8739
7559 584 8739
8739 584 7559
6224 2483 9866
9866 2483 6224
2483 6224 9866
12803 4289 10046
4289 10046 12803
10046 4289 12803
12174 2777 6026
6026 2777 12174
2777 6026 12174
9042 890 3509
890 3509 9042
3509 890 9042
849 7888 14617
7888 849 14617
14617 849 7888
8532 4987 14548
14548 4987 8532
4987 8532 14548
2865 4115 6068
4115 2865 6068
6068 2865 4115
895 3463 5652
3463 895 5652
5652 895 3463
6046 3551 9887
9887 3551 6046
3551 6046 9887
4345 979 5811
979 4345 5811
5811 979 4345
14104 3469 8772
8772 3469 14104
3469 8772 14104
4229 3117 6539
6539 3117 4229
3117 4229 6539
4151 2234 7612
2234 4151 7612
7612 2234 4151
14584 1380 8415
1380 8415 14584
8415 1380 14584
14743 7077 14452
14452 7077 14743
7077 14452 14743
14107 2508 14211
14211 2508 14107
2508 14107 14211
6749 2359 2925
2359 2925 6749
2925 2359 6749
1015 12014 13148
13148 1015 12014
12014 1015 13148
2158 2134 2773
2773 2134 2158
2134 2158 2773
158 2577 3956
3956 158 2577
2577 158 3956
14219 3130 11917
3130 11917 14219
11917 3130 14219
6628 5677 11606
11606 5677 6628
5677 6628 11606
12902 10647 14434
14434 10647 12902
10647 12902 14434
11169 6591 8370
8370 6591 11169
6591 8370 11169
6920 4292 5493
5493 4292 6920
4292 5493 6920
10128 3501 7261
7261 3501 10128
3501 7261 10128
12915 4350 8044
8044 4350 12915
4350 8044 12915
670 6603 14883
14883 670 6603
6603 670 14883
11016 11090 12953
12953 11016 11090
11090 11016 12953
1809 6409 14695
14695 1809 6409
6409 1809 14695
3896 8716 12715
12715 3896 8716
8716 3896 12715
5070 686 13791
13791 686 5070
686 5070 13791
5844 5705 11875
5705 5844 11875
11875 5705 5844
8315 1435 12299
1435 8315 12299
12299 1435 8315
7727 4455 8294
4455 7727 8294
8294 4455 7727
7162 111 2799
2799 111 7162
111 2799 7162
5541 12302 13819
12302 5541 13819
13819 5541 12302
988 301 4524
4524 301 988
301 988 4524
8674 2271 13381
2271 8674 13381
13381 2271 8674
811 3780 11769
11769 811 3780
3780 811 11769
8610 3988 14871
14871 3988 8610
3988 8610 14871
4541 4055 13137
4055 4541 13137
13137 4055 4541
6320 3147 5906
5906 3147 6320
3147 5906 6320
7372 6577 10683
10683 6577 7372
6577 7372 10683
8989 10139 10905
10905 8989 10139
10139 8989 10905
10881 580 12124
580 10881 12124
12124 580 10881
10705 2189 5050
2189 5050 10705
5050 2189 10705
4341 1918 12627
12627 1918 4341
1918 4341 12627
786 847 14125
847 786 14125
14125 786 847
873 4703 14074
14074 873 4703
4703 873 14074
3868 12158 13261
12158 3868 13261
13261 3868 12158
6788 5242 7388
7388 5242 6788
5242 6788 7388
9058 7812 10643
7812 9058 10643
10643 7812 9058
9062 6910 7045
6910 7045 9062
7045 6910 9062
5284 1135 9895
9895 1135 5284
1135 5284 9895
8448 14242 14668
14668 8448 14242
14242 8448 14668
6865 10114 10913
10913 6865 10114
10114 6865 10913
3457 767 12474
12474 767 3457
767 3457 12474
7749 13151 14558
14558 7749 13151
13151 7749 14558
4956 9775 13610
9775 4956 13610
13610 4956 9775
3386 1365 9733
9733 1365 3386
1365 3386 9733
10632 1920 4951
4951 1920 10632
1920 4951 10632
1819 6675 10501
6675 1819 10501
10501 1819 6675
3027 200 4560
4560 200 3027
200 3027 4560
13113 623 7716
623 7716 13113
7716 623 13113
6114 10239 12252
10239 6114 12252
12252 6114 10239
3255 443 13971
13971 443 3255
443 3255 13971
12207 1534 14777
14777 1534 12207
1534 12207 14777
7271 4845 9011
9011 4845 7271
4845 7271 9011
3802 4449 4927
4449 3802 4927
4927 3802 4449
13861 2942 14283
14283 2942 13861
2942 13861 14283
3700 4270 13447
4270 3700 13447
13447 3700 4270
13126 3219 10567
3219 10567 13126
10567 3219 13126
3025 952 2987
2987 952 3025
952 2987 3025
9890 2862 5212
5212 2862 9890
2862 5212 9890
3775 835 11824
835 3775 11824
11824 835 3775
11560 749 5341
5341 749 11560
749 5341 11560
4903 2630 3316
2630 3316 4903
3316 2630 4903
3962 3923 7567
7567 3923 3962
3923 3962 7567
14288 2617 8963
2617 8963 14288
8963 2617 14288
14054 11396 13672
11396 13672 14054
13672 11396 14054
2839 3843 13942
3843 2839 13942
13942 2839 3843
10177 1961 12083
12083 1961 10177
1961 10177 12083
11174 12431 14855
12431 11174 14855
14855 11174 12431
11614 316 11150
316 11150 11614
11150 316 11614
504 2090 9921
9921 504 2090
2090 504 9921
3588 10855 12823
12823 3588 10855
10855 3588 12823
8959 862 11061
11061 862 8959
862 8959 11061
2146 3773 4028
4028 2146 3773
3773 2146 4028
1602 4426 7674
7674 1602 4426
4426 1602 7674
1037 6985 12645
12645 1037 6985
6985 1037 12645
9620 5474 12786
5474 9620 12786
12786 5474 9620
4412 11475 13785
11475 4412 13785
13785 4412 11475
11582 6041 11583
11583 6041 11582
6041 11582 11583
5258 2157 10793
10793 2157 5258
2157 5258 10793
3178 1949 7337
7337 1949 3178
1949 3178 7337
9610 3340 14212
14212 3340 9610
3340 9610 14212
4825 8565 12269
8565 4825 12269
12269 4825 8565
13985 14581 14956
14956 13985 14581
14581 13985 14956
14014 10490 11981
11981 10490 14014
10490 11981 14014
7072 1836 9414
9414 1836 7072
1836 7072 9414
13761 6295 11842
6295 11842 13761
11842 6295 13761
5970 5527 11402
5527 5970 11402
11402 5527 5970
11692 2252 12519
2252 11692 12519
12519 2252 11692
8867 5164 9603
5164 8867 9603
9603 5164 8867
12217 5659 7282
7282 5659 12217
5659 7282 12217
9519 3355 8617
8617 3355 9519
3355 8617 9519
5900 9064 14513
9064 5900 14513
14513 5900 9064
11216 2960 14805
14805 2960 11216
2960 11216 14805
7627 7838 14359
7838 7627 14359
14359 7627 7838
6292 3535 5041
3535 5041 6292
5041 3535 6292
7808 3957 6820
6820 3957 7808
3957 6820 7808
3464 3072 3569
3569 3072 3464
3072 3464 3569
13768 5150 14786
5150 13768 14786
14786 5150 13768
6000 831 13721
831 6000 13721
13721 831 6000
13329 558 1351
558 1351 13329
1351 558 13329
878 6940 8444
8444 878 6940
6940 878 8444
7257 8665 9616
8665 7257 9616
9616 7257 8665
10617 2852 3761
3761 2852 10617
2852 3761 10617
4003 1005 5755
1005 4003 5755
5755 1005 4003
1120 5290 11427
5290 1120 11427
11427 1120 5290
11257 7907 8992
8992 7907 11257
7907 8992 11257
12319 1976 3595
1976 3595 12319
3595 1976 12319
8328 1025 6080
1025 6080 8328
6080 1025 8328
10330 6830 14739
14739 6830 10330
6830 10330 14739
8382 3084 3559
3559 3084 8382
3084 3559 8382
11920 5521 9147
5521 9147 11920
9147 5521 11920
6633 94 8541
8541 94 6633
94 6633 8541
9581 6871 9336
6871 9336 9581
9336 6871 9581
14432 1279 3475
1279 3475 14432
3475 1279 14432
6362 2492 9470
2492 6362 9470
9470 2492 6362
1782 1616 11391
1616 1782 11391
11391 1616 1782
2260 419 8633
419 2260 8633
8633 419 2260
1415 5300 5309
5309 1415 5300
5300 1415 5309
554 8502 9926
8502 554 9926
9926 554 8502
14354 13424 14962
13424 14354 14962
14962 13424 14354
10137 3992 13736
13736 3992 10137
3992 10137 13736
11430 1221 7481
7481 1221 11430
1221 7481 11430
1777 5111 13427
5111 1777 13427
13427 1777 5111
7295 6154 11738
6154 7295 11738
11738 6154 7295
9162 1000 12290
12290 1000 9162
1000 9162 12290
13936 3544 13512
13512 3544 13936
3544 13512 13936
7638 6949 11864
6949 7638 11864
11864 6949 7638
1070 3484 8048
3484 1070 8048
8048 1070 3484
3797 5483 11255
11255 3797 5483
5483 3797 11255
9057 8267 9776
9776 8267 9057
8267 9057 9776
9869 6418 10821
6418 9869 10821
10821 6418 9869
4538 7456 13680
7456 4538 13680
13680 4538 7456
7841 855 13226
855 7841 13226
13226 855 7841
9281 4041 8170
8170 4041 9281
4041 8170 9281
11125 7374 12661
12661 7374 11125
7374 11125 12661
480 5930 10384
10384 480 5930
5930 480 10384
14534 2015 10981
2015 10981 14534
10981 2015 14534
14156 7555 13443
7555 13443 14156
13443 7555 14156
1374 5228 8515
8515 1374 5228
5228 1374 8515
3131 9572 13031
9572 3131 13031
13031 3131 9572
3497 5540 10858
5540 3497 10858
10858 3497 5540
14159 2075 13806
2075 13806 14159
13806 2075 14159
12322 1914 12144
12144 1914 12322
1914 12144 12322
2539 6930 14545
14545 2539 6930
6930 2539 14545
2193 1458 7871
7871 1458 2193
1458 2193 7871
1828 2498 8613
2498 1828 8613
8613 1828 2498
4077 9007 10059
9007 4077 10059
10059 4077 9007
7292 1729 7368
1729 7292 7368
7368 1729 7292
2155 8463 9865
8463 2155 9865
9865 2155 8463
13478 30 8797
8797 30 13478
30 8797 13478
2873 13983 14239
13983 2873 14239
14239 2873 13983
5566 1411 9494
9494 1411 5566
1411 5566 9494
10618 1905 10450
10450 1905 10618
1905 10450 10618
14414 2603 14748
2603 14414 14748
14748 2603 14414
13044 1446 4263
4263 1446 13044
1446 4263 13044
9401 1953 8790
8790 1953 9401
1953 8790 9401
10372 1770 8680
8680 1770 10372
1770 8680 10372
13741 2797 5338
5338 2797 13741
2797 5338 13741
13978 11601 14487
11601 13978 14487
14487 11601 13978
2884 2731 12063
2731 2884 12063
12063 2731 2884
11883 11569 13165
13165 11569 11883
11569 11883 13165
6348 1516 9838
1516 6348 9838
9838 1516 6348
11756 5068 6929
6929 5068 11756
5068 6929 11756
12262 5170 5323
5170 5323 12262
5323 5170 12262
11028 5904 7209
5904 7209 11028
7209 5904 11028
1613 11802 14003
11802 1613 14003
14003 1613 11802
6076 4620 6060
4620 6060 6076
6060 4620 6076
974 2774 6149
2774 974 6149
6149 974 2774
6644 1725 8233
8233 1725 6644
1725 6644 8233
9803 4171 9294
9294 4171 9803
4171 9294 9803
5623 8494 14268
14268 5623 8494
8494 5623 14268
12895 6382 9525
9525 6382 12895
6382 9525 12895
14659 3685 5658
3685 5658 14659
5658 3685 14659
218 5551 13016
5551 218 13016
13016 218 5551
1 3960 9097
3960 1 9097
9097 1 3960
236 3884 13850
3884 236 13850
13850 236 3884
14826 563 5498
5498 563 14826
563 5498 14826
9618 5624 13292
13292 5624 9618
5624 9618 13292
13437 1820 4244
1820 4244 13437
4244 1820 13437
4665 8904 9293
9293 4665 8904
8904 4665 9293
9372 4988 9814
9814 4988 9372
4988 9372 9814
225 13410 14520
13410 225 14520
14520 225 13410
271 137 10960
137 271 10960
10960 137 271
14976 304 2565
2565 304 14976
304 2565 14976
10080 7753 9100
9100 7753 10080
7753 9100 10080
3610 8244 11578
8244 3610 11578
11578 3610 8244
9484 8813 9909
9909 8813 9484
8813 9484 9909
5269 6069 7571
6069 5269 7571
7571 5269 6069
4909 1488 4798
4798 1488 4909
1488 4798 4909
8560 2623 5855
5855 2623 8560
2623 5855 8560
4508 6430 6814
6430 4508 6814
6814 4508 6430
325 8947 14574
8947 325 14574
14574 325 8947
2612 1991 7058
1991 2612 7058
7058 1991 2612
7347 6249 6335
6335 6249 7347
6249 6335 7347
11793 6771 7269
7269 6771 11793
6771 7269 11793
5303 5840 13905
13905 5303 5840
5840 5303 13905
1870 5405 5972
5972 1870 5405
5405 1870 5972
4135 2377 12450
2377 4135 12450
12450 2377 4135
2315 5866 9175
5866 2315 9175
9175 2315 5866
9566 4221 5733
4221 5733 9566
5733 4221 9566
9530 8742 12731
8742 9530 12731
12731 8742 9530
6794 1853 2596
1853 2596 6794
2596 1853 6794
11903 10863 14932
14932 10863 11903
10863 11903 14932
2706 671 10390
671 2706 10390
10390 671 2706
10134 416 4266
4266 416 10134
416 4266 10134
1511 5915 12898
12898 1511 5915
5915 1511 12898
856 2032 13929
2032 856 13929
13929 856 2032
10996 4386 11388
4386 10996 11388
11388 4386 10996
12653 3866 14306
3866 12653 14306
14306 3866 12653
1845 1359 9939
9939 1359 1845
1359 1845 9939
8584 10148 13209
10148 8584 13209
13209 8584 10148
8184 12607 12609
12607 8184 12609
12609 8184 12607
14246 8624 12501
12501 8624 14246
8624 12501 14246
8250 12947 14206
12947 8250 14206
14206 8250 12947
3706 10353 12919
10353 3706 12919
12919 3706 10353
4450 9856 10105
9856 4450 10105
10105 4450 9856
9760 11038 12034
12034 9760 11038
11038 9760 12034
7997 2163 6983
2163 6983 7997
6983 2163 7997
4836 10003 10261
10003 4836 10261
10261 4836 10003
4132 2652 2940
2940 2652 4132
2652 2940 4132
5345 2850 5490
2850 5345 5490
5490 2850 5345
13114 6619 12532
6619 12532 13114
12532 6619 13114
9046 571 14208
14208 571 9046
571 9046 14208
11149 13656 14915
14915 11149 13656
13656 11149 14915
11277 1541 10778
1541 10778 11277
10778 1541 11277
8863 4826 11414
4826 8863 11414
11414 4826 8863
6664 8387 10387
10387 6664 8387
8387 6664 10387
6876 7236 11275
7236 6876 11275
11275 6876 7236
8950 3288 14686
14686 3288 8950
3288 8950 14686
7170 2746 5177
5177 2746 7170
2746 5177 7170
1238 2029 12129
2029 1238 12129
12129 1238 2029
8587 2198 5116
2198 5116 8587
5116 2198 8587
11652 1621 7307
1621 7307 11652
7307 1621 11652
12188 5600 7031
5600 7031 12188
7031 5600 12188
6879 7918 11743
7918 6879 11743
11743 6879 7918
14 3357 9635
9635 14 3357
3357 14 9635
12959 625 3326
3326 625 12959
625 3326 12959
4725 311 13669
311 4725 13669
13669 311 4725
11607 1528 10592
1528 10592 11607
10592 1528 11607
4829 5393 10486
10486 4829 5393
5393 4829 10486
2069 142 11814
142 2069 11814
11814 142 2069
3218 5342 14340
5342 3218 14340
14340 3218 5342
7761 2462 10667
10667 2462 7761
2462 7761 10667
10739 4421 7134
4421 7134 10739
7134 4421 10739
7589 14128 14919
14128 7589 14919
14919 7589 14128
10891 1297 12703
1297 10891 12703
12703 1297 10891
11684 5020 10631
10631 5020 11684
5020 10631 11684
11640 4709 13298
4709 11640 13298
13298 4709 11640
12517 531 9386
9386 531 12517
531 9386 12517
587 2456 13347
2456 587 13347
13347 587 2456
7642 3366 14698
14698 3366 7642
3366 7642 14698
7726 3635 14566
3635 7726 14566
14566 3635 7726
11023 1189 4777
1189 4777 11023
4777 1189 11023
2754 12358 13398
13398 2754 12358
12358 2754 13398
10304 2668 2982
2982 2668 10304
2668 2982 10304
13104 2552 6901
2552 6901 13104
6901 2552 13104
5252 3488 13915
3488 5252 13915
13915 3488 5252
14185 736 5730
736 5730 14185
5730 736 14185
1557 7877 11308
11308 1557 7877
7877 1557 11308
11987 2192 13411
2192 11987 13411
13411 2192 11987
6020 10565 11160
10565 6020 11160
11160 6020 10565
8066 7451 14560
7451 8066 14560
14560 7451 8066
8183 346 10736
10736 346 8183
346 8183 10736
8786 2553 3615
2553 3615 8786
3615 2553 8786
3452 306 7201
306 3452 7201
7201 306 3452
4327 5308 14559
5308 4327 14559
14559 4327 5308
7316 12165 14761
12165 7316 14761
14761 7316 12165
4983 6617 10288
6617 4983 10288
10288 4983 6617
2336 1799 14392
14392 1799 2336
1799 2336 14392
12050 2693 3351
3351 2693 12050
2693 3351 12050
157 1452 4507
1452 157 4507
4507 157 1452
13358 11719 12334
12334 11719 13358
11719 12334 13358
9051 3196 8488
8488 3196 9051
3196 8488 9051
7314 5153 12648
12648 5153 7314
5153 7314 12648
7863 10820 12544
12544 7863 10820
10820 7863 12544
4719 1587 7297
1587 4719 7297
7297 1587 4719
3275 5573 13709
13709 3275 5573
5573 3275 13709
8490 4029 7566
4029 7566 8490
7566 4029 8490
9201 261 1113
1113 261 9201
261 1113 9201
14515 509 12961
12961 509 14515
509 12961 14515
179 4120 11495
4120 179 11495
11495 179 4120
14990 7079 8192
8192 7079 14990
7079 8192 14990
12310 2563 3994
3994 2563 12310
2563 3994 12310
11429 5740 7289
7289 5740 11429
5740 7289 11429
10588 1827 3412
1827 3412 10588
3412 1827 10588
3617 2270 13899
13899 2270 3617
2270 3617 13899
4394 4162 4232
4232 4162 4394
4162 4232 4394
2878 14300 14622
14622 2878 14300
14300 2878 14622
12202 6201 13364
6201 12202 13364
13364 6201 12202
2440 6859 14062
14062 2440 6859
6859 2440 14062
2106 9308 10273
9308 2106 10273
10273 2106 9308
8254 2224 10219
2224 8254 10219
10219 2224 8254
12282 5406 9741
9741 5406 12282
5406 9741 12282
12527 2883 6499
2883 6499 12527
6499 2883 12527
10237 970 7920
970 7920 10237
7920 970 10237
2558 3818 14303
14303 2558 3818
3818 2558 14303
5077 6078 11968
6078 5077 11968
11968 5077 6078
7245 4253 8817
4253 7245 8817
8817 4253 7245
6560 3093 11573
11573 3093 6560
3093 6560 11573
14101 4468 10334
10334 4468 14101
4468 10334 14101
1883 8070 13193
8070 1883 13193
13193 1883 8070
13881 3064 8529
8529 3064 13881
3064 8529 13881
13763 5925 8102
8102 5925 13763
5925 8102 13763
12688 4638 12408
12408 4638 12688
4638 12408 12688
8128 4680 11413
11413 4680 8128
4680 8128 11413
9723 10431 13660
10431 9723 13660
13660 9723 10431
8311 1033 10752
1033 8311 10752
10752 1033 8311
10908 4147 10917
10917 4147 10908
4147 10908 10917
1508 3552 5565
3552 1508 5565
5565 1508 3552
5221 7047 12578
12578 5221 7047
7047 5221 12578
2410 6587 6691
6691 2410 6587
6587 2410 6691
1306 2929 13517
2929 1306 13517
13517 1306 2929
12492 2663 7283
2663 7283 12492
7283 2663 12492
2959 11720 14097
11720 2959 14097
14097 2959 11720
10509 762 2269
2269 762 10509
762 2269 10509
11507 5974 7851
5974 7851 11507
7851 5974 11507
5902 228 10045
228 5902 10045
10045 228 5902
4672 8872 13914
8872 4672 13914
13914 4672 8872
8520 4943 13962
4943 8520 13962
13962 4943 8520
7597 3857 8075
3857 7597 8075
8075 3857 7597
7835 2939 7311
2939 7311 7835
7311 2939 7835
4019 6905 14496
6905 4019 14496
14496 4019 6905
12537 10991 14230
10991 12537 14230
14230 10991 12537
8171 7431 7591
7431 7591 8171
7591 7431 8171
2554 3385 11134
3385 2554 11134
11134 2554 3385
3783 7932 14657
14657 3783 7932
7932 3783 14657
93 2549 5366
2549 93 5366
5366 93 2549
5526 2658 14537
14537 2658 5526
2658 5526 14537
12332 637 9913
9913 637 12332
637 9913 12332
41 5219 6582
5219 41 6582
6582 41 5219
1811 1226 6728
1226 1811 6728
6728 1226 1811
13777 8507 12183
12183 8507 13777
8507 12183 13777
8814 5410 13676
13676 5410 8814
5410 8814 13676
3359 846 14089
846 3359 14089
14089 846 3359
11788 1483 2056
2056 1483 11788
1483 2056 11788
9698 12597 14481
12597 9698 14481
14481 9698 12597
8432 10772 11411
11411 8432 10772
10772 8432 11411
8475 7173 8823
8823 7173 8475
7173 8475 8823
477 2594 4406
4406 477 2594
2594 477 4406
2148 2541 9381
9381 2148 2541
2541 2148 9381
81 5576 12405
5576 81 12405
12405 81 5576
13112 12975 14476
14476 12975 13112
12975 13112 14476
816 6964 14377
6964 816 14377
14377 816 6964
2677 2530 11564
2530 2677 11564
11564 2530 2677
6352 12856 14586
12856 6352 14586
14586 6352 12856
1682 2755 7340
2755 1682 7340
7340 1682 2755
13492 2227 14157
14157 2227 13492
2227 13492 14157
552 2354 4764
2354 552 4764
4764 552 2354
12045 7391 9918
7391 9918 12045
9918 7391 12045
3858 10048 13155
13155 3858 10048
10048 3858 13155
9545 540 4430
540 4430 9545
4430 540 9545
478 1453 14760
14760 478 1453
1453 478 14760
4425 14467 14822
14822 4425 14467
14467 4425 14822
7928 4403 14499
4403 7928 14499
14499 4403 7928
4453 993 1272
993 1272 4453
1272 993 4453
758 11306 14829
14829 758 11306
11306 758 14829
6438 4762 12983
4762 6438 12983
12983 4762 6438
14234 9434 14088
9434 14088 14234
14088 9434 14234
4615 8519 13316
8519 4615 13316
13316 4615 8519
10836 887 1086
1086 887 10836
887 1086 10836
6062 784 11539
784 6062 11539
11539 784 6062
305 3999 10633
10633 305 3999
3999 305 10633
891 12352 14664
12352 891 14664
14664 891 12352
12795 5034 5384
5384 5034 12795
5034 5384 12795
8849 763 9371
763 8849 9371
9371 763 8849
11188 6042 9436
6042 9436 11188
9436 6042 11188
9292 655 10997
655 9292 10997
10997 655 9292
11333 4864 14479
14479 4864 11333
4864 11333 14479
11659 170 8495
8495 170 11659
170 8495 11659
7098 3370 10610
3370 7098 10610
10610 3370 7098
14095 5189 13388
5189 13388 14095
13388 5189 14095
3107 5632 10532
10532 3107 5632
5632 3107 10532
7215 7088 13615
7088 7215 13615
13615 7088 7215
11164 9878 13450
9878 11164 13450
13450 9878 11164
12416 334 7395
334 7395 12416
7395 334 12416
11246 955 10528
955 10528 11246
10528 955 11246
7650 6405 9115
9115 6405 7650
6405 7650 9115
417 5190 13862
5190 417 13862
13862 417 5190
4416 8580 13371
8580 4416 13371
13371 4416 8580
2172 5235 10910
5235 2172 10910
10910 2172 5235
3756 4124 9905
9905 3756 4124
4124 3756 9905
14985 8402 9320
9320 8402 14985
8402 9320 14985
10621 2719 13548
2719 10621 13548
13548 2719 10621
107 3323 7078
3323 107 7078
7078 107 3323
12722 9067 14723
9067 12722 14723
14723 9067 12722
9857 5656 5667
5667 5656 9857
5656 5667 9857
8661 2392 5162
5162 2392 8661
2392 5162 8661
3112 4888 8284
4888 3112 8284
8284 3112 4888
1619 823 14458
14458 823 1619
823 1619 14458
13600 3722 11866
3722 11866 13600
11866 3722 13600
7681 6944 7125
7125 6944 7681
6944 7125 7681
14732 3686 12726
12726 3686 14732
3686 12726 14732
1601 3141 7704
7704 1601 3141
3141 1601 7704
14139 2971 9573
9573 2971 14139
2971 9573 14139
13348 7794 10878
10878 7794 13348
7794 10878 13348
13612 6328 13101
6328 13101 13612
13101 6328 13612
4387 6398 7756
6398 4387 7756
7756 4387 6398
14115 772 11232
772 11232 14115
11232 772 14115
4738 4117 12822
4117 4738 12822
12822 4117 4738
12678 4544 13526
13526 4544 12678
4544 12678 13526
4547 4090 8994
8994 4090 4547
4090 4547 8994
10832 176 1840
176 1840 10832
1840 176 10832
7843 13794 14543
13794 7843 14543
14543 7843 13794
2165 11857 13977
11857 2165 13977
13977 2165 11857
2578 3824 6162
6162 2578 3824
3824 2578 6162
9258 8218 10564
10564 8218 9258
8218 9258 10564
14216 1752 12736
12736 1752 14216
1752 12736 14216
10707 6299 8655
8655 6299 10707
6299 8655 10707
1028 8509 9323
8509 1028 9323
9323 1028 8509
8651 1325 14114
1325 8651 14114
14114 1325 8651
9660 1307 8392
1307 8392 9660
8392 1307 9660
6630 4308 4699
4699 4308 6630
4308 4699 6630
2401 1481 2265
1481 2265 2401
2265 1481 2401
13236 4910 8252
8252 4910 13236
4910 8252 13236
8057 3053 13480
3053 8057 13480
13480 3053 8057
2517 9104 14454
14454 2517 9104
9104 2517 14454
6805 4571 8822
4571 6805 8822
8822 4571 6805
467 3212 6789
3212 467 6789
6789 467 3212
4535 12487 14009
14009 4535 12487
12487 4535 14009
4972 9082 9428
9082 4972 9428
9428 4972 9082
1677 9128 14374
9128 1677 14374
14374 1677 9128
6262 4344 9329
4344 6262 9329
9329 4344 6262
2988 1445 13883
13883 1445 2988
1445 2988 13883
14928 4136 7525
7525 4136 14928
4136 7525 14928
10672 1861 8868
8868 1861 10672
1861 8868 10672
9397 2356 10255
10255 2356 9397
2356 9397 10255
5702 4053 8554
8554 4053 5702
4053 5702 8554
7684 5055 10716
10716 5055 7684
5055 7684 10716
7094 98 3945
3945 98 7094
98 3945 7094
14683 12958 14290
12958 14290 14683
14290 12958 14683
6273 3550 13508
13508 3550 6273
3550 6273 13508
5891 3052 7463
7463 3052 5891
3052 5891 7463
14152 8858 13703
13703 8858 14152
8858 13703 14152
7976 1350 1423
1350 1423 7976
1423 1350 7976
5187 3375 4493
4493 3375 5187
3375 4493 5187
11626 6538 10056
10056 6538 11626
6538 10056 11626
14649 2524 8731
2524 8731 14649
8731 2524 14649
11916 1898 8666
1898 8666 11916
8666 1898 11916
8585 1416 3670
3670 1416 8585
1416 3670 8585
251 5008 13466
13466 251 5008
5008 251 13466
13917 751 11863
11863 751 13917
751 11863 13917
12707 3712 3810
3810 3712 12707
3712 3810 12707
4690 3477 6602
3477 4690 6602
6602 3477 4690
155 2355 2696
2355 155 2696
2696 155 2355
7472 8220 11047
11047 7472 8220
8220 7472 11047
11242 2268 2739
2268 2739 11242
2739 2268 11242
11362 3891 8906
8906 3891 11362
3891 8906 11362
3356 1050 14078
14078 1050 3356
1050 3356 14078
7994 3762 10386
10386 3762 7994
3762 7994 10386
5390 11171 14797
14797 5390 11171
11171 5390 14797
3837 8595 13874
13874 3837 8595
8595 3837 13874
4307 6829 7885
6829 4307 7885
7885 4307 6829
433 4258 6717
4258 433 6717
6717 433 4258
14011 5886 9644
5886 9644 14011
9644 5886 14011
12804 6294 10520
10520 6294 12804
6294 10520 12804
2509 4267 12033
12033 2509 4267
4267 2509 12033
6616 4526 11850
11850 4526 6616
4526 6616 11850
4822 5435 14238
5435 4822 14238
14238 4822 5435
11293 381 9685
9685 381 11293
381 9685 11293
3267 3885 3953
3953 3267 3885
3885 3267 3953
5799 12076 14707
14707 5799 12076
12076 5799 14707
10870 4860 12879
4860 10870 12879
12879 4860 10870
6192 5080 8582
8582 5080 6192
5080 6192 8582
3115 1935 12277
12277 1935 3115
1935 3115 12277
3895 3599 10857
3599 3895 10857
10857 3599 3895
4656 9035 13858
13858 4656 9035
9035 4656 13858
7454 1176 14304
14304 1176 7454
1176 7454 14304
5711 1998 3713
3713 1998 5711
1998 3713 5711
7333 1211 7561
1211 7333 7561
7561 1211 7333
6955 3439 4373
3439 4373 6955
4373 3439 6955
4865 3669 7335
7335 3669 4865
3669 4865 7335
6488 8746 11725
8746 6488 11725
11725 6488 8746
12007 3003 5848
3003 5848 12007
5848 3003 12007
4076 3273 8103
8103 3273 4076
3273 4076 8103
2200 6147 11113
6147 2200 11113
11113 2200 6147
830 5382 14005
5382 830 14005
14005 830 5382
1121 5136 12152
5136 1121 12152
12152 1121 5136
9433 8077 12259
8077 9433 12259
12259 8077 9433
1663 2646 10859
2646 1663 10859
10859 1663 2646
463 5911 8478
8478 463 5911
5911 463 8478
1322 555 11459
11459 555 1322
555 1322 11459
1130 243 12908
243 1130 12908
12908 243 1130
7105 5536 6857
5536 6857 7105
6857 5536 7105
4954 953 9730
9730 953 4954
953 4954 9730
13361 307 8899
8899 307 13361
307 8899 13361
4269 10677 12490
12490 4269 10677
10677 4269 12490
11445 3939 9507
3939 9507 11445
9507 3939 11445
7475 1177 7842
7842 1177 7475
1177 7475 7842
7532 3519 12942
12942 3519 7532
3519 7532 12942
14872 2941 6361
6361 2941 14872
2941 6361 14872
1856 808 9808
808 1856 9808
9808 808 1856
12013 2455 2583
2455 2583 12013
2583 2455 12013
13115 1346 2184
1346 2184 13115
2184 1346 13115
14220 39 1776
1776 39 14220
39 1776 14220
4950 1830 12857
12857 1830 4950
1830 4950 12857
3047 6576 7354
7354 3047 6576
6576 3047 7354
9943 936 5018
936 5018 9943
5018 936 9943
6181 5958 7530
5958 6181 7530
7530 5958 6181
7063 3828 11800
3828 7063 11800
11800 3828 7063
13706 3415 5021
5021 3415 13706
3415 5021 13706
2548 242 9789
242 2548 9789
9789 242 2548
11858 8008 14500
14500 8008 11858
8008 11858 14500
4428 2267 2742
2742 2267 4428
2267 2742 4428
4855 7837 8876
7837 4855 8876
8876 4855 7837
3862 1659 7912
1659 3862 7912
7912 1659 3862
1129 8811 10712
10712 1129 8811
8811 1129 10712
3489 1030 9330
1030 3489 9330
9330 1030 3489
7870 8599 13726
13726 7870 8599
8599 7870 13726
5519 5063 14271
5063 5519 14271
14271 5063 5519
9343 2611 10226
2611 9343 10226
10226 2611 9343
12690 2283 13351
2283 12690 13351
13351 2283 12690
14043 6844 12139
6844 12139 14043
12139 6844 14043
7180 9299 10883
10883 7180 9299
9299 7180 10883
9559 363 10494
363 9559 10494
10494 363 9559
12687 4487 10932
10932 4487 12687
4487 10932 12687
8512 11775 13597
11775 8512 13597
13597 8512 11775
2682 7735 11136
11136 2682 7735
7735 2682 11136
14383 9010 11631
11631 9010 14383
9010 11631 14383
13555 5464 14431
14431 5464 13555
5464 13555 14431
12297 3570 8002
3570 8002 12297
8002 3570 12297
6870 13313 14018
14018 6870 13313
13313 6870 14018
4216 8256 10112
8256 4216 10112
10112 4216 8256
10972 957 6308
6308 957 10972
957 6308 10972
13807 7329 12029
12029 7329 13807
7329 12029 13807
5791 1140 5783
1140 5783 5791
5783 1140 5791
2244 2303 13372
13372 2244 2303
2303 2244 13372
1573 3389 11870
11870 1573 3389
3389 1573 11870
8914 7941 10968
7941 8914 10968
10968 7941 8914
11049 1466 2033
2033 1466 11049
1466 2033 11049
8857 6605 11468
11468 6605 8857
6605 8857 11468
703 6073 7625
7625 703 6073
6073 703 7625
9497 3332 3936
3936 3332 9497
3332 3936 9497
3768 7590 12643
7590 3768 12643
12643 3768 7590
3667 5635 9153
5635 3667 9153
9153 3667 5635
11674 62 10098
62 10098 11674
10098 62 11674
8487 2117 10159
2117 8487 10159
10159 2117 8487
13496 2904 5337
2904 5337 13496
5337 2904 13496
5975 4328 9755
9755 4328 5975
4328 5975 9755
7480 10006 13453
13453 7480 10006
10006 7480 13453
10758 516 3157
3157 516 10758
516 3157 10758
5854 2145 14424
14424 2145 5854
2145 5854 14424
6640 8517 10397
10397 6640 8517
8517 6640 10397
4461 494 7942
494 4461 7942
7942 494 4461
2278 2417 11689
2417 2278 11689
11689 2278 2417
4751 2561 3228
3228 2561 4751
2561 3228 4751
12705 398 14923
398 12705 14923
14923 398 12705
5119 3186 4443
4443 3186 5119
3186 4443 5119
1003 6435 11695
11695 1003 6435
6435 1003 11695
764 4661 14899
4661 764 14899
14899 764 4661
7861 7092 14111
14111 7092 7861
7092 7861 14111
9220 4617 8683
4617 8683 9220
8683 4617 9220
13897 1197 6255
1197 6255 13897
6255 1197 13897
11481 1750 5369
5369 1750 11481
1750 5369 11481
6279 2422 4759
4759 2422 6279
2422 4759 6279
5339 525 3295
525 3295 5339
3295 525 5339
4830 7598 10257
7598 4830 10257
10257 4830 7598
11538 6751 9245
6751 9245 11538
9245 6751 11538
4582 3584 14630
3584 4582 14630
14630 3584 4582
13339 3661 3867
3867 3661 13339
3661 3867 13339
3190 1092 11750
11750 1092 3190
1092 3190 11750
10421 7100 11534
7100 10421 11534
11534 7100 10421
371 70 8833
70 371 8833
8833 70 371
4001 9924 13693
9924 4001 13693
13693 4001 9924
9048 31 10703
31 9048 10703
10703 31 9048
12743 1610 5934
1610 5934 12743
5934 1610 12743
11948 9304 13284
9304 11948 13284
13284 9304 11948
14920 396 12117
396 12117 14920
12117 396 14920
14343 7403 10192
10192 7403 14343
7403 10192 14343
14498 10047 14568
10047 14498 14568
14568 10047 14498
9699 837 8740
837 8740 9699
8740 837 9699
6006 10161 13744
10161 6006 13744
13744 6006 10161
7355 3213 7872
7872 3213 7355
3213 7355 7872
1208 1163 4997
1163 1208 4997
4997 1163 1208
6525 4799 9473
9473 4799 6525
4799 6525 9473
10823 1305 8371
1305 8371 10823
8371 1305 10823
1810 12673 13729
13729 1810 12673
12673 1810 13729
11448 103 13578
103 11448 13578
13578 103 11448
3583 3441 7934
7934 3441 3583
3441 3583 7934
5941 12298 12978
12978 5941 12298
12298 5941 12978
11210 2920 12497
12497 2920 11210
2920 11210 12497
3893 2708 3271
3271 2708 3893
2708 3271 3893
7878 263 8135
8135 263 7878
263 7878 8135
9636 83 11037
11037 83 9636
83 9636 11037
11044 1719 14780
14780 1719 11044
1719 11044 14780
4007 535 12339
12339 535 4007
535 4007 12339
7231 4880 9476
9476 4880 7231
4880 7231 9476
1178 4739 13946
13946 1178 4739
4739 1178 13946
9447 5869 6288
5869 6288 9447
6288 5869 9447
10686 3209 6945
6945 3209 10686
3209 6945 10686
10680 10270 13355
10270 10680 13355
13355 10270 10680
7089 2643 11946
2643 7089 11946
11946 2643 7089
12321 6714 8671
6714 8671 12321
8671 6714 12321
163 3080 14818
3080 163 14818
14818 163 3080
4733 50 12312
50 4733 12312
12312 50 4733
13681 2973 6725
2973 6725 13681
6725 2973 13681
7328 4465 7859
7859 4465 7328
4465 7328 7859
8940 813 3927
3927 813 8940
813 3927 8940
2391 4613 14893
14893 2391 4613
4613 2391 14893
11934 4093 7913
4093 7913 11934
7913 4093 11934
2728 1001 7360
1001 2728 7360
7360 1001 2728
11918 806 8908
806 8908 11918
8908 806 11918
10029 597 10774
10774 597 10029
597 10029 10774
3786 1519 11302
11302 1519 3786
1519 3786 11302
1334 8798 13185
8798 1334 13185
13185 1334 8798
9377 2701 14227
14227 2701 9377
2701 9377 14227
12682 454 14453
454 12682 14453
14453 454 12682
10783 1260 11211
11211 1260 10783
1260 10783 11211
5204 1887 12956
12956 1887 5204
1887 5204 12956
11590 9237 11039
11039 9237 11590
9237 11039 11590
12801 5884 7286
7286 5884 12801
5884 7286 12801
14609 57 3987
57 3987 14609
3987 57 14609
7327 500 6904
500 6904 7327
6904 500 7327
13400 10745 10853
10745 10853 13400
10853 10745 13400
11469 349 9161
349 9161 11469
9161 349 11469
7605 1429 5989
1429 5989 7605
5989 1429 7605
8546 809 13828
13828 809 8546
809 8546 13828
9451 5816 13220
5816 9451 13220
13220 5816 9451
4047 721 2237
2237 721 4047
721 2237 4047
10399 99 8996
99 8996 10399
8996 99 10399
13708 9266 12195
9266 12195 13708
12195 9266 13708
6408 9429 14776
14776 6408 9429
9429 6408 14776
14456 2650 10341
10341 2650 14456
2650 10341 14456
9375 4178 6452
4178 6452 9375
6452 4178 9375
7892 8743 13108
8743 7892 13108
13108 7892 8743
7827 1289 13311
1289 7827 13311
13311 1289 7827
10563 5546 13651
13651 5546 10563
5546 10563 13651
6663 5534 7287
5534 6663 7287
7287 5534 6663
2976 11311 13608
11311 2976 13608
13608 2976 11311
8482 730 14345
730 8482 14345
14345 730 8482
14030 2984 5832
5832 2984 14030
2984 5832 14030
8005 3978 8679
3978 8005 8679
8679 3978 8005
14037 7017 13009
13009 7017 14037
7017 13009 14037
2572 6310 6623
6310 2572 6623
6623 2572 6310
2699 8878 14770
8878 2699 14770
14770 2699 8878
4293 3539 4701
3539 4293 4701
4701 3539 4293
6860 8917 10316
8917 6860 10316
10316 6860 8917
2830 6367 6793
6793 2830 6367
6367 2830 6793
8664 4319 8748
4319 8664 8748
8748 4319 8664
11955 3397 8848
8848 3397 11955
3397 8848 11955
1054 1913 6965
6965 1054 1913
1913 1054 6965
12524 9886 12481
12481 9886 12524
9886 12481 12524
11645 12794 13189
12794 11645 13189
13189 11645 12794
149 4530 12064
4530 149 12064
12064 149 4530
6119 1255 12708
12708 1255 6119
1255 6119 12708
12379 308 14680
14680 308 12379
308 12379 14680
646 1451 14890
1451 646 14890
14890 646 1451
10209 5626 9432
5626 9432 10209
9432 5626 10209
12662 3886 5621
3886 5621 12662
5621 3886 12662
2095 7199 8619
8619 2095 7199
7199 2095 8619
2190 2470 12565
2470 2190 12565
12565 2190 2470
5956 3502 14628
3502 5956 14628
14628 3502 5956
8338 7005 7334
7005 7334 8338
7334 7005 8338
8958 6415 12030
12030 6415 8958
6415 8958 12030
4087 2415 10510
2415 4087 10510
10510 2415 4087
2985 6492 14505
14505 2985 6492
6492 2985 14505
1320 1755 2125
1755 1320 2125
2125 1320 1755
9861 8524 12086
12086 8524 9861
8524 9861 12086
8187 173 743
743 173 8187
173 743 8187
7968 8438 9951
8438 7968 9951
9951 7968 8438
13415 5960 7686
7686 5960 13415
5960 7686 13415
7252 530 11690
530 7252 11690
11690 530 7252
1103 6171 6848
6171 1103 6848
6848 1103 6171
6742 8932 11398
11398 6742 8932
8932 6742 11398
3113 13519 14369
14369 3113 13519
13519 3113 14369
3045 5849 10127
5849 3045 10127
10127 3045 5849
10794 5939 13993
13993 5939 10794
5939 10794 13993
667 1798 13252
1798 667 13252
13252 667 1798
1259 7759 9239
7759 1259 9239
9239 1259 7759
2608 1150 1784
1150 1784 2608
1784 1150 2608
7531 2042 3145
2042 3145 7531
3145 2042 7531
8476 7166 9119
9119 7166 8476
7166 8476 9119
5358 3554 13436
3554 5358 13436
13436 3554 5358
9541 4879 12949
12949 4879 9541
4879 9541 12949
12702 2438 4295
2438 4295 12702
4295 2438 12702
9184 1912 2442
2442 1912 9184
1912 2442 9184
14087 2079 3364
3364 2079 14087
2079 3364 14087
12326 2186 13225
2186 12326 13225
13225 2186 12326
4201 12584 13312
12584 4201 13312
13312 4201 12584
502 5470 13367
5470 502 13367
13367 502 5470
12320 8793 11959
8793 11959 12320
11959 8793 12320
4325 1540 9230
9230 1540 4325
1540 4325 9230
8203 6707 11678
11678 6707 8203
6707 8203 11678
8358 7515 9418
9418 7515 8358
7515 8358 9418
925 8119 8408
8119 925 8408
8408 925 8119
10930 8714 10851
8714 10851 10930
10851 8714 10930
7776 7021 9989
7021 7776 9989
9989 7021 7776
3578 9646 10768
9646 3578 10768
10768 3578 9646
13431 1159 2242
2242 1159 13431
1159 2242 13431
11416 1906 3220
3220 1906 11416
1906 3220 11416
4080 385 4166
4166 385 4080
385 4080 4166
3197 12044 13007
13007 3197 12044
12044 3197 13007
7978 3844 9384
9384 3844 7978
3844 7978 9384
14471 3714 12681
3714 12681 14471
12681 3714 14471
3226 1962 4785
4785 1962 3226
1962 3226 4785
8016 560 2384
2384 560 8016
560 2384 8016
13643 1593 14190
1593 13643 14190
14190 1593 13643
6973 10571 14365
14365 6973 10571
10571 6973 14365
421 980 8455
8455 421 980
980 421 8455
7717 8297 13418
13418 7717 8297
8297 7717 13418
5135 10361 12550
10361 5135 12550
12550 5135 10361
4625 6806 13140
13140 4625 6806
6806 4625 13140
6815 7217 11126
11126 6815 7217
7217 6815 11126
3979 2564 10969
10969 2564 3979
2564 3979 10969
201 5672 9197
5672 201 9197
9197 201 5672
13369 7569 13614
7569 13369 13614
13614 7569 13369
6741 7038 11889
7038 6741 11889
11889 6741 7038
9750 7370 9049
9049 7370 9750
7370 9049 9750
11794 1816 5769
5769 1816 11794
1816 5769 11794
1938 13613 14051
14051 1938 13613
13613 1938 14051
11852 928 9770
9770 928 11852
928 9770 11852
8249 7102 13631
13631 7102 8249
7102 8249 13631
8967 2919 3467
2919 3467 8967
3467 2919 8967
11843 3906 5287
3906 5287 11843
5287 3906 11843
6176 4492 8458
4492 6176 8458
8458 4492 6176
2571 4706 6051
4706 2571 6051
6051 2571 4706
14727 11799 14806
11799 14727 14806
14806 11799 14727
11104 3995 13749
13749 3995 11104
3995 11104 13749
9680 3461 8604
3461 8604 9680
8604 3461 9680
5205 9903 14013
9903 5205 14013
14013 5205 9903
13869 3390 3732
3390 3732 13869
3732 3390 13869
12003 156 885
156 885 12003
885 156 12003
4332 778 14334
778 4332 14334
14334 778 4332
485 4326 12582
12582 485 4326
4326 485 12582
11691 5614 12564
5614 11691 12564
12564 5614 11691
910 8449 12988
12988 910 8449
8449 910 12988
981 7313 14823
7313 981 14823
14823 981 7313
7322 9342 14869
9342 7322 14869
14869 7322 9342
1368 11953 13745
11953 1368 13745
13745 1368 11953
13687 9223 14394
14394 9223 13687
9223 13687 14394
12951 1293 7095
1293 7095 12951
7095 1293 12951
7602 10265 10499
10265 7602 10499
10499 7602 10265
5661 790 10041
10041 790 5661
790 5661 10041
370 883 2570
883 370 2570
2570 370 883
11861 3498 14284
3498 11861 14284
14284 3498 11861
1361 609 6823
609 1361 6823
6823 609 1361
6526 7428 13846
13846 6526 7428
7428 6526 13846
2241 5270 11168
5270 2241 11168
11168 2241 5270
2004 6463 11329
6463 2004 11329
11329 2004 6463
10023 5230 6204
5230 6204 10023
6204 5230 10023
13952 6821 10151
10151 6821 13952
6821 10151 13952
2877 1535 10242
1535 2877 10242
10242 1535 2877
7965 392 5983
392 5983 7965
5983 392 7965
10062 817 14217
817 10062 14217
14217 817 10062
9579 2759 9568
9568 2759 9579
2759 9568 9579
12052 22 852
22 852 12052
852 22 12052
2048 2737 5690
2737 2048 5690
5690 2048 2737
11446 8641 10788
8641 10788 11446
10788 8641 11446
3861 3110 10391
10391 3110 3861
3110 3861 10391
9160 4004 8763
4004 8763 9160
8763 4004 9160
6326 1474 8911
8911 1474 6326
1474 6326 8911
10451 5687 8420
5687 8420 10451
8420 5687 10451
1073 546 2177
2177 546 1073
546 1073 2177
12534 6177 9705
9705 6177 12534
6177 9705 12534
6872 4914 10611
4914 6872 10611
10611 4914 6872
1494 1515 6826
1515 1494 6826
6826 1494 1515
10109 1609 13409
13409 1609 10109
1609 10109 13409
250 6143 6337
6337 250 6143
6143 250 6337
3510 1308 2493
1308 2493 3510
2493 1308 3510
14262 2131 6926
6926 2131 14262
2131 6926 14262
9071 7120 11963
7120 9071 11963
11963 7120 9071
14769 1521 8426
8426 1521 14769
1521 8426 14769
4573 3118 4763
4763 3118 4573
3118 4573 4763
45 3487 6584
6584 45 3487
3487 45 6584
3748 2489 6575
2489 3748 6575
6575 2489 3748
11147 3654 6563
3654 6563 11147
6563 3654 11147
4831 10020 14366
14366 4831 10020
10020 4831 14366
14728 1369 6199
1369 6199 14728
6199 1369 14728
8217 76 3608
76 3608 8217
3608 76 8217
9232 4382 7668
4382 7668 9232
7668 4382 9232
3207 10984 11796
10984 3207 11796
11796 3207 10984
6678 13309 14296
14296 6678 13309
13309 6678 14296
8197 3014 13449
3014 8197 13449
13449 3014 8197
3338 8167 11130
8167 3338 11130
11130 3338 8167
8768 113 8561
8561 113 8768
113 8561 8768
2072 6790 11711
11711 2072 6790
6790 2072 11711
11935 5992 14221
14221 5992 11935
5992 11935 14221
1707 2318 6122
6122 1707 2318
2318 1707 6122
9379 7326 7971
7326 7971 9379
7971 7326 9379
5994 4095 12973
4095 5994 12973
12973 4095 5994
14827 437 4310
4310 437 14827
437 4310 14827
11503 3077 5664
3077 5664 11503
5664 3077 11503
9529 5079 7614
5079 7614 9529
7614 5079 9529
5924 11331 13624
13624 5924 11331
11331 5924 13624
7947 8377 14685
8377 7947 14685
14685 7947 8377
7495 5680 6106
6106 5680 7495
5680 6106 7495
9189 1421 1947
1421 1947 9189
1947 1421 9189
12613 3986 4275
4275 3986 12613
3986 4275 12613
3568 2586 2752
2752 2586 3568
2586 2752 3568
1983 7815 13204
7815 1983 13204
13204 1983 7815
7757 8321 9940
9940 7757 8321
8321 7757 9940
8130 1132 2967
1132 2967 8130
2967 1132 8130
7557 7887 14028
7887 7557 14028
14028 7557 7887
9707 10456 14202
14202 9707 10456
10456 9707 14202
6281 9118 9591
9118 6281 9591
9591 6281 9118
2567 5105 13539
13539 2567 5105
5105 2567 13539
4688 1496 13635
13635 1496 4688
1496 4688 13635
11458 1431 13918
1431 11458 13918
13918 1431 11458
11395 1102 9523
9523 1102 11395
1102 9523 11395
1596 8221 10108
8221 1596 10108
10108 1596 8221
1813 5655 11345
11345 1813 5655
5655 1813 11345
7 11284 12640
11284 7 12640
12640 7 11284
13626 5285 11244
11244 5285 13626
5285 11244 13626
1951 367 14672
367 1951 14672
14672 367 1951
6301 10101 10834
10834 6301 10101
10101 6301 10834
1915 7121 9765
7121 1915 9765
9765 1915 7121
4163 8213 9945
9945 4163 8213
8213 4163 9945
12199 4748 5156
5156 4748 12199
4748 5156 12199
2654 10167 10839
10167 2654 10839
10839 2654 10167
10990 5255 13074
5255 10990 13074
13074 5255 10990
13224 123 5774
5774 123 13224
123 5774 13224
14903 5549 6878
6878 5549 14903
5549 6878 14903
7635 5286 12555
12555 5286 7635
5286 7635 12555
12772 10798 11661
11661 10798 12772
10798 11661 12772
12446 2304 3624
3624 2304 12446
2304 3624 12446
7207 5639 14402
5639 7207 14402
14402 5639 7207
12246 2625 6639
2625 6639 12246
6639 2625 12246
11638 2711 14914
14914 2711 11638
2711 11638 14914
10651 3109 10517
3109 10517 10651
10517 3109 10651
8644 12185 14370
14370 8644 12185
12185 8644 14370
6942 2866 11369
2866 6942 11369
11369 2866 6942
10193 1956 5510
1956 5510 10193
5510 1956 10193
2763 12451 13253
13253 2763 12451
12451 2763 13253
11485 3103 11187
11187 3103 11485
3103 11187 11485
9826 4396 5709
5709 4396 9826
4396 5709 9826
9411 1012 2449
2449 1012 9411
1012 2449 9411
14388 1867 11289
1867 11289 14388
