7282 5186 14417
5186 7282 14417
14417 5186 7282
2593 7085 7410
7085 2593 7410
7410 2593 7085
3012 9157 11035
9157 3012 11035
11035 3012 9157
4368 3407 9742
9742 3407 4368
3407 4368 9742
9318 6988 8761
8761 6988 9318
6988 8761 9318
14246 2817 8911
8911 2817 14246
2817 8911 14246
9083 2001 4416
2001 4416 9083
4416 2001 9083
7716 1153 14838
1153 7716 14838
14838 1153 7716
3215 5008 12736
5008 3215 12736
12736 3215 5008
3925 9868 10736
10736 3925 9868
9868 3925 10736
13808 7159 14311
7159 13808 14311
14311 7159 13808
4255 4645 14493
14493 4255 4645
4645 4255 14493
4805 11149 12379
11149 4805 12379
12379 4805 11149
4583 9323 11824
11824 4583 9323
9323 4583 11824
8520 148 14237
148 8520 14237
14237 148 8520
12007 10684 14093
10684 12007 14093
14093 10684 12007
7235 1148 8309
8309 1148 7235
1148 7235 8309
3344 3797 9411
3797 3344 9411
9411 3344 3797
2859 3619 9039
9039 2859 3619
3619 2859 9039
963 9061 10608
9061 963 10608
10608 963 9061
5351 12174 13959
13959 5351 12174
12174 5351 13959
10098 2617 11470
2617 10098 11470
11470 2617 10098
1902 199 10223
10223 199 1902
199 1902 10223
9285 11940 12258
11940 9285 12258
12258 9285 11940
10440 8118 12308
8118 10440 12308
12308 8118 10440
1245 3103 9239
9239 1245 3103
3103 1245 9239
10858 7885 9896
9896 7885 10858
7885 9896 10858
14397 527 14582
527 14397 14582
14582 527 14397
3867 3516 5183
3516 3867 5183
5183 3516 3867
2522 3874 4809
4809 2522 3874
3874 2522 4809
5328 1762 9692
9692 1762 5328
1762 5328 9692
7787 4966 13885
4966 7787 13885
13885 4966 7787
2951 12705 14322
12705 2951 14322
14322 2951 12705
13475 901 11285
11285 901 13475
901 11285 13475
12813 3839 4132
3839 4132 12813
4132 3839 12813
5641 4882 5972
4882 5641 5972
5972 4882 5641
12862 6935 7199
7199 6935 12862
6935 7199 12862
6175 980 8777
980 6175 8777
8777 980 6175
1484 1134 2856
1134 1484 2856
2856 1134 1484
3059 2099 8930
2099 3059 8930
8930 2099 3059
7312 9341 14487
14487 7312 9341
9341 7312 14487
5681 6133 11668
6133 5681 11668
11668 5681 6133
10430 7448 14461
14461 7448 10430
7448 10430 14461
11586 4338 14929
4338 11586 14929
14929 4338 11586
12992 5039 12463
12463 5039 12992
5039 12463 12992
14140 2925 9170
9170 2925 14140
2925 9170 14140
14724 4592 9107
9107 4592 14724
4592 9107 14724
11482 2718 5176
5176 2718 11482
2718 5176 11482
12974 105 10707
10707 105 12974
105 10707 12974
8879 414 10825
414 8879 10825
10825 414 8879
4158 1441 11672
11672 1441 4158
1441 4158 11672
2686 2403 5853
2403 2686 5853
5853 2403 2686
10843 14143 14312
14143 10843 14312
14312 10843 14143
9511 5757 6098
6098 5757 9511
5757 6098 9511
9867 6421 10653
10653 6421 9867
6421 9867 10653
4394 3783 5497
5497 3783 4394
3783 4394 5497
14058 1829 10672
1829 10672 14058
10672 1829 14058
11202 584 10663
10663 584 11202
584 10663 11202
12018 5967 8365
5967 8365 12018
8365 5967 12018
4714 11387 12121
11387 4714 12121
12121 4714 11387
2717 13725 14467
14467 2717 13725
13725 2717 14467
13655 4082 11570
4082 11570 13655
11570 4082 13655
3698 5547 7341
5547 3698 7341
7341 3698 5547
14527 7851 8500
8500 7851 14527
7851 8500 14527
14690 7570 10580
10580 7570 14690
7570 10580 14690
10654 5806 6877
6877 5806 10654
5806 6877 10654
11358 2784 5674
2784 5674 11358
5674 2784 11358
13303 7868 14262
7868 13303 14262
14262 7868 13303
11816 4512 5054
4512 5054 11816
5054 4512 11816
13091 1110 3857
3857 1110 13091
1110 3857 13091
6338 3813 13311
3813 6338 13311
13311 3813 6338
11509 9543 12464
12464 9543 11509
9543 11509 12464
8045 1468 11839
1468 8045 11839
11839 1468 8045
1371 944 948
944 948 1371
948 944 1371
6134 1729 4528
4528 1729 6134
1729 4528 6134
2160 5900 7346
7346 2160 5900
5900 2160 7346
12385 3083 6616
3083 6616 12385
6616 3083 12385
12900 542 14562
14562 542 12900
542 12900 14562
11436 5335 14070
14070 5335 11436
5335 11436 14070
8224 2502 5833
5833 2502 8224
2502 5833 8224
9805 6020 11263
11263 6020 9805
6020 9805 11263
12034 390 14514
14514 390 12034
390 12034 14514
3757 5389 8787
8787 3757 5389
5389 3757 8787
2621 7180 10762
10762 2621 7180
7180 2621 10762
6827 6518 11197
11197 6518 6827
6518 6827 11197
109 4659 9420
4659 109 9420
9420 109 4659
9484 12381 13440
12381 9484 13440
13440 9484 12381
428 2231 5521
5521 428 2231
2231 428 5521
14167 8248 12837
8248 12837 14167
12837 8248 14167
8836 3682 10731
10731 3682 8836
3682 8836 10731
4201 10009 13462
13462 4201 10009
10009 4201 13462
4021 795 6249
795 4021 6249
6249 795 4021
973 2605 11736
2605 973 11736
11736 973 2605
14716 1645 8516
8516 1645 14716
1645 8516 14716
9363 14546 14740
14740 9363 14546
14546 9363 14740
2447 250 2893
2893 250 2447
250 2447 2893
484 902 14683
902 484 14683
14683 484 902
1662 5181 9850
5181 1662 9850
9850 1662 5181
8936 240 6980
6980 240 8936
240 6980 8936
4700 5786 12315
5786 4700 12315
12315 4700 5786
2999 2256 3505
3505 2256 2999
2256 2999 3505
1201 8361 13345
13345 1201 8361
8361 1201 13345
8123 4676 4706
4706 4676 8123
4676 4706 8123
11261 2086 2572
2086 2572 11261
2572 2086 11261
7917 412 7228
7228 412 7917
412 7228 7917
54 786 1641
1641 54 786
786 54 1641
11588 4032 9139
4032 9139 11588
9139 4032 11588
10043 4547 10704
4547 10043 10704
10704 4547 10043
12710 2144 12456
12456 2144 12710
2144 12456 12710
111 7306 13539
7306 111 13539
13539 111 7306
11836 588 8117
588 8117 11836
8117 588 11836
13786 574 2047
574 2047 13786
2047 574 13786
5271 7337 7672
7672 5271 7337
7337 5271 7672
1291 9913 11797
11797 1291 9913
9913 1291 11797
14654 6117 12344
12344 6117 14654
6117 12344 14654
11662 2499 11978
11978 2499 11662
2499 11662 11978
6259 4243 14748
14748 4243 6259
4243 6259 14748
9973 7447 10507
10507 7447 9973
7447 9973 10507
11367 9252 13563
9252 11367 13563
13563 9252 11367
12091 832 5845
5845 832 12091
832 5845 12091
4215 1463 12497
1463 4215 12497
12497 1463 4215
4161 4638 12991
4638 4161 12991
12991 4161 4638
2329 1875 11319
1875 2329 11319
11319 1875 2329
385 675 9939
9939 385 675
675 385 9939
11807 3691 8156
3691 8156 11807
8156 3691 11807
10488 1825 10986
10986 1825 10488
1825 10488 10986
10730 1353 8271
1353 8271 10730
8271 1353 10730
4936 9472 13145
13145 4936 9472
9472 4936 13145
10414 7817 10683
7817 10414 10683
10683 7817 10414
14856 5137 9974
5137 9974 14856
9974 5137 14856
11421 4153 6772
6772 4153 11421
4153 6772 11421
2564 3169 3260
3169 2564 3260
3260 2564 3169
8252 1616 13582
13582 1616 8252
1616 8252 13582
11279 7537 14433
7537 11279 14433
14433 7537 11279
3385 10687 12314
10687 3385 12314
12314 3385 10687
11912 3602 3774
3774 3602 11912
3602 3774 11912
3595 5528 9916
5528 3595 9916
9916 3595 5528
5052 8641 14165
8641 5052 14165
14165 5052 8641
6774 11219 12212
12212 6774 11219
11219 6774 12212
8376 267 1880
267 1880 8376
1880 267 8376
11713 11997 13699
13699 11713 11997
11997 11713 13699
13014 6356 10955
10955 6356 13014
6356 10955 13014
9437 4614 6643
6643 4614 9437
4614 6643 9437
3799 2277 7086
2277 3799 7086
7086 2277 3799
9204 2755 4214
4214 2755 9204
2755 4214 9204
12278 4962 9097
4962 9097 12278
9097 4962 12278
14759 322 12599
12599 322 14759
322 12599 14759
6084 823 12081
12081 823 6084
823 6084 12081
13986 10406 11965
10406 11965 13986
11965 10406 13986
8292 6926 7470
7470 6926 8292
6926 7470 8292
4928 9052 11109
11109 4928 9052
9052 4928 11109
8167 6523 8067
6523 8067 8167
8067 6523 8167
3798 5051 6688
6688 3798 5051
5051 3798 6688
5743 4248 11948
4248 5743 11948
11948 4248 5743
2416 1812 10340
1812 2416 10340
10340 1812 2416
7206 3002 4609
4609 3002 7206
3002 4609 7206
5068 2094 12198
2094 5068 12198
12198 2094 5068
10074 3065 8915
8915 3065 10074
3065 8915 10074
95 1521 11057
11057 95 1521
1521 95 11057
4627 6531 14174
6531 4627 14174
14174 4627 6531
2270 999 2286
2286 999 2270
999 2270 2286
11696 6196 10531
6196 10531 11696
10531 6196 11696
12164 9041 13509
13509 9041 12164
9041 12164 13509
6149 13988 14669
13988 6149 14669
14669 6149 13988
1719 1554 6942
1554 1719 6942
6942 1554 1719
2891 8197 9831
9831 2891 8197
8197 2891 9831
13394 4750 8003
4750 8003 13394
8003 4750 13394
9278 11429 12733
11429 9278 12733
12733 9278 11429
302 5454 10017
10017 302 5454
5454 302 10017
14617 2079 5346
2079 5346 14617
5346 2079 14617
5808 3928 14682
3928 5808 14682
14682 3928 5808
1039 6948 9296
9296 1039 6948
6948 1039 9296
1462 8735 13739
8735 1462 13739
13739 1462 8735
8491 5654 14635
14635 5654 8491
5654 8491 14635
8313 5483 6758
5483 6758 8313
6758 5483 8313
12678 1302 10572
10572 1302 12678
1302 10572 12678
8062 5953 13642
5953 8062 13642
13642 5953 8062
12299 1795 8559
8559 1795 12299
1795 8559 12299
11430 2552 8114
2552 8114 11430
8114 2552 11430
3851 3267 8023
3267 3851 8023
8023 3267 3851
6275 14110 14111
14111 6275 14110
14110 6275 14111
13115 1477 10867
10867 1477 13115
1477 10867 13115
13614 5884 12036
12036 5884 13614
5884 12036 13614
12168 5539 7887
5539 7887 12168
7887 5539 12168
195 4956 10624
4956 195 10624
10624 195 4956
10980 275 10288
10288 275 10980
275 10288 10980
11400 2015 8852
2015 8852 11400
8852 2015 11400
9024 7780 12945
12945 7780 9024
7780 9024 12945
11351 531 4259
531 4259 11351
4259 531 11351
995 6469 8377
8377 995 6469
6469 995 8377
4958 1350 6369
1350 4958 6369
6369 1350 4958
8456 6160 8855
6160 8456 8855
8855 6160 8456
1092 3237 6268
6268 1092 3237
3237 1092 6268
11388 156 2806
2806 156 11388
156 2806 11388
7276 454 4116
4116 454 7276
454 4116 7276
1694 920 1764
920 1694 1764
1764 920 1694
4507 1466 3283
3283 1466 4507
1466 3283 4507
10410 1572 13498
13498 1572 10410
1572 10410 13498
12871 4221 14480
14480 4221 12871
4221 12871 14480
6047 1709 12625
12625 1709 6047
1709 6047 12625
5121 5108 8418
8418 5108 5121
5108 5121 8418
8803 1400 4674
1400 4674 8803
4674 1400 8803
7249 11335 12090
11335 7249 12090
12090 7249 11335
12648 3408 12219
12219 3408 12648
3408 12219 12648
1927 7289 11078
7289 1927 11078
11078 1927 7289
4979 1366 6393
6393 1366 4979
1366 4979 6393
5311 7118 12815
12815 5311 7118
7118 5311 12815
13879 7711 13450
13450 7711 13879
7711 13450 13879
10912 1154 13044
1154 10912 13044
13044 1154 10912
9344 10418 11575
11575 9344 10418
10418 9344 11575
12467 1293 14653
1293 12467 14653
14653 1293 12467
6765 6347 10876
10876 6347 6765
6347 6765 10876
10262 7617 12064
12064 7617 10262
7617 10262 12064
12430 71 13843
71 12430 13843
13843 71 12430
3984 6697 6955
6697 3984 6955
6955 3984 6697
2233 1349 4963
4963 1349 2233
1349 2233 4963
869 998 3931
998 869 3931
3931 869 998
12717 6624 13757
13757 6624 12717
6624 12717 13757
3220 7124 7634
7634 3220 7124
7124 3220 7634
9933 7929 13838
7929 9933 13838
13838 7929 9933
8567 5455 14123
5455 8567 14123
14123 5455 8567
14822 12234 12367
12234 12367 14822
12367 12234 14822
14016 357 7374
7374 357 14016
357 7374 14016
8113 25 14012
25 8113 14012
14012 25 8113
10790 3483 7828
7828 3483 10790
3483 7828 10790
44 797 11458
11458 44 797
797 44 11458
6991 249 6692
6692 249 6991
249 6692 6991
2378 9595 9784
9595 2378 9784
9784 2378 9595
7739 1102 3208
3208 1102 7739
1102 3208 7739
11983 3410 8961
8961 3410 11983
3410 8961 11983
7941 1585 12880
1585 7941 12880
12880 1585 7941
5872 4042 12489
4042 5872 12489
12489 4042 5872
6551 12275 14956
14956 6551 12275
12275 6551 14956
7247 6312 9166
6312 7247 9166
9166 6312 7247
3671 4686 12818
12818 3671 4686
4686 3671 12818
520 8590 14959
8590 520 14959
14959 520 8590
9685 3222 9936
3222 9685 9936
9936 3222 9685
8991 842 6605
6605 842 8991
842 6605 8991
12504 88 6783
6783 88 12504
88 6783 12504
746 1640 12106
12106 746 1640
1640 746 12106
13866 3988 12907
12907 3988 13866
3988 12907 13866
5836 10865 14507
10865 5836 14507
14507 5836 10865
2050 5664 10926
10926 2050 5664
5664 2050 10926
13805 3635 11904
3635 11904 13805
11904 3635 13805
5269 6508 12466
12466 5269 6508
6508 5269 12466
12076 6235 14395
14395 6235 12076
6235 12076 14395
9637 5492 11312
5492 9637 11312
11312 5492 9637
4273 3868 10084
3868 4273 10084
10084 3868 4273
10776 6414 6981
6981 6414 10776
6414 6981 10776
2566 12718 12967
12967 2566 12718
12718 2566 12967
14859 227 6375
227 6375 14859
6375 227 14859
12527 1541 14953
1541 12527 14953
14953 1541 12527
3399 2520 2868
2520 2868 3399
2868 2520 3399
5409 6547 9508
9508 5409 6547
6547 5409 9508
9356 5129 7290
5129 7290 9356
7290 5129 9356
14207 736 11123
736 11123 14207
11123 736 14207
2036 6241 7343
6241 2036 7343
7343 2036 6241
896 3225 8704
8704 896 3225
3225 896 8704
6669 4224 13581
4224 6669 13581
13581 4224 6669
3297 6224 9613
9613 3297 6224
6224 3297 9613
4851 9271 9556
9271 4851 9556
9556 4851 9271
14949 11871 12830
11871 12830 14949
12830 11871 14949
11692 1367 5575
1367 5575 11692
5575 1367 11692
14498 215 14358
215 14358 14498
14358 215 14498
11354 6552 11315
11315 6552 11354
6552 11315 11354
1135 146 8472
8472 146 1135
146 1135 8472
11500 3806 6645
6645 3806 11500
3806 6645 11500
9781 12470 13897
13897 9781 12470
12470 9781 13897
9165 2847 8426
8426 2847 9165
2847 8426 9165
4722 12565 14620
12565 4722 14620
14620 4722 12565
3978 1434 4643
1434 3978 4643
4643 1434 3978
6560 2663 12917
2663 6560 12917
12917 2663 6560
14107 4519 9383
4519 9383 14107
9383 4519 14107
14876 434 8391
434 8391 14876
8391 434 14876
4382 4093 5103
5103 4093 4382
4093 4382 5103
873 626 7016
626 873 7016
7016 626 873
6914 3148 11056
3148 6914 11056
11056 3148 6914
3403 4594 5754
4594 3403 5754
5754 3403 4594
8301 2779 3750
3750 2779 8301
2779 3750 8301
9851 4361 13305
4361 9851 13305
13305 4361 9851
7777 519 13730
13730 519 7777
519 7777 13730
8783 1 2137
2137 1 8783
1 2137 8783
9660 10978 14043
10978 9660 14043
14043 9660 10978
12520 1778 4556
4556 1778 12520
1778 4556 12520
9778 4126 11433
11433 4126 9778
4126 9778 11433
7116 5472 9817
9817 5472 7116
5472 7116 9817
9584 2248 14500
14500 2248 9584
2248 9584 14500
8256 2355 12160
2355 8256 12160
12160 2355 8256
13358 3787 3935
3787 3935 13358
3935 3787 13358
1332 13480 14185
14185 1332 13480
13480 1332 14185
7196 6299 12658
12658 6299 7196
6299 7196 12658
1836 2097 7854
2097 1836 7854
7854 1836 2097
7302 8697 12704
12704 7302 8697
8697 7302 12704
2434 7748 8608
8608 2434 7748
7748 2434 8608
1995 6097 10801
6097 1995 10801
10801 1995 6097
11264 6493 14802
14802 6493 11264
6493 11264 14802
14689 2623 13484
2623 13484 14689
13484 2623 14689
8524 11910 14906
14906 8524 11910
11910 8524 14906
6699 11517 12408
11517 6699 12408
12408 6699 11517
11890 5913 10083
5913 10083 11890
10083 5913 11890
9782 2997 11130
2997 9782 11130
11130 2997 9782
5296 265 2173
265 2173 5296
2173 265 5296
2439 1787 9519
9519 1787 2439
1787 2439 9519
10429 1515 7245
1515 7245 10429
7245 1515 10429
7075 2340 11359
11359 2340 7075
2340 7075 11359
11915 5621 10447
5621 10447 11915
10447 5621 11915
8977 840 4607
4607 840 8977
840 4607 8977
2657 5201 10243
10243 2657 5201
5201 2657 10243
9525 753 14113
14113 753 9525
753 9525 14113
3560 1037 3567
3567 1037 3560
1037 3560 3567
11165 7577 9528
9528 7577 11165
7577 9528 11165
5411 1205 6391
1205 5411 6391
6391 1205 5411
10982 124 14817
14817 124 10982
124 10982 14817
258 8538 11230
11230 258 8538
8538 258 11230
7479 1000 12944
1000 7479 12944
12944 1000 7479
184 11067 11776
11776 184 11067
11067 184 11776
11060 8481 13435
13435 8481 11060
8481 11060 13435
8860 4728 12422
12422 4728 8860
4728 8860 12422
10158 2124 2787
2787 2124 10158
2124 2787 10158
7381 8720 11213
11213 7381 8720
8720 7381 11213
9986 7573 8133
7573 8133 9986
8133 7573 9986
13541 6904 13535
6904 13535 13541
13535 6904 13541
3920 9997 10368
10368 3920 9997
9997 3920 10368
8124 2198 11075
2198 8124 11075
11075 2198 8124
12938 6120 13929
13929 6120 12938
6120 12938 13929
1453 1545 7916
7916 1453 1545
1545 1453 7916
13759 1469 3141
3141 1469 13759
1469 3141 13759
367 12770 13627
12770 367 13627
13627 367 12770
6759 7502 14743
7502 6759 14743
14743 6759 7502
13078 4723 10066
4723 10066 13078
10066 4723 13078
3463 6143 14614
6143 3463 14614
14614 3463 6143
11061 10643 11878
11878 10643 11061
10643 11061 11878
5434 2005 6651
6651 2005 5434
2005 5434 6651
2370 3317 8768
3317 2370 8768
8768 2370 3317
12030 4839 13385
4839 12030 13385
13385 4839 12030
4350 10187 13910
10187 4350 13910
13910 4350 10187
12511 3720 12867
12867 3720 12511
3720 12511 12867
14466 6868 9518
9518 6868 14466
6868 9518 14466
571 2703 12028
2703 571 12028
12028 571 2703
2655 67 5683
5683 67 2655
67 2655 5683
4844 6725 13089
6725 4844 13089
13089 4844 6725
5035 5931 10443
10443 5035 5931
5931 5035 10443
2595 10357 14239
10357 2595 14239
14239 2595 10357
11811 9152 12468
12468 9152 11811
9152 11811 12468
6105 7813 10646
7813 6105 10646
10646 6105 7813
8024 5169 12264
5169 8024 12264
12264 5169 8024
4200 12157 12279
12279 4200 12157
12157 4200 12279
14114 8016 14225
8016 14114 14225
14225 8016 14114
5798 7608 11577
11577 5798 7608
7608 5798 11577
14367 6726 13473
13473 6726 14367
6726 13473 14367
9302 6230 12630
6230 9302 12630
12630 6230 9302
13214 3556 14994
3556 13214 14994
14994 3556 13214
6000 5305 9612
9612 5305 6000
5305 6000 9612
13684 12700 13224
12700 13224 13684
13224 12700 13684
528 9123 14904
14904 528 9123
9123 528 14904
8560 6588 12622
6588 8560 12622
12622 6588 8560
7664 4253 8629
4253 7664 8629
8629 4253 7664
9513 5951 13230
5951 9513 13230
13230 5951 9513
3916 10286 14878
14878 3916 10286
10286 3916 14878
7152 12702 13350
12702 7152 13350
13350 7152 12702
1915 4087 10034
10034 1915 4087
4087 1915 10034
10946 1472 13944
1472 10946 13944
13944 1472 10946
8326 3933 12220
12220 3933 8326
3933 8326 12220
3486 100 12436
12436 100 3486
100 3486 12436
12209 9040 12494
12494 9040 12209
9040 12209 12494
5610 557 8906
557 5610 8906
8906 557 5610
5609 6865 8058
8058 5609 6865
6865 5609 8058
6483 8985 10594
10594 6483 8985
8985 6483 10594
14168 5577 11212
5577 11212 14168
11212 5577 14168
14631 3725 6485
3725 6485 14631
6485 3725 14631
9477 81 1196
1196 81 9477
81 1196 9477
5166 6578 7052
6578 5166 7052
7052 5166 6578
2767 5529 8051
5529 2767 8051
8051 2767 5529
1397 5318 14156
14156 1397 5318
5318 1397 14156
9950 3024 8643
8643 3024 9950
3024 8643 9950
3457 2126 6668
2126 3457 6668
6668 2126 3457
7168 7234 12389
7234 7168 12389
12389 7168 7234
9964 2967 5857
2967 5857 9964
5857 2967 9964
4572 6503 7724
7724 4572 6503
6503 4572 7724
11770 3546 14616
14616 3546 11770
3546 11770 14616
7888 1224 2258
1224 2258 7888
2258 1224 7888
303 3288 4920
4920 303 3288
3288 303 4920
5943 13888 14077
14077 5943 13888
13888 5943 14077
8946 7003 7683
7003 7683 8946
7683 7003 8946
8652 3440 4976
4976 3440 8652
3440 4976 8652
13066 3356 5210
3356 5210 13066
5210 3356 13066
7215 1595 3030
1595 3030 7215
3030 1595 7215
7639 192 11581
11581 192 7639
192 7639 11581
9865 1061 8993
8993 1061 9865
1061 8993 9865
131 6367 9414
6367 131 9414
9414 131 6367
4067 3146 14544
3146 4067 14544
14544 3146 4067
12122 5339 6832
5339 6832 12122
6832 5339 12122
3435 5663 10840
5663 3435 10840
10840 3435 5663
4560 4197 13724
4197 4560 13724
13724 4197 4560
5265 10846 14792
10846 5265 14792
14792 5265 10846
1311 1084 6587
6587 1084 1311
1084 1311 6587
2250 3241 11936
3241 2250 11936
11936 2250 3241
12049 1028 9899
1028 9899 12049
9899 1028 12049
164 4138 5160
5160 164 4138
4138 164 5160
11099 7586 13196
7586 11099 13196
13196 7586 11099
14650 2783 9174
9174 2783 14650
2783 9174 14650
5782 3243 4919
3243 4919 5782
4919 3243 5782
6534 171 3265
3265 171 6534
171 3265 6534
2723 2410 4091
2410 2723 4091
4091 2410 2723
4513 12788 14818
12788 4513 14818
14818 4513 12788
12536 12136 14999
14999 12136 12536
12136 12536 14999
1830 12042 13638
12042 1830 13638
13638 1830 12042
7190 8692 11805
8692 7190 11805
11805 7190 8692
3856 5444 10622
10622 3856 5444
5444 3856 10622
4228 36 9895
9895 36 4228
36 4228 9895
3514 1586 6745
6745 1586 3514
1586 3514 6745
5244 5235 13027
13027 5235 5244
5235 5244 13027
8331 2614 12886
2614 8331 12886
12886 2614 8331
3473 11865 12838
11865 3473 12838
12838 3473 11865
10407 3000 9269
3000 9269 10407
9269 3000 10407
3268 7791 14119
14119 3268 7791
7791 3268 14119
1606 3919 12715
12715 1606 3919
3919 1606 12715
4786 4013 4124
4013 4124 4786
4124 4013 4786
14482 7689 8295
8295 7689 14482
7689 8295 14482
13018 5162 10356
5162 10356 13018
10356 5162 13018
1908 3176 7677
7677 1908 3176
3176 1908 7677
14843 8901 9343
9343 8901 14843
8901 9343 14843
14192 1874 7992
1874 7992 14192
7992 1874 14192
8069 5031 14640
14640 5031 8069
5031 8069 14640
1847 7976 14323
14323 1847 7976
7976 1847 14323
13600 3708 7393
7393 3708 13600
3708 7393 13600
8460 6539 7109
7109 6539 8460
6539 7109 8460
1019 6607 7820
7820 1019 6607
6607 1019 7820
2764 1063 2786
1063 2764 2786
2786 1063 2764
10813 732 2550
732 2550 10813
2550 732 10813
2808 658 6197
6197 658 2808
658 2808 6197
11592 9466 13678
9466 11592 13678
13678 9466 11592
3489 5627 6069
6069 3489 5627
5627 3489 6069
2421 978 10082
978 2421 10082
10082 978 2421
10206 8328 11498
8328 10206 11498
11498 8328 10206
11431 6059 12556
12556 6059 11431
6059 11431 12556
2875 1956 3273
3273 1956 2875
1956 2875 3273
5992 7643 8318
7643 5992 8318
8318 5992 7643
13170 4636 12134
4636 12134 13170
12134 4636 13170
7162 9768 11913
11913 7162 9768
9768 7162 11913
373 569 13234
569 373 13234
13234 373 569
3810 10337 12424
10337 3810 12424
12424 3810 10337
10962 9654 12099
12099 9654 10962
9654 10962 12099
6584 1195 4458
4458 1195 6584
1195 4458 6584
459 2510 6305
6305 459 2510
2510 459 6305
1981 599 8899
599 1981 8899
8899 599 1981
7749 4833 9423
4833 7749 9423
9423 4833 7749
4179 70 10316
70 4179 10316
10316 70 4179
8829 5721 8583
5721 8583 8829
8583 5721 8829
4316 1567 6054
6054 1567 4316
1567 4316 6054
7223 10942 13407
10942 7223 13407
13407 7223 10942
1040 3987 8851
8851 1040 3987
3987 1040 8851
4551 6331 9948
6331 4551 9948
9948 4551 6331
4096 6620 8150
6620 4096 8150
8150 4096 6620
4661 1420 9829
9829 1420 4661
1420 4661 9829
1015 7319 12606
12606 1015 7319
7319 1015 12606
3581 2464 8830
2464 3581 8830
8830 2464 3581
6100 3482 12860
3482 6100 12860
12860 3482 6100
2453 10826 12056
12056 2453 10826
10826 2453 12056
5124 3137 11946
11946 3137 5124
3137 5124 11946
2156 661 5248
661 2156 5248
5248 661 2156
6129 2752 9154
9154 2752 6129
2752 6129 9154
14674 627 13915
13915 627 14674
627 13915 14674
10278 13328 13615
13615 10278 13328
13328 10278 13615
13663 9290 11138
11138 9290 13663
9290 11138 13663
397 4466 10145
10145 397 4466
4466 397 10145
4869 1032 12043
1032 4869 12043
12043 1032 4869
2387 1580 12266
12266 1580 2387
1580 2387 12266
3290 1108 8496
1108 3290 8496
8496 1108 3290
8281 6913 12701
6913 8281 12701
12701 6913 8281
1214 1864 14996
14996 1214 1864
1864 1214 14996
5005 3764 11157
11157 3764 5005
3764 5005 11157
14587 11259 12285
12285 11259 14587
11259 12285 14587
692 5734 14525
14525 692 5734
5734 692 14525
13176 3258 4199
3258 4199 13176
4199 3258 13176
13153 8998 11801
11801 8998 13153
8998 11801 13153
8362 2392 5387
2392 5387 8362
5387 2392 8362
7413 581 14954
581 7413 14954
14954 581 7413
5522 6022 11649
11649 5522 6022
6022 5522 11649
5419 6057 12783
6057 5419 12783
12783 5419 6057
12413 10299 13561
13561 10299 12413
10299 12413 13561
10080 6655 11506
6655 10080 11506
11506 6655 10080
6586 3592 13631
13631 3592 6586
3592 6586 13631
1169 10233 14399
14399 1169 10233
10233 1169 14399
12238 5975 7321
7321 5975 12238
5975 7321 12238
1337 8508 11243
8508 1337 11243
11243 1337 8508
2591 74 198
198 74 2591
74 198 2591
12100 5292 8011
8011 5292 12100
5292 8011 12100
3651 6751 12515
6751 3651 12515
12515 3651 6751
3085 2819 10267
10267 2819 3085
2819 3085 10267
13082 8341 10013
10013 8341 13082
8341 10013 13082
2620 6963 8824
6963 2620 8824
8824 2620 6963
2186 5554 6342
6342 2186 5554
5554 2186 6342
3340 207 8177
8177 207 3340
207 3340 8177
10332 2993 12902
12902 2993 10332
2993 10332 12902
14908 1977 8217
1977 8217 14908
8217 1977 14908
2409 2239 11011
11011 2239 2409
2239 2409 11011
2021 728 14830
14830 728 2021
728 2021 14830
5841 6902 7493
7493 5841 6902
6902 5841 7493
1758 6269 14061
6269 1758 14061
14061 1758 6269
14540 8843 10645
10645 8843 14540
8843 10645 14540
4516 837 10562
837 4516 10562
10562 837 4516
5630 2696 9219
9219 2696 5630
2696 5630 9219
9931 66 438
66 438 9931
438 66 9931
2668 1574 2673
2673 1574 2668
1574 2668 2673
7549 6009 14875
14875 6009 7549
6009 7549 14875
14828 5546 11823
5546 11823 14828
11823 5546 14828
12962 10377 14036
10377 12962 14036
14036 10377 12962
5898 10260 11597
10260 5898 11597
11597 5898 10260
13412 9043 14471
14471 9043 13412
9043 13412 14471
13357 11651 12223
11651 12223 13357
12223 11651 13357
4894 8578 12115
8578 4894 12115
12115 4894 8578
9670 194 7870
194 7870 9670
7870 194 9670
2604 10220 10753
10753 2604 10220
10220 2604 10753
409 12069 14288
12069 409 14288
14288 409 12069
14627 5624 10275
10275 5624 14627
5624 10275 14627
8632 11990 12614
11990 8632 12614
12614 8632 11990
5188 1065 2732
1065 2732 5188
2732 1065 5188
4434 3119 9791
9791 3119 4434
3119 4434 9791
6385 4602 11310
4602 6385 11310
11310 4602 6385
6952 4181 10139
10139 4181 6952
4181 6952 10139
447 2803 10489
10489 447 2803
2803 447 10489
10491 4916 10936
10936 4916 10491
4916 10491 10936
5209 140 1323
1323 140 5209
140 1323 5209
11037 3979 13716
13716 3979 11037
3979 11037 13716
4849 4539 7078
4539 4849 7078
7078 4539 4849
5828 830 834
834 830 5828
830 834 5828
4176 5445 13471
5445 4176 13471
13471 4176 5445
6124 4007 12747
12747 4007 6124
4007 6124 12747
10853 5 1707
1707 5 10853
5 1707 10853
11187 7839 13041
13041 7839 11187
7839 11187 13041
9328 4177 14134
14134 4177 9328
4177 9328 14134
3572 218 9030
9030 218 3572
218 3572 9030
6738 4530 14816
4530 6738 14816
14816 4530 6738
5224 3663 13487
3663 5224 13487
13487 3663 5224
10164 6154 7665
7665 6154 10164
6154 7665 10164
8681 4977 8558
4977 8558 8681
8558 4977 8681
1754 5564 14873
14873 1754 5564
5564 1754 14873
640 4218 12735
4218 640 12735
12735 640 4218
7945 3983 13975
3983 7945 13975
13975 3983 7945
14211 5015 10364
5015 10364 14211
10364 5015 14211
6755 4070 8506
4070 6755 8506
8506 4070 6755
14313 8686 9205
9205 8686 14313
8686 9205 14313
11782 118 5619
118 5619 11782
5619 118 11782
1016 10434 12195
12195 1016 10434
10434 1016 12195
1810 6373 7310
7310 1810 6373
6373 1810 7310
5407 10724 11117
11117 5407 10724
10724 5407 11117
5515 458 1751
1751 458 5515
458 1751 5515
8020 3443 7268
7268 3443 8020
3443 7268 8020
8601 4747 11046
11046 4747 8601
4747 8601 11046
6884 3588 14330
14330 3588 6884
3588 6884 14330
1480 2132 10072
10072 1480 2132
2132 1480 10072
2727 3345 12661
3345 2727 12661
12661 2727 3345
4155 6962 11185
6962 4155 11185
11185 4155 6962
9677 6635 10513
6635 9677 10513
10513 6635 9677
7370 1159 4648
1159 4648 7370
4648 1159 7370
14481 11457 13453
11457 13453 14481
13453 11457 14481
14679 2016 5987
5987 2016 14679
2016 5987 14679
11870 2513 13481
13481 2513 11870
2513 11870 13481
9602 11274 12247
11274 9602 12247
12247 9602 11274
11905 2350 10480
10480 2350 11905
2350 10480 11905
5356 7852 14469
7852 5356 14469
14469 5356 7852
2998 6708 10232
10232 2998 6708
6708 2998 10232
9812 2290 14458
14458 2290 9812
2290 9812 14458
13518 3704 9081
9081 3704 13518
3704 9081 13518
8756 822 2746
822 2746 8756
2746 822 8756
4745 3298 9242
9242 3298 4745
3298 4745 9242
9930 5792 6997
6997 5792 9930
5792 6997 9930
1745 4577 13858
4577 1745 13858
13858 1745 4577
7523 12883 13800
12883 7523 13800
13800 7523 12883
11802 6443 10938
6443 10938 11802
10938 6443 11802
12187 4534 10180
10180 4534 12187
4534 10180 12187
12020 4039 12928
4039 12020 12928
12928 4039 12020
1334 6061 13507
13507 1334 6061
6061 1334 13507
12597 864 10863
864 10863 12597
10863 864 12597
147 3269 14898
3269 147 14898
14898 147 3269
1602 4921 13650
13650 1602 4921
4921 1602 13650
6649 7957 7962
7957 6649 7962
7962 6649 7957
12949 7909 11159
7909 11159 12949
11159 7909 12949
13395 5648 12638
12638 5648 13395
5648 12638 13395
11158 208 6463
208 6463 11158
6463 208 11158
4812 6396 14684
6396 4812 14684
14684 4812 6396
10450 58 7432
58 7432 10450
7432 58 10450
1438 4393 6056
4393 1438 6056
6056 1438 4393
4494 7344 10895
10895 4494 7344
7344 4494 10895
1531 9462 10426
10426 1531 9462
9462 1531 10426
4283 10718 12569
10718 4283 12569
12569 4283 10718
92 5991 7014
7014 92 5991
5991 92 7014
2482 1779 9209
9209 1779 2482
1779 2482 9209
8974 4252 12110
12110 4252 8974
4252 8974 12110
10606 2443 3550
2443 3550 10606
3550 2443 10606
11203 1003 13626
13626 1003 11203
1003 11203 13626
6453 545 1976
545 1976 6453
1976 545 6453
12196 51 12156
51 12156 12196
12156 51 12196
2708 5132 9403
9403 2708 5132
5132 2708 9403
1389 2262 5086
2262 1389 5086
5086 1389 2262
2295 5645 6246
6246 2295 5645
5645 2295 6246
12560 1870 5447
5447 1870 12560
1870 5447 12560
4980 2356 12102
12102 2356 4980
2356 4980 12102
14784 9776 10861
9776 10861 14784
10861 9776 14784
4982 3115 4340
4340 3115 4982
3115 4340 4982
6794 6951 11855
6951 6794 11855
11855 6794 6951
11999 8580 12894
12894 8580 11999
8580 11999 12894
4584 5593 6400
6400 4584 5593
5593 4584 6400
12604 251 6433
251 6433 12604
6433 251 12604
5242 5503 13045
5503 5242 13045
13045 5242 5503
8746 4738 9564
9564 4738 8746
4738 8746 9564
6810 12401 13351
13351 6810 12401
12401 6810 13351
3474 214 6595
6595 214 3474
214 3474 6595
6324 1216 8710
8710 1216 6324
1216 6324 8710
11985 10737 12526
12526 10737 11985
10737 11985 12526
10500 2816 11248
11248 2816 10500
2816 10500 11248
4608 2346 6450
6450 2346 4608
2346 4608 6450
7186 3555 3642
3555 3642 7186
3642 3555 7186
2088 7025 8736
8736 2088 7025
7025 2088 8736
5615 1359 1807
1359 1807 5615
1807 1359 5615
8960 2833 8945
8945 2833 8960
2833 8945 8960
13072 4656 7204
4656 7204 13072
7204 4656 13072
8742 9555 14611
14611 8742 9555
9555 8742 14611
2415 3762 5250
3762 2415 5250
5250 2415 3762
7661 8846 14045
14045 7661 8846
8846 7661 14045
3001 3346 5093
3346 3001 5093
5093 3001 3346
5170 11267 12840
11267 5170 12840
12840 5170 11267
4795 3527 7636
3527 4795 7636
7636 3527 4795
716 344 5326
344 716 5326
5326 344 716
747 3715 7179
3715 747 7179
7179 747 3715
3445 6350 13315
13315 3445 6350
6350 3445 13315
13878 512 3467
512 3467 13878
3467 512 13878
2151 1035 11627
11627 1035 2151
1035 2151 11627
2768 5739 10023
10023 2768 5739
5739 2768 10023
2241 9211 14646
14646 2241 9211
9211 2241 14646
5858 9270 13489
13489 5858 9270
9270 5858 13489
7194 376 8905
8905 376 7194
376 7194 8905
8833 3982 11233
11233 3982 8833
3982 8833 11233
13344 6903 7426
6903 7426 13344
7426 6903 13344
5915 1308 11819
1308 5915 11819
11819 1308 5915
14337 12819 13744
12819 13744 14337
13744 12819 14337
6752 7446 11715
11715 6752 7446
7446 6752 11715
2554 8633 8683
8683 2554 8633
8633 2554 8683
11820 3307 4509
4509 3307 11820
3307 4509 11820
10112 9664 13284
9664 10112 13284
13284 9664 10112
7963 3147 13240
13240 3147 7963
3147 7963 13240
12981 4852 5643
5643 4852 12981
4852 5643 12981
4696 3444 12425
12425 3444 4696
3444 4696 12425
2533 4727 7171
4727 2533 7171
7171 2533 4727
6464 5370 9112
5370 6464 9112
9112 5370 6464
4029 103 12881
103 4029 12881
12881 103 4029
12848 3018 12147
3018 12147 12848
12147 3018 12848
9619 12293 12822
12822 9619 12293
12293 9619 12822
3800 7613 10954
10954 3800 7613
7613 3800 10954
7766 578 10465
578 7766 10465
10465 578 7766
10205 7445 8065
8065 7445 10205
7445 8065 10205
9260 3073 5075
5075 3073 9260
3073 5075 9260
11349 8063 10027
10027 8063 11349
8063 10027 11349
13189 1391 13751
1391 13189 13751
13751 1391 13189
7105 7146 12816
12816 7105 7146
7146 7105 12816
14951 7141 12011
7141 12011 14951
12011 7141 14951
9521 5399 6816
5399 6816 9521
6816 5399 9521
3519 3173 12794
3173 3519 12794
12794 3173 3519
9794 8099 12947
8099 9794 12947
12947 8099 9794
5006 13822 14537
13822 5006 14537
14537 5006 13822
1717 12590 14255
12590 1717 14255
14255 1717 12590
9653 4922 10228
10228 4922 9653
4922 9653 10228
337 4471 10287
10287 337 4471
4471 337 10287
13398 8617 13009
13009 8617 13398
8617 13009 13398
2080 4385 11418
4385 2080 11418
11418 2080 4385
3432 6279 9438
9438 3432 6279
6279 3432 9438
636 9445 13250
9445 636 13250
13250 636 9445
14730 4957 10394
10394 4957 14730
4957 10394 14730
7883 3557 8897
8897 3557 7883
3557 7883 8897
6553 6910 8046
8046 6553 6910
6910 6553 8046
9192 1038 2294
2294 1038 9192
1038 2294 9192
5805 5589 7213
5589 5805 7213
7213 5589 5805
7616 2905 3537
3537 2905 7616
2905 3537 7616
11534 4591 5192
5192 4591 11534
4591 5192 11534
6325 933 12503
933 6325 12503
12503 933 6325
9140 5353 9364
5353 9140 9364
9364 5353 9140
14992 4493 13952
4493 13952 14992
13952 4493 14992
1318 8719 12082
12082 1318 8719
8719 1318 12082
13820 12998 14915
12998 13820 14915
14915 12998 13820
11356 1133 3226
3226 1133 11356
1133 3226 11356
7339 8568 10972
8568 7339 10972
10972 7339 8568
719 1924 4128
4128 719 1924
1924 719 4128
11286 7736 13124
7736 11286 13124
13124 7736 11286
1233 6843 13578
13578 1233 6843
6843 1233 13578
3106 1237 7214
1237 3106 7214
7214 1237 3106
7607 7281 14310
14310 7281 7607
7281 7607 14310
14770 4412 11227
4412 11227 14770
11227 4412 14770
13815 5981 11382
11382 5981 13815
5981 11382 13815
6689 3563 5525
3563 5525 6689
5525 3563 6689
6517 381 5937
381 5937 6517
5937 381 6517
4230 7126 7149
7149 4230 7126
7126 4230 7149
2143 3893 11209
11209 2143 3893
3893 2143 11209
2044 7155 8403
7155 2044 8403
8403 2044 7155
14117 7239 11156
11156 7239 14117
7239 11156 14117
5059 1079 12594
12594 1079 5059
1079 5059 12594
13964 8394 8640
8640 8394 13964
8394 8640 13964
14819 4095 8221
4095 8221 14819
8221 4095 14819
1354 1840 13905
13905 1354 1840
1840 1354 13905
5412 922 1361
1361 922 5412
922 1361 5412
8146 396 4759
396 4759 8146
4759 396 8146
6481 1042 2651
1042 2651 6481
2651 1042 6481
6254 3848 10058
3848 6254 10058
10058 3848 6254
1409 1728 10576
10576 1409 1728
1728 1409 10576
11690 55 1344
1344 55 11690
55 1344 11690
5471 889 13235
889 5471 13235
13235 889 5471
2210 11554 11812
11812 2210 11554
11554 2210 11812
2742 4499 10715
4499 2742 10715
10715 2742 4499
12002 3174 8744
3174 8744 12002
8744 3174 12002
14226 5842 12872
12872 5842 14226
5842 12872 14226
14270 5408 8357
5408 8357 14270
8357 5408 14270
10815 4898 10061
10061 4898 10815
4898 10061 10815
6686 3071 8774
8774 3071 6686
3071 6686 8774
14731 1263 3143
1263 3143 14731
3143 1263 14731
2778 3568 14594
3568 2778 14594
14594 2778 3568
1570 1604 14496
14496 1570 1604
1604 1570 14496
4618 5561 6509
5561 4618 6509
6509 4618 5561
1698 12256 14002
14002 1698 12256
12256 1698 14002
8552 5707 13090
13090 5707 8552
5707 8552 13090
11000 3727 7610
3727 7610 11000
7610 3727 11000
11083 722 12620
722 11083 12620
12620 722 11083
715 7090 8480
7090 715 8480
8480 715 7090
7907 14062 14291
14291 7907 14062
14062 7907 14291
9807 5372 6983
5372 6983 9807
6983 5372 9807
5608 7540 14869
7540 5608 14869
14869 5608 7540
590 47 11827
47 590 11827
11827 47 590
11292 4557 6221
6221 4557 11292
4557 6221 11292
4056 6217 10864
10864 4056 6217
6217 4056 10864
3520 2697 11340
11340 2697 3520
2697 3520 11340
8514 9987 11618
9987 8514 11618
11618 8514 9987
7864 268 10959
10959 268 7864
268 7864 10959
5750 4800 7882
7882 4800 5750
4800 5750 7882
159 14526 14761
14526 159 14761
14761 159 14526
2492 343 8650
343 2492 8650
8650 343 2492
14356 7563 10618
7563 10618 14356
10618 7563 14356
14007 567 12412
567 12412 14007
12412 567 14007
8902 9852 12631
9852 8902 12631
12631 8902 9852
9801 7183 8624
8624 7183 9801
7183 8624 9801
11477 8270 13418
13418 8270 11477
8270 11477 13418
12499 572 3191
572 3191 12499
3191 572 12499
3630 2167 7360
2167 3630 7360
7360 2167 3630
2457 5154 13410
13410 2457 5154
5154 2457 13410
5558 2102 2202
2102 2202 5558
2202 2102 5558
7459 7949 12901
12901 7459 7949
7949 7459 12901
11040 7744 7767
7767 7744 11040
7744 7767 11040
10789 9329 10493
10493 9329 10789
9329 10493 10789
5342 6390 9110
6390 5342 9110
9110 5342 6390
14064 3406 8379
8379 3406 14064
3406 8379 14064
1004 492 5823
5823 492 1004
492 1004 5823
9573 4428 13485
4428 9573 13485
13485 4428 9573
7650 2966 4947
4947 2966 7650
2966 4947 7650
4313 7948 11204
11204 4313 7948
7948 4313 11204
11867 1552 3601
1552 3601 11867
3601 1552 11867
10612 3387 8837
3387 8837 10612
8837 3387 10612
2473 3805 6271
3805 2473 6271
6271 2473 3805
11332 670 827
670 827 11332
827 670 11332
14530 4988 6442
6442 4988 14530
4988 6442 14530
5763 162 9650
162 5763 9650
9650 162 5763
4175 8882 14359
8882 4175 14359
14359 4175 8882
14912 276 14957
14957 276 14912
276 14912 14957
5944 8732 14372
8732 5944 14372
14372 5944 8732
13049 239 3392
3392 239 13049
239 3392 13049
14345 6290 13918
6290 13918 14345
13918 6290 14345
4074 10868 14188
10868 4074 14188
14188 4074 10868
12596 550 7964
7964 550 12596
550 7964 12596
12435 754 2851
2851 754 12435
754 2851 12435
7117 8625 9459
9459 7117 8625
8625 7117 9459
6626 2209 5490
5490 2209 6626
2209 5490 6626
5042 1605 3205
1605 3205 5042
3205 1605 5042
2401 6581 14332
14332 2401 6581
6581 2401 14332
9608 1624 2639
2639 1624 9608
1624 2639 9608
11168 3037 7241
3037 7241 11168
7241 3037 11168
4999 10581 14378
14378 4999 10581
10581 4999 14378
4330 3428 9390
9390 3428 4330
3428 4330 9390
524 11694 12269
11694 524 12269
12269 524 11694
5252 8708 13629
8708 5252 13629
13629 5252 8708
2405 8346 12896
8346 2405 12896
12896 2405 8346
2862 6853 10967
6853 2862 10967
10967 2862 6853
7794 7060 11919
7060 7794 11919
11919 7060 7794
8476 6019 7049
6019 7049 8476
7049 6019 8476
5535 4345 11076
11076 4345 5535
4345 5535 11076
14528 45 9256
45 9256 14528
9256 45 14528
13685 3431 5920
3431 5920 13685
5920 3431 13685
7779 3962 6336
6336 3962 7779
3962 6336 7779
3331 10273 12295
10273 3331 12295
12295 3331 10273
7189 4106 14130
14130 4106 7189
4106 7189 14130
11630 544 5819
544 5819 11630
5819 544 11630
426 3692 4930
3692 426 4930
4930 426 3692
4952 20 13187
20 4952 13187
13187 20 4952
4301 9436 14971
9436 4301 14971
14971 4301 9436
5275 339 13197
13197 339 5275
339 5275 13197
2468 295 13241
295 2468 13241
13241 295 2468
12727 12997 13231
12997 12727 13231
13231 12727 12997
3902 11434 13154
11434 3902 13154
13154 3902 11434
1828 4286 8885
8885 1828 4286
4286 1828 8885
10620 502 12522
12522 502 10620
502 10620 12522
11288 1248 11096
1248 11096 11288
11096 1248 11288
1813 3883 5848
3883 1813 5848
5848 1813 3883
13359 6710 14202
6710 13359 14202
14202 6710 13359
98 3125 12553
3125 98 12553
12553 98 3125
10011 5429 11821
11821 5429 10011
5429 10011 11821
7499 501 1890
1890 501 7499
501 1890 7499
2135 2358 7111
2358 2135 7111
7111 2135 2358
2562 5534 13330
13330 2562 5534
5534 2562 13330
4075 5802 6933
6933 4075 5802
5802 4075 6933
1723 8400 12987
8400 1723 12987
12987 1723 8400
7759 10642 10902
10902 7759 10642
10642 7759 10902
2227 4749 13118
4749 2227 13118
13118 2227 4749
3093 7038 7785
7038 3093 7785
7785 3093 7038
13448 1226 6411
6411 1226 13448
1226 6411 13448
9077 9288 10808
10808 9077 9288
9288 9077 10808
4381 8338 14810
8338 4381 14810
14810 4381 8338
10547 4343 14459
14459 4343 10547
4343 10547 14459
7371 620 5091
5091 620 7371
620 5091 7371
9434 2514 7262
7262 2514 9434
2514 7262 9434
13894 284 11273
284 11273 13894
11273 284 13894
4538 1928 11174
1928 4538 11174
11174 1928 4538
8448 2449 5549
5549 2449 8448
2449 5549 8448
13768 1166 12445
12445 1166 13768
1166 12445 13768
4626 1497 4024
4024 1497 4626
1497 4024 4626
4031 3643 4143
4143 3643 4031
3643 4031 4143
8487 5832 11407
5832 8487 11407
11407 5832 8487
3811 6712 12795
6712 3811 12795
12795 3811 6712
9581 9724 10850
9724 9581 10850
10850 9581 9724
9047 1415 9656
9656 1415 9047
1415 9047 9656
11328 11444 14032
11444 11328 14032
14032 11328 11444
4960 706 3506
3506 706 4960
706 3506 4960
8325 2956 3512
3512 2956 8325
2956 3512 8325
697 4941 9416
9416 697 4941
4941 697 9416
12444 2853 10691
10691 2853 12444
2853 10691 12444
11008 1351 12929
12929 1351 11008
1351 11008 12929
7593 8287 10342
10342 7593 8287
8287 7593 10342
5309 1056 12984
1056 5309 12984
12984 1056 5309
784 4034 7589
7589 784 4034
4034 784 7589
2597 6733 9756
9756 2597 6733
6733 2597 9756
5791 11247 13356
13356 5791 11247
11247 5791 13356
6987 507 4012
507 4012 6987
4012 507 6987
3855 141 7515
141 3855 7515
7515 141 3855
13931 1356 9300
9300 1356 13931
1356 9300 13931
10757 6093 13625
6093 10757 13625
13625 6093 10757
6266 133 11559
11559 133 6266
133 6266 11559
2010 4825 7367
7367 2010 4825
4825 2010 7367
10185 1742 6798
1742 6798 10185
6798 1742 10185
1913 13173 14888
13173 1913 14888
14888 1913 13173
2284 974 7746
7746 974 2284
974 2284 7746
1388 11309 13653
11309 1388 13653
13653 1388 11309
3832 11215 14960
14960 3832 11215
