101941 13050 31889
31889 13050 101941
13050 31889 101941
82684 53056 55789
55789 53056 82684
53056 55789 82684
5776 5135 12310
5135 5776 12310
12310 5135 5776
74301 37064 47084
47084 37064 74301
37064 47084 74301
117100 11755 55950
55950 11755 117100
11755 55950 117100
60364 132136 137887
137887 60364 132136
132136 60364 137887
53408 140131 142136
142136 53408 140131
140131 53408 142136
36654 121636 147203
147203 36654 121636
121636 36654 147203
97888 50373 99852
50373 97888 99852
99852 50373 97888
69009 94774 147700
94774 69009 147700
147700 69009 94774
123956 18281 135940
18281 123956 135940
135940 18281 123956
146565 23033 64057
64057 23033 146565
23033 64057 146565
21905 51033 96878
96878 21905 51033
51033 21905 96878
34635 32313 74643
74643 32313 34635
32313 34635 74643
84607 117909 130857
130857 84607 117909
117909 84607 130857
93520 65194 79050
65194 79050 93520
79050 65194 93520
145600 19799 30834
19799 30834 145600
30834 19799 145600
49286 92341 116940
116940 49286 92341
92341 49286 116940
99349 75954 132897
132897 75954 99349
75954 99349 132897
83700 116723 130015
130015 83700 116723
116723 83700 130015
140374 50343 55074
55074 50343 140374
50343 55074 140374
137831 20111 141192
141192 20111 137831
20111 137831 141192
82409 45105 129546
129546 45105 82409
45105 82409 129546
126663 110326 141920
110326 126663 141920
141920 110326 126663
36319 66149 132853
66149 36319 132853
132853 36319 66149
19678 97708 117221
117221 19678 97708
97708 19678 117221
27180 71216 105940
71216 27180 105940
105940 27180 71216
51656 74156 114645
114645 51656 74156
74156 51656 114645
8436 21916 130832
21916 8436 130832
130832 8436 21916
115235 72509 130340
130340 72509 115235
72509 115235 130340
19896 71284 135320
71284 19896 135320
135320 19896 71284
10388 80688 84657
80688 10388 84657
84657 10388 80688
24144 29530 49242
29530 24144 49242
49242 24144 29530
67540 123890 141009
141009 67540 123890
123890 67540 141009
59261 26428 123121
123121 26428 59261
26428 59261 123121
28889 63255 86890
63255 28889 86890
86890 28889 63255
84667 58735 101076
58735 84667 101076
101076 58735 84667
128214 33494 46351
33494 46351 128214
46351 33494 128214
65498 7696 111698
7696 65498 111698
111698 7696 65498
13460 31199 86637
86637 13460 31199
31199 13460 86637
49250 93156 93882
93156 49250 93882
93882 49250 93156
27002 833 57974
57974 833 27002
833 27002 57974
111941 34168 71116
71116 34168 111941
34168 71116 111941
33780 51476 112711
51476 33780 112711
112711 33780 51476
137783 61581 127193
61581 127193 137783
127193 61581 137783
80056 40978 138600
138600 40978 80056
40978 80056 138600
15308 33321 100463
33321 15308 100463
100463 15308 33321
79498 92856 124991
92856 79498 124991
124991 79498 92856
15065 51546 68970
68970 15065 51546
51546 15065 68970
58882 16834 59297
16834 58882 59297
59297 16834 58882
58912 47411 82493
82493 47411 58912
47411 58912 82493
33999 1274 7268
1274 7268 33999
7268 1274 33999
103579 7700 11291
7700 11291 103579
11291 7700 103579
118151 59284 130697
130697 59284 118151
59284 118151 130697
114453 120224 124725
120224 114453 124725
124725 114453 120224
47681 91933 130273
91933 47681 130273
130273 47681 91933
112244 26299 125788
26299 112244 125788
125788 26299 112244
16246 129427 139507
139507 16246 129427
129427 16246 139507
2409 94245 119525
119525 2409 94245
94245 2409 119525
140319 114956 123854
123854 114956 140319
114956 123854 140319
21056 48560 79673
48560 21056 79673
79673 21056 48560
126953 62027 105646
62027 105646 126953
105646 62027 126953
71932 120131 136149
120131 71932 136149
136149 71932 120131
117678 5758 113186
5758 113186 117678
113186 5758 117678
131047 78808 125647
78808 125647 131047
125647 78808 131047
22225 44565 126225
126225 22225 44565
44565 22225 126225
78082 60234 104039
104039 60234 78082
60234 78082 104039
98449 13999 14202
14202 13999 98449
13999 14202 98449
113042 513 137563
513 113042 137563
137563 513 113042
91320 7561 115853
7561 91320 115853
115853 7561 91320
97263 16673 128193
128193 16673 97263
16673 97263 128193
97323 11395 129461
129461 11395 97323
11395 97323 129461
30011 110745 123920
123920 30011 110745
110745 30011 123920
18081 93750 108884
93750 18081 108884
108884 18081 93750
102989 91606 94399
91606 94399 102989
94399 91606 102989
81523 4523 31878
31878 4523 81523
4523 31878 81523
7305 110393 122583
122583 7305 110393
110393 7305 122583
132745 86043 110432
86043 110432 132745
110432 86043 132745
122638 18628 28573
18628 28573 122638
28573 18628 122638
13192 9661 9712
9712 9661 13192
9661 9712 13192
86769 43705 106936
43705 86769 106936
106936 43705 86769
103964 85327 145777
85327 103964 145777
145777 85327 103964
122764 63280 114879
114879 63280 122764
63280 114879 122764
110669 86082 134265
86082 110669 134265
134265 86082 110669
106660 46822 64769
64769 46822 106660
46822 64769 106660
28045 88544 104569
88544 28045 104569
104569 28045 88544
132071 42860 43729
43729 42860 132071
42860 43729 132071
147308 2465 134035
134035 2465 147308
2465 134035 147308
124416 80789 122947
122947 80789 124416
80789 122947 124416
49770 84313 95349
84313 49770 95349
95349 49770 84313
121614 39228 107437
107437 39228 121614
39228 107437 121614
9586 20830 112805
20830 9586 112805
112805 9586 20830
121589 12996 136390
12996 121589 136390
136390 12996 121589
127638 96960 146982
96960 127638 146982
146982 96960 127638
71847 56617 129165
56617 71847 129165
129165 56617 71847
14072 790 14798
14798 790 14072
790 14072 14798
117623 30120 147687
30120 117623 147687
147687 30120 117623
128224 4778 110306
110306 4778 128224
4778 110306 128224
96380 45968 134123
45968 96380 134123
134123 45968 96380
134534 43068 62049
62049 43068 134534
43068 62049 134534
13972 2495 22592
22592 2495 13972
2495 13972 22592
96959 112182 148195
148195 96959 112182
112182 96959 148195
119860 25959 144490
25959 119860 144490
144490 25959 119860
60588 34511 47451
34511 47451 60588
47451 34511 60588
47315 78892 99798
99798 47315 78892
78892 47315 99798
66820 28399 106844
28399 66820 106844
106844 28399 66820
43185 52210 131497
131497 43185 52210
52210 43185 131497
103515 107062 112996
107062 103515 112996
112996 103515 107062
89573 47816 93201
47816 89573 93201
93201 47816 89573
147897 68642 125071
125071 68642 147897
68642 125071 147897
83047 41321 78991
78991 41321 83047
41321 78991 83047
8699 111903 130220
130220 8699 111903
111903 8699 130220
24707 81813 135716
81813 24707 135716
135716 24707 81813
116033 25792 27090
27090 25792 116033
25792 27090 116033
92932 35461 138788
138788 35461 92932
35461 92932 138788
147814 7122 122554
122554 7122 147814
7122 122554 147814
50330 2898 138434
138434 2898 50330
2898 50330 138434
24146 3527 71082
71082 3527 24146
3527 24146 71082
31085 12637 91163
12637 31085 91163
91163 12637 31085
149520 113497 128569
128569 113497 149520
113497 128569 149520
79630 55382 131560
55382 79630 131560
131560 55382 79630
34950 43633 118857
118857 34950 43633
43633 34950 118857
14178 24590 66128
24590 14178 66128
66128 14178 24590
38139 19136 131025
131025 19136 38139
19136 38139 131025
142918 89468 149311
149311 89468 142918
89468 142918 149311
49712 97753 147344
147344 49712 97753
97753 49712 147344
38137 34391 149666
34391 38137 149666
149666 34391 38137
82343 36582 137258
36582 82343 137258
137258 36582 82343
79144 88467 146542
146542 79144 88467
88467 79144 146542
79952 35951 74324
74324 35951 79952
35951 74324 79952
24593 61650 113176
61650 24593 113176
113176 24593 61650
124429 9658 38434
38434 9658 124429
9658 38434 124429
105548 59968 110106
59968 105548 110106
110106 59968 105548
59280 429 16742
429 16742 59280
16742 429 59280
3929 17777 137715
17777 3929 137715
137715 3929 17777
145482 14640 73342
73342 14640 145482
14640 73342 145482
76889 59359 148564
59359 76889 148564
148564 59359 76889
91299 66644 127707
127707 66644 91299
66644 91299 127707
108313 3305 128432
3305 108313 128432
128432 3305 108313
84374 66664 78525
66664 78525 84374
78525 66664 84374
32447 91893 117026
117026 32447 91893
91893 32447 117026
45993 1733 142910
142910 1733 45993
1733 45993 142910
113666 73762 136432
136432 73762 113666
73762 113666 136432
8903 8590 116888
8590 8903 116888
116888 8590 8903
66236 54510 63699
54510 63699 66236
63699 54510 66236
10570 12272 59860
12272 10570 59860
59860 10570 12272
26536 8703 94643
94643 8703 26536
8703 26536 94643
111274 55684 93807
55684 93807 111274
93807 55684 111274
40838 31045 47102
31045 40838 47102
47102 31045 40838
114628 45468 131381
45468 114628 131381
131381 45468 114628
96967 9088 119066
119066 9088 96967
9088 96967 119066
7471 25440 27131
27131 7471 25440
25440 7471 27131
53732 44906 79437
79437 44906 53732
44906 53732 79437
145234 21 46175
21 46175 145234
46175 21 145234
128359 512 27380
512 27380 128359
27380 512 128359
129758 16359 77974
77974 16359 129758
16359 77974 129758
13074 130071 132715
132715 13074 130071
130071 13074 132715
122494 34632 56815
34632 56815 122494
56815 34632 122494
138661 69842 129104
129104 69842 138661
69842 129104 138661
20035 29386 73923
73923 20035 29386
29386 20035 73923
129137 32582 94732
94732 32582 129137
32582 94732 129137
86084 17126 46233
46233 17126 86084
17126 46233 86084
3153 81538 129298
81538 3153 129298
129298 3153 81538
146063 58250 107716
58250 107716 146063
107716 58250 146063
135903 49058 56670
56670 49058 135903
49058 56670 135903
98607 15785 115346
115346 15785 98607
15785 98607 115346
14657 29970 93002
93002 14657 29970
29970 14657 93002
119714 97045 133639
97045 119714 133639
133639 97045 119714
77180 106535 131678
131678 77180 106535
106535 77180 131678
108551 104702 118874
118874 104702 108551
104702 108551 118874
134085 28015 97243
28015 97243 134085
97243 28015 134085
1385 62766 75107
62766 1385 75107
75107 1385 62766
14855 65604 143760
143760 14855 65604
65604 14855 143760
54925 47888 67075
67075 47888 54925
47888 54925 67075
29519 30590 117332
117332 29519 30590
30590 29519 117332
23083 69160 90611
90611 23083 69160
69160 23083 90611
136395 26530 130183
26530 130183 136395
130183 26530 136395
136970 53537 143410
143410 53537 136970
53537 136970 143410
83018 7231 128297
128297 7231 83018
7231 83018 128297
95710 8220 56661
8220 56661 95710
56661 8220 95710
109371 88692 97996
97996 88692 109371
88692 97996 109371
44788 59010 94409
59010 44788 94409
94409 44788 59010
35816 23328 43494
43494 23328 35816
23328 35816 43494
877 75426 95694
75426 877 95694
95694 877 75426
68927 29908 119808
29908 68927 119808
119808 29908 68927
64861 5640 123350
5640 64861 123350
123350 5640 64861
114689 80190 89776
89776 80190 114689
80190 89776 114689
100441 19264 111200
19264 100441 111200
111200 19264 100441
56085 4261 21920
4261 21920 56085
21920 4261 56085
57051 686 94724
94724 686 57051
686 57051 94724
5083 42808 59090
59090 5083 42808
42808 5083 59090
52486 56074 116969
116969 52486 56074
56074 52486 116969
138184 55744 87286
87286 55744 138184
55744 87286 138184
68247 54645 77480
77480 54645 68247
54645 68247 77480
18097 64824 98575
98575 18097 64824
64824 18097 98575
47383 34524 92719
92719 34524 47383
34524 47383 92719
148690 38068 56342
56342 38068 148690
38068 56342 148690
589 22735 38626
22735 589 38626
38626 589 22735
43678 97313 146778
146778 43678 97313
97313 43678 146778
137801 25779 108299
25779 108299 137801
108299 25779 137801
87091 60362 85116
60362 85116 87091
85116 60362 87091
10110 17112 26253
26253 10110 17112
17112 10110 26253
143061 6390 125771
6390 125771 143061
125771 6390 143061
29363 97835 122630
97835 29363 122630
122630 29363 97835
67551 116189 144519
116189 67551 144519
144519 67551 116189
94805 31892 113354
31892 94805 113354
113354 31892 94805
87687 26875 72031
26875 72031 87687
72031 26875 87687
66092 80074 117251
117251 66092 80074
80074 66092 117251
97012 60227 140108
60227 97012 140108
140108 60227 97012
45676 29065 38572
29065 38572 45676
38572 29065 45676
72808 24681 43703
24681 43703 72808
43703 24681 72808
96565 18932 104942
104942 18932 96565
18932 96565 104942
42529 2442 5449
2442 5449 42529
5449 2442 42529
63101 55571 72801
72801 55571 63101
55571 63101 72801
43751 34475 65946
65946 34475 43751
34475 43751 65946
16222 29737 109913
29737 16222 109913
109913 16222 29737
117321 44174 75523
75523 44174 117321
44174 75523 117321
14526 84927 125031
84927 14526 125031
125031 14526 84927
63489 77720 103986
103986 63489 77720
77720 63489 103986
114346 11681 64118
11681 64118 114346
64118 11681 114346
109926 35457 48250
48250 35457 109926
35457 48250 109926
53779 101022 114086
114086 53779 101022
101022 53779 114086
9984 5163 30091
30091 5163 9984
5163 9984 30091
107427 122686 124369
124369 107427 122686
122686 107427 124369
18958 98576 140387
98576 18958 140387
140387 18958 98576
35336 123936 127065
127065 35336 123936
123936 35336 127065
65798 10833 37877
10833 37877 65798
37877 10833 65798
23394 11784 128470
128470 11784 23394
11784 23394 128470
129547 44032 112283
44032 112283 129547
112283 44032 129547
104205 89175 114322
114322 89175 104205
89175 104205 114322
48388 32988 110404
32988 48388 110404
110404 32988 48388
101802 58352 66839
66839 58352 101802
58352 66839 101802
55422 46980 69307
69307 46980 55422
46980 55422 69307
90586 125268 147561
147561 90586 125268
125268 90586 147561
53772 139057 145370
145370 53772 139057
139057 53772 145370
140743 56196 66345
66345 56196 140743
56196 66345 140743
87228 81778 98751
98751 81778 87228
81778 87228 98751
133102 2612 78412
78412 2612 133102
2612 78412 133102
83326 67605 76123
76123 67605 83326
67605 76123 83326
34800 34065 118095
34065 34800 118095
118095 34065 34800
72703 72847 73867
73867 72703 72847
72847 72703 73867
46039 59186 115074
59186 46039 115074
115074 46039 59186
26866 14864 133407
14864 26866 133407
133407 14864 26866
39508 116674 141545
141545 39508 116674
116674 39508 141545
69180 85151 129158
85151 69180 129158
129158 69180 85151
82069 67397 103188
67397 82069 103188
103188 67397 82069
1837 36232 60818
36232 1837 60818
60818 1837 36232
39178 22090 38090
22090 38090 39178
38090 22090 39178
15179 791 79231
791 15179 79231
79231 791 15179
45432 24616 37702
24616 37702 45432
37702 24616 45432
122873 2655 27962
2655 27962 122873
27962 2655 122873
70010 90646 119432
119432 70010 90646
90646 70010 119432
37262 134086 137097
137097 37262 134086
134086 37262 137097
111913 11065 24450
11065 24450 111913
24450 11065 111913
82949 78747 140680
78747 82949 140680
140680 78747 82949
143017 36026 55768
55768 36026 143017
36026 55768 143017
139545 96288 120289
96288 120289 139545
120289 96288 139545
64157 56777 91603
91603 56777 64157
56777 64157 91603
56756 117463 138003
117463 56756 138003
138003 56756 117463
24383 69977 85621
69977 24383 85621
85621 24383 69977
49505 66702 144630
66702 49505 144630
144630 49505 66702
113707 356 15082
15082 356 113707
356 15082 113707
45058 2852 15546
15546 2852 45058
2852 15546 45058
26271 77483 109336
77483 26271 109336
109336 26271 77483
42681 37060 142099
37060 42681 142099
142099 37060 42681
133907 75753 89691
89691 75753 133907
75753 89691 133907
25605 20940 132448
132448 20940 25605
20940 25605 132448
28030 111781 124585
124585 28030 111781
111781 28030 124585
41155 28788 90866
28788 41155 90866
90866 28788 41155
75330 116734 127739
116734 75330 127739
127739 75330 116734
147079 63433 104051
63433 104051 147079
104051 63433 147079
58565 55425 69810
69810 55425 58565
55425 58565 69810
2581 36900 49237
36900 2581 49237
49237 2581 36900
71583 60129 106010
106010 60129 71583
60129 71583 106010
75313 95669 96552
96552 75313 95669
95669 75313 96552
80100 678 145125
678 80100 145125
145125 678 80100
110344 77375 102586
77375 102586 110344
102586 77375 110344
131588 510 18825
18825 510 131588
510 18825 131588
90127 65570 76981
76981 65570 90127
65570 76981 90127
31436 127276 140531
140531 31436 127276
127276 31436 140531
53842 74231 146904
74231 53842 146904
146904 53842 74231
103830 52630 57645
57645 52630 103830
52630 57645 103830
53053 107308 140411
140411 53053 107308
107308 53053 140411
98404 5285 32525
32525 5285 98404
5285 32525 98404
103955 52356 126756
126756 52356 103955
52356 103955 126756
140324 8965 88345
8965 88345 140324
88345 8965 140324
67044 55362 57381
57381 55362 67044
55362 57381 67044
73956 21248 132080
132080 21248 73956
21248 73956 132080
125018 17239 39090
39090 17239 125018
17239 39090 125018
49288 68744 143718
143718 49288 68744
68744 49288 143718
146183 65505 67930
65505 67930 146183
67930 65505 146183
25995 36732 67395
67395 25995 36732
36732 25995 67395
102682 5929 132271
132271 5929 102682
5929 102682 132271
101164 30612 112413
30612 101164 112413
112413 30612 101164
92210 125163 140341
140341 92210 125163
125163 92210 140341
55761 33185 53792
53792 33185 55761
33185 53792 55761
49235 69270 141956
141956 49235 69270
69270 49235 141956
30511 101866 134068
101866 30511 134068
134068 30511 101866
54582 48810 143973
48810 54582 143973
143973 48810 54582
105309 42576 136297
136297 42576 105309
42576 105309 136297
1633 66997 100760
100760 1633 66997
66997 1633 100760
125550 8370 77357
77357 8370 125550
8370 77357 125550
65603 141040 146530
146530 65603 141040
141040 65603 146530
28092 44712 89210
89210 28092 44712
44712 28092 89210
142332 80576 112138
80576 112138 142332
112138 80576 142332
143909 107260 108790
108790 107260 143909
107260 108790 143909
117846 2607 65580
2607 65580 117846
65580 2607 117846
66641 19927 92100
19927 66641 92100
92100 19927 66641
27253 1301 77733
1301 27253 77733
77733 1301 27253
26485 9180 113782
113782 9180 26485
9180 26485 113782
148633 59194 133921
133921 59194 148633
59194 133921 148633
9267 4618 39515
4618 9267 39515
39515 4618 9267
36139 40609 55813
55813 36139 40609
40609 36139 55813
57988 10935 136416
10935 57988 136416
136416 10935 57988
116476 63801 65777
65777 63801 116476
63801 65777 116476
45493 30879 112361
112361 30879 45493
30879 45493 112361
83516 55001 108577
55001 83516 108577
108577 55001 83516
36852 82617 82857
82857 36852 82617
82617 36852 82857
126751 59531 86286
86286 59531 126751
59531 86286 126751
21421 3827 90222
90222 3827 21421
3827 21421 90222
110782 3742 5269
5269 3742 110782
3742 5269 110782
31034 97233 107439
97233 31034 107439
107439 31034 97233
2199 12965 109829
109829 2199 12965
12965 2199 109829
145519 5820 134150
134150 5820 145519
5820 134150 145519
37121 789 130434
789 37121 130434
130434 789 37121
78281 68516 81824
81824 68516 78281
68516 78281 81824
149820 70837 79319
79319 70837 149820
70837 79319 149820
96150 42415 97674
42415 96150 97674
97674 42415 96150
84220 8423 34739
8423 34739 84220
34739 8423 84220
114845 3330 9352
9352 3330 114845
3330 9352 114845
21410 14603 29977
29977 14603 21410
14603 21410 29977
8327 60676 148723
148723 8327 60676
60676 8327 148723
101505 56984 148613
56984 101505 148613
148613 56984 101505
63479 10519 108791
10519 63479 108791
108791 10519 63479
49326 63768 89236
89236 49326 63768
63768 49326 89236
78927 23714 26917
26917 23714 78927
23714 26917 78927
6318 22755 28926
28926 6318 22755
22755 6318 28926
142617 34811 44673
34811 44673 142617
44673 34811 142617
20685 4386 67805
4386 20685 67805
67805 4386 20685
115733 38916 83222
83222 38916 115733
38916 83222 115733
57976 15274 82503
15274 57976 82503
82503 15274 57976
112493 31136 61308
61308 31136 112493
31136 61308 112493
133891 75961 108753
108753 75961 133891
75961 108753 133891
28974 66953 70067
66953 28974 70067
70067 28974 66953
58218 7405 134350
134350 7405 58218
7405 58218 134350
93104 132048 137546
132048 93104 137546
137546 93104 132048
149708 66605 100701
100701 66605 149708
66605 100701 149708
148382 105283 121982
105283 121982 148382
121982 105283 148382
59241 34762 141134
141134 34762 59241
34762 59241 141134
2626 40 141726
141726 40 2626
40 2626 141726
52796 93050 124731
124731 52796 93050
93050 52796 124731
100724 3170 22212
3170 22212 100724
22212 3170 100724
22772 84227 136505
84227 22772 136505
136505 22772 84227
29420 10721 48219
48219 10721 29420
10721 29420 48219
47779 20649 56111
20649 47779 56111
56111 20649 47779
31587 43466 127474
127474 31587 43466
43466 31587 127474
61202 33101 49178
33101 49178 61202
49178 33101 61202
145459 13102 39417
39417 13102 145459
13102 39417 145459
140528 28180 131254
28180 131254 140528
131254 28180 140528
22434 5978 33330
5978 22434 33330
33330 5978 22434
65840 139781 144869
144869 65840 139781
139781 65840 144869
13605 61278 116965
61278 13605 116965
116965 13605 61278
57028 93460 146723
146723 57028 93460
93460 57028 146723
132255 123170 146502
123170 132255 146502
146502 123170 132255
108120 45044 57455
45044 57455 108120
57455 45044 108120
36615 68941 77988
77988 36615 68941
68941 36615 77988
119169 92934 98014
92934 98014 119169
98014 92934 119169
48823 4281 113680
113680 4281 48823
4281 48823 113680
17452 28405 128799
28405 17452 128799
128799 17452 28405
76064 104282 109091
104282 76064 109091
109091 76064 104282
21580 86013 138889
86013 21580 138889
138889 21580 86013
55582 55629 126673
55629 55582 126673
126673 55582 55629
42135 1893 62806
1893 42135 62806
62806 1893 42135
31527 38934 58786
58786 31527 38934
38934 31527 58786
138969 17961 46580
46580 17961 138969
17961 46580 138969
71353 100116 119527
100116 71353 119527
119527 71353 100116
119 114591 145594
145594 119 114591
114591 119 145594
99571 82539 96953
96953 82539 99571
82539 96953 99571
130296 37347 50997
50997 37347 130296
37347 50997 130296
40527 22308 103945
103945 22308 40527
22308 40527 103945
49096 104539 117907
104539 49096 117907
117907 49096 104539
77933 24950 108079
108079 24950 77933
24950 77933 108079
64996 14133 99963
14133 64996 99963
99963 14133 64996
20187 110465 142376
110465 20187 142376
142376 20187 110465
11188 35690 141614
141614 11188 35690
35690 11188 141614
19914 6910 19144
6910 19144 19914
19144 6910 19914
93555 109090 137679
137679 93555 109090
109090 93555 137679
92885 47200 56183
47200 56183 92885
56183 47200 92885
25075 22850 24347
22850 24347 25075
24347 22850 25075
142719 55520 135015
55520 135015 142719
135015 55520 142719
55375 62961 95126
62961 55375 95126
95126 55375 62961
23477 86090 133531
86090 23477 133531
133531 23477 86090
119461 92896 142369
92896 119461 142369
142369 92896 119461
60072 16123 50068
50068 16123 60072
16123 50068 60072
100710 19333 101361
101361 19333 100710
19333 100710 101361
99217 44052 100145
44052 99217 100145
100145 44052 99217
49827 76566 107122
76566 49827 107122
107122 49827 76566
84308 63419 145318
145318 63419 84308
63419 84308 145318
7293 13345 107280
13345 7293 107280
107280 7293 13345
84874 70042 94905
94905 70042 84874
70042 84874 94905
91110 77447 83698
77447 83698 91110
83698 77447 91110
6714 33186 149508
33186 6714 149508
149508 6714 33186
45586 1746 23076
23076 1746 45586
1746 23076 45586
139598 38858 125252
38858 125252 139598
125252 38858 139598
138652 27653 115665
27653 115665 138652
115665 27653 138652
6812 77642 139412
139412 6812 77642
77642 6812 139412
56623 135498 149075
135498 56623 149075
149075 56623 135498
76754 3069 43062
43062 3069 76754
3069 43062 76754
27046 53429 109350
53429 27046 109350
109350 27046 53429
128908 38697 114403
38697 114403 128908
114403 38697 128908
10373 89227 142026
142026 10373 89227
89227 10373 142026
99254 87297 108552
87297 99254 108552
108552 87297 99254
44807 98 142790
142790 98 44807
98 44807 142790
47207 21312 92479
92479 21312 47207
21312 47207 92479
82867 77112 103576
77112 82867 103576
103576 77112 82867
131259 59949 118789
59949 118789 131259
118789 59949 131259
120156 4722 144157
144157 4722 120156
4722 120156 144157
9952 64677 145532
145532 9952 64677
64677 9952 145532
69299 48731 88100
88100 48731 69299
48731 69299 88100
46876 35301 53012
35301 46876 53012
53012 35301 46876
37 79092 92600
92600 37 79092
79092 37 92600
71963 35631 105391
105391 35631 71963
35631 71963 105391
95954 38176 117253
117253 38176 95954
38176 95954 117253
47302 7039 122350
7039 47302 122350
122350 7039 47302
34746 2883 22890
22890 2883 34746
2883 22890 34746
89533 11374 136114
136114 11374 89533
11374 89533 136114
109351 52429 110641
110641 52429 109351
52429 109351 110641
96006 1245 109809
109809 1245 96006
1245 96006 109809
66154 74022 74310
74310 66154 74022
74022 66154 74310
21518 3667 93086
93086 3667 21518
3667 21518 93086
38520 28301 118875
28301 38520 118875
118875 28301 38520
114723 300 110903
110903 300 114723
300 110903 114723
112153 69001 126731
69001 112153 126731
126731 69001 112153
28084 1204 20621
1204 20621 28084
20621 1204 28084
95192 59198 107409
107409 59198 95192
59198 95192 107409
55226 40195 54570
54570 40195 55226
40195 54570 55226
10103 86486 124989
124989 10103 86486
86486 10103 124989
47410 55973 146061
55973 47410 146061
146061 47410 55973
112856 97282 141451
141451 97282 112856
97282 112856 141451
51875 15720 64851
15720 51875 64851
64851 15720 51875
124680 53509 74954
74954 53509 124680
53509 74954 124680
1415 73717 78186
78186 1415 73717
73717 1415 78186
63551 5174 118516
118516 5174 63551
5174 63551 118516
14348 40770 125110
125110 14348 40770
40770 14348 125110
91351 52714 126324
126324 52714 91351
52714 91351 126324
110938 106200 116410
116410 106200 110938
106200 110938 116410
130371 48862 115497
48862 115497 130371
115497 48862 130371
108923 41982 90816
41982 90816 108923
90816 41982 108923
67034 2966 34680
34680 2966 67034
2966 34680 67034
19385 77191 144760
144760 19385 77191
77191 19385 144760
99236 12337 23683
23683 12337 99236
12337 23683 99236
16555 109933 115333
109933 16555 115333
115333 16555 109933
12466 52652 68039
68039 12466 52652
52652 12466 68039
136088 7351 83938
7351 83938 136088
83938 7351 136088
17823 24911 81825
24911 17823 81825
81825 17823 24911
70442 1735 136191
136191 1735 70442
1735 70442 136191
119191 23042 120917
23042 119191 120917
120917 23042 119191
11502 88029 149597
88029 11502 149597
149597 11502 88029
102967 32787 69989
32787 69989 102967
69989 32787 102967
49880 15610 21546
15610 21546 49880
21546 15610 49880
82162 50881 135253
50881 82162 135253
135253 50881 82162
59508 81826 141656
141656 59508 81826
81826 59508 141656
99105 33206 113911
33206 99105 113911
113911 33206 99105
4802 94860 129588
94860 4802 129588
129588 4802 94860
148485 38574 46533
46533 38574 148485
38574 46533 148485
33271 107398 143385
143385 33271 107398
107398 33271 143385
147523 70627 129505
70627 129505 147523
129505 70627 147523
94787 34163 65908
34163 65908 94787
65908 34163 94787
26626 132858 143727
132858 26626 143727
143727 26626 132858
88791 20241 130379
20241 88791 130379
130379 20241 88791
86058 12280 99693
99693 12280 86058
12280 86058 99693
111174 39224 49191
49191 39224 111174
39224 49191 111174
76081 86364 89201
89201 76081 86364
86364 76081 89201
124950 45574 61271
45574 61271 124950
61271 45574 124950
14586 83866 135042
83866 14586 135042
135042 14586 83866
24685 8397 62313
62313 8397 24685
8397 24685 62313
140846 18586 65986
18586 65986 140846
65986 18586 140846
30202 35389 144892
35389 30202 144892
144892 30202 35389
18813 38996 122872
122872 18813 38996
38996 18813 122872
20394 38556 129105
129105 20394 38556
38556 20394 129105
71994 67227 112570
67227 71994 112570
112570 67227 71994
143370 53281 141242
141242 53281 143370
53281 141242 143370
96345 38316 137387
137387 38316 96345
38316 96345 137387
60322 49938 86994
49938 60322 86994
86994 49938 60322
118848 14320 145351
145351 14320 118848
14320 118848 145351
107029 61977 90575
90575 61977 107029
61977 90575 107029
101631 70202 82462
82462 70202 101631
70202 82462 101631
100454 42011 72499
72499 42011 100454
42011 72499 100454
130378 38843 58458
38843 58458 130378
58458 38843 130378
134333 5184 99679
99679 5184 134333
5184 99679 134333
135333 11997 30247
30247 11997 135333
11997 30247 135333
149713 141290 141732
141732 141290 149713
141290 141732 149713
54512 6819 138672
138672 6819 54512
6819 54512 138672
100002 57350 107898
107898 57350 100002
57350 100002 107898
122984 62631 138591
138591 62631 122984
62631 122984 138591
122555 17156 46678
46678 17156 122555
17156 46678 122555
143353 104489 128927
128927 104489 143353
104489 128927 143353
141624 13833 54312
13833 54312 141624
54312 13833 141624
146844 72512 126275
72512 126275 146844
126275 72512 146844
15487 83844 124549
83844 15487 124549
124549 15487 83844
123699 105441 120584
120584 105441 123699
105441 120584 123699
105110 9575 119277
9575 105110 119277
119277 9575 105110
42880 15721 118332
15721 42880 118332
118332 15721 42880
134172 11228 108607
11228 108607 134172
108607 11228 134172
101247 10344 111883
111883 10344 101247
10344 101247 111883
124500 92840 107245
92840 107245 124500
107245 92840 124500
32463 5721 101522
101522 5721 32463
5721 32463 101522
70236 24278 41623
41623 24278 70236
24278 41623 70236
79522 21341 109394
109394 21341 79522
21341 79522 109394
64588 11563 113216
113216 11563 64588
11563 64588 113216
95449 91292 134450
134450 91292 95449
91292 95449 134450
91471 116628 120778
120778 91471 116628
116628 91471 120778
10323 18394 68659
18394 10323 68659
68659 10323 18394
64335 37808 119780
37808 64335 119780
119780 37808 64335
68014 36365 128317
36365 68014 128317
128317 36365 68014
73372 22936 104153
104153 22936 73372
22936 73372 104153
97700 26923 136254
26923 97700 136254
136254 26923 97700
126157 37681 88419
37681 88419 126157
88419 37681 126157
99838 86973 133786
133786 86973 99838
86973 99838 133786
88053 52716 105622
105622 52716 88053
52716 88053 105622
63383 80640 89582
80640 63383 89582
89582 63383 80640
62962 19292 132496
19292 62962 132496
132496 19292 62962
63008 136219 144255
144255 63008 136219
136219 63008 144255
63872 24786 46073
24786 46073 63872
46073 24786 63872
93995 26477 58112
58112 26477 93995
26477 58112 93995
4860 13562 148015
148015 4860 13562
13562 4860 148015
72633 92190 119217
119217 72633 92190
92190 72633 119217
1409 74567 146868
74567 1409 146868
146868 1409 74567
43978 25187 45517
25187 43978 45517
45517 25187 43978
73272 34032 52420
52420 34032 73272
34032 52420 73272
86446 6728 27900
27900 6728 86446
6728 27900 86446
73786 9983 81870
9983 73786 81870
81870 9983 73786
12722 25371 67484
67484 12722 25371
25371 12722 67484
89167 83462 109103
109103 83462 89167
83462 89167 109103
55974 70182 86411
86411 55974 70182
70182 55974 86411
81429 22876 84164
22876 81429 84164
84164 22876 81429
147168 1249 94436
94436 1249 147168
1249 94436 147168
87123 70315 83616
70315 83616 87123
83616 70315 87123
33683 96604 100138
96604 33683 100138
100138 33683 96604
148080 39151 85443
39151 85443 148080
85443 39151 148080
149540 4540 121460
4540 121460 149540
121460 4540 149540
93726 22738 41748
41748 22738 93726
22738 41748 93726
48062 16853 44172
44172 16853 48062
16853 44172 48062
140272 71838 117342
117342 71838 140272
71838 117342 140272
145787 67007 88535
67007 88535 145787
88535 67007 145787
354 64615 84914
84914 354 64615
64615 354 84914
117434 39867 109133
109133 39867 117434
39867 109133 117434
13588 13631 149380
13631 13588 149380
149380 13588 13631
95226 14985 44682
44682 14985 95226
14985 44682 95226
45943 75468 93420
93420 45943 75468
75468 45943 93420
129772 25086 149664
149664 25086 129772
25086 129772 149664
115885 109954 144276
109954 115885 144276
144276 109954 115885
74459 14459 61975
14459 61975 74459
61975 14459 74459
101828 9295 27014
9295 27014 101828
27014 9295 101828
67060 69162 138311
138311 67060 69162
69162 67060 138311
111831 23512 40839
23512 40839 111831
40839 23512 111831
128149 65673 67571
65673 67571 128149
67571 65673 128149
146047 43300 116648
43300 116648 146047
116648 43300 146047
42667 50003 117358
117358 42667 50003
50003 42667 117358
60257 64958 122417
122417 60257 64958
64958 60257 122417
31782 56558 56820
56820 31782 56558
56558 31782 56820
37784 22654 54725
22654 37784 54725
54725 22654 37784
50449 113976 138857
113976 50449 138857
138857 50449 113976
79357 37750 84526
37750 79357 84526
84526 37750 79357
83688 39252 102456
102456 39252 83688
39252 83688 102456
108522 45777 55394
45777 55394 108522
55394 45777 108522
2765 24926 63929
63929 2765 24926
24926 2765 63929
106202 49512 55096
49512 55096 106202
55096 49512 106202
74841 67373 108730
108730 67373 74841
67373 74841 108730
144170 70124 131097
131097 70124 144170
70124 131097 144170
65599 120618 137745
137745 65599 120618
120618 65599 137745
100891 45580 58048
58048 45580 100891
45580 58048 100891
145042 17150 119513
17150 119513 145042
119513 17150 145042
51291 75436 132606
75436 51291 132606
132606 51291 75436
89275 7564 143417
7564 89275 143417
143417 7564 89275
12330 16349 105236
105236 12330 16349
16349 12330 105236
127566 79296 95543
79296 95543 127566
95543 79296 127566
131861 61182 92332
61182 92332 131861
92332 61182 131861
58456 13540 80554
80554 13540 58456
13540 58456 80554
16531 5926 61707
61707 5926 16531
5926 16531 61707
128867 84604 140525
140525 84604 128867
84604 128867 140525
29596 40068 115255
115255 29596 40068
40068 29596 115255
121923 1934 60661
1934 60661 121923
60661 1934 121923
66079 33455 99736
33455 66079 99736
99736 33455 66079
85817 87363 130645
87363 85817 130645
130645 85817 87363
86875 567 147923
567 86875 147923
147923 567 86875
48689 59213 145846
59213 48689 145846
145846 48689 59213
73248 118460 125113
125113 73248 118460
118460 73248 125113
60922 109426 138863
109426 60922 138863
138863 60922 109426
104141 22825 117547
117547 22825 104141
22825 104141 117547
128000 130036 145921
145921 128000 130036
130036 128000 145921
106834 64704 93469
93469 64704 106834
64704 93469 106834
92976 100374 141075
141075 92976 100374
100374 92976 141075
96820 19187 54864
54864 19187 96820
19187 54864 96820
90079 98072 149045
98072 90079 149045
149045 90079 98072
53090 66326 130785
66326 53090 130785
130785 53090 66326
33365 101766 109021
109021 33365 101766
101766 33365 109021
7214 77166 79790
77166 7214 79790
79790 7214 77166
64330 47087 74851
47087 64330 74851
74851 47087 64330
50870 137936 149534
137936 50870 149534
149534 50870 137936
78315 5888 30758
30758 5888 78315
5888 30758 78315
145085 39486 104804
104804 39486 145085
39486 104804 145085
117520 94428 135825
94428 117520 135825
135825 94428 117520
99597 13045 25191
25191 13045 99597
13045 25191 99597
134910 89567 115061
89567 115061 134910
115061 89567 134910
21285 41633 47333
41633 21285 47333
47333 21285 41633
33019 9767 76742
9767 33019 76742
76742 9767 33019
83148 12736 29703
29703 12736 83148
12736 29703 83148
52637 123398 148572
148572 52637 123398
123398 52637 148572
21212 75416 79852
79852 21212 75416
75416 21212 79852
66027 9709 149863
9709 66027 149863
149863 9709 66027
55480 39908 83085
83085 39908 55480
39908 55480 83085
52239 52890 77058
52890 52239 77058
77058 52239 52890
54578 101878 134814
134814 54578 101878
101878 54578 134814
54769 34165 48162
34165 48162 54769
48162 34165 54769
45122 116654 125868
116654 45122 125868
125868 45122 116654
75116 21053 111468
111468 21053 75116
21053 75116 111468
112484 38337 65922
65922 38337 112484
38337 65922 112484
56779 46163 142927
46163 56779 142927
142927 46163 56779
18043 46585 48979
48979 18043 46585
46585 18043 48979
47478 88305 144133
88305 47478 144133
144133 47478 88305
85523 17762 113941
113941 17762 85523
17762 85523 113941
36818 58108 90475
90475 36818 58108
58108 36818 90475
24522 80650 86845
86845 24522 80650
80650 24522 86845
120581 49798 144928
49798 120581 144928
144928 49798 120581
132261 54372 70878
70878 54372 132261
54372 70878 132261
143638 51582 85997
85997 51582 143638
51582 85997 143638
56977 33672 45512
45512 33672 56977
33672 45512 56977
51865 86499 141719
86499 51865 141719
141719 51865 86499
48232 63277 78919
78919 48232 63277
63277 48232 78919
146404 26659 86847
26659 86847 146404
86847 26659 146404
91625 43562 92653
92653 43562 91625
43562 91625 92653
12194 2247 120721
120721 2247 12194
2247 12194 120721
70000 75234 136036
75234 70000 136036
136036 70000 75234
4241 99334 116279
99334 4241 116279
116279 4241 99334
19033 24317 108260
108260 19033 24317
24317 19033 108260
18068 65210 67942
65210 18068 67942
67942 18068 65210
69714 6612 77452
6612 69714 77452
77452 6612 69714
106485 127670 147637
147637 106485 127670
127670 106485 147637
3017 21662 91447
21662 3017 91447
91447 3017 21662
138505 90218 136562
90218 136562 138505
136562 90218 138505
84030 13368 48967
48967 13368 84030
13368 48967 84030
61738 6961 69397
69397 6961 61738
6961 61738 69397
71670 112414 138382
112414 71670 138382
138382 71670 112414
126441 60336 67796
60336 67796 126441
67796 60336 126441
40408 35713 140726
35713 40408 140726
140726 35713 40408
57943 84644 120416
120416 57943 84644
84644 57943 120416
145555 53986 95690
95690 53986 145555
53986 95690 145555
13675 39161 74930
74930 13675 39161
39161 13675 74930
119744 13126 27021
13126 27021 119744
27021 13126 119744
30873 66615 102333
102333 30873 66615
66615 30873 102333
29991 90331 142498
90331 29991 142498
142498 29991 90331
65803 41122 45573
45573 41122 65803
41122 45573 65803
44373 42435 70003
70003 42435 44373
42435 44373 70003
65682 13494 37957
37957 13494 65682
13494 37957 65682
17781 15348 54184
54184 15348 17781
15348 17781 54184
31445 102526 124939
124939 31445 102526
102526 31445 124939
91677 29247 39916
39916 29247 91677
29247 39916 91677
16288 5073 116770
116770 5073 16288
5073 16288 116770
28518 10669 100233
10669 28518 100233
100233 10669 28518
131166 27826 73670
73670 27826 131166
27826 73670 131166
116609 84663 124589
124589 84663 116609
84663 116609 124589
43399 28939 81692
81692 28939 43399
28939 43399 81692
48239 92831 139442
92831 48239 139442
139442 48239 92831
117151 21427 141005
141005 21427 117151
21427 117151 141005
45307 50618 128285
128285 45307 50618
50618 45307 128285
68170 9402 69422
69422 9402 68170
9402 68170 69422
15921 112123 113793
112123 15921 113793
113793 15921 112123
29584 29414 41127
29414 29584 41127
41127 29414 29584
63429 4414 44358
4414 44358 63429
44358 4414 63429
11544 7391 101676
101676 7391 11544
7391 11544 101676
138618 25351 125323
25351 125323 138618
125323 25351 138618
82919 3750 14045
3750 14045 82919
14045 3750 82919
86861 112941 131349
112941 86861 131349
131349 86861 112941
23507 1165 88923
1165 23507 88923
88923 1165 23507
113100 24477 114291
24477 113100 114291
114291 24477 113100
134650 19747 49193
49193 19747 134650
19747 49193 134650
100553 10646 129172
129172 10646 100553
10646 100553 129172
121352 7632 115574
115574 7632 121352
7632 115574 121352
13063 33312 91952
33312 13063 91952
91952 13063 33312
143376 87665 132078
132078 87665 143376
87665 132078 143376
20600 124444 143346
124444 20600 143346
143346 20600 124444
127454 92350 93463
92350 93463 127454
93463 92350 127454
135975 20616 30989
30989 20616 135975
20616 30989 135975
27940 68953 95077
68953 27940 95077
95077 27940 68953
120884 366 124615
366 120884 124615
124615 366 120884
6409 65013 124479
124479 6409 65013
65013 6409 124479
25581 28027 89837
89837 25581 28027
28027 25581 89837
124551 47051 148076
47051 124551 148076
148076 47051 124551
27255 46778 57268
57268 27255 46778
46778 27255 57268
29722 58207 108544
58207 29722 108544
108544 29722 58207
47340 86837 89682
89682 47340 86837
86837 47340 89682
116980 3189 75031
3189 75031 116980
75031 3189 116980
96117 12252 127633
12252 96117 127633
127633 12252 96117
35294 27825 131361
27825 35294 131361
131361 27825 35294
128194 39195 47117
39195 47117 128194
47117 39195 128194
32010 28469 141025
28469 32010 141025
141025 28469 32010
50591 61314 111933
111933 50591 61314
61314 50591 111933
31850 4876 83166
4876 31850 83166
83166 4876 31850
90759 46227 59529
59529 46227 90759
46227 59529 90759
68399 18010 145640
145640 18010 68399
18010 68399 145640
103525 40850 104743
104743 40850 103525
40850 103525 104743
71552 59244 102995
59244 71552 102995
102995 59244 71552
2197 1638 91766
91766 1638 2197
1638 2197 91766
31964 51361 77923
51361 31964 77923
77923 31964 51361
65047 49826 138144
49826 65047 138144
138144 49826 65047
109414 19159 103472
103472 19159 109414
19159 103472 109414
13541 12822 84730
12822 13541 84730
84730 12822 13541
21275 70219 98339
98339 21275 70219
70219 21275 98339
147185 98050 136382
136382 98050 147185
98050 136382 147185
94496 88327 121336
88327 94496 121336
121336 88327 94496
13341 16180 141237
16180 13341 141237
141237 13341 16180
