1184 395 939
395 939 1184
939 395 1184
445 376 1163
376 445 1163
1163 376 445
592 195 1428
195 592 1428
1428 195 592
1317 233 1254
1254 233 1317
233 1254 1317
1458 700 1065
700 1065 1458
1065 700 1458
515 160 784
784 160 515
160 515 784
909 185 796
796 185 909
185 796 909
1270 82 411
82 411 1270
411 82 1270
462 747 1196
747 462 1196
1196 462 747
1416 1123 1411
1411 1123 1416
1123 1411 1416
1216 189 1060
1060 189 1216
189 1060 1216
1011 128 1366
1366 128 1011
128 1011 1366
571 980 1312
980 571 1312
1312 571 980
1236 491 661
491 661 1236
661 491 1236
202 451 1224
451 202 1224
1224 202 451
391 525 1086
1086 391 525
525 391 1086
797 109 1017
109 797 1017
1017 109 797
711 546 1323
1323 546 711
546 711 1323
289 494 1237
1237 289 494
494 289 1237
433 122 406
122 406 433
406 122 433
161 918 1159
918 161 1159
1159 161 918
1324 752 1391
1391 752 1324
752 1324 1391
1120 846 1424
846 1120 1424
1424 846 1120
77 875 1040
1040 77 875
875 77 1040
194 1142 1484
1142 194 1484
1484 194 1142
223 1179 1328
1328 223 1179
1179 223 1328
811 51 1310
1310 51 811
51 811 1310
466 143 210
143 210 466
210 143 466
69 1204 1407
1204 69 1407
1407 69 1204
136 410 437
410 136 437
437 136 410
298 556 1133
556 298 1133
1133 298 556
446 225 621
225 446 621
621 225 446
1412 15 989
989 15 1412
15 989 1412
193 606 1068
1068 193 606
606 193 1068
73 177 1427
1427 73 177
177 73 1427
48 216 937
216 48 937
937 48 216
1447 829 1035
1035 829 1447
829 1035 1447
1300 529 1067
1067 529 1300
529 1067 1300
401 269 1380
269 401 1380
1380 269 401
676 175 1191
175 676 1191
1191 175 676
217 429 588
429 217 588
588 217 429
1260 201 275
201 275 1260
275 201 1260
372 318 1038
318 372 1038
1038 318 372
392 670 1028
1028 392 670
670 392 1028
644 418 998
418 644 998
998 418 644
1218 44 1129
1129 44 1218
44 1129 1218
218 91 1177
91 218 1177
1177 91 218
983 87 255
255 87 983
87 255 983
374 722 988
722 374 988
988 374 722
154 229 717
717 154 229
229 154 717
961 286 1107
286 961 1107
1107 286 961
822 113 507
507 113 822
113 507 822
654 319 472
472 319 654
319 472 654
877 115 948
948 115 877
115 877 948
952 55 1376
1376 55 952
55 952 1376
397 633 945
945 397 633
633 397 945
1399 31 1335
1335 31 1399
31 1335 1399
1089 74 1228
1228 74 1089
74 1089 1228
296 520 1456
1456 296 520
520 296 1456
770 527 1020
1020 527 770
527 770 1020
1498 98 259
259 98 1498
98 259 1498
214 117 230
230 117 214
117 214 230
851 29 1485
1485 29 851
29 851 1485
1347 601 865
601 865 1347
865 601 1347
444 448 841
841 444 448
448 444 841
1143 213 1081
213 1081 1143
1081 213 1143
1316 718 992
992 718 1316
718 992 1316
1088 1076 1358
1358 1076 1088
1076 1088 1358
703 919 1101
1101 703 919
919 703 1101
22 642 1225
1225 22 642
642 22 1225
505 297 528
297 505 528
528 297 505
1243 501 1109
501 1109 1243
1109 501 1243
47 169 691
169 47 691
691 47 169
1351 241 602
602 241 1351
241 602 1351
95 221 739
221 95 739
739 95 221
598 662 823
823 598 662
662 598 823
304 792 951
792 304 951
951 304 792
1369 301 762
301 762 1369
762 301 1369
178 425 1329
425 178 1329
1329 178 425
576 1049 1248
1248 576 1049
1049 576 1248
1495 126 921
921 126 1495
126 921 1495
1336 378 1403
1403 378 1336
378 1336 1403
324 362 957
957 324 362
362 324 957
1488 9 947
9 947 1488
947 9 1488
523 290 1127
290 523 1127
1127 290 523
870 414 1272
1272 414 870
414 870 1272
52 162 1339
1339 52 162
162 52 1339
935 1054 1276
1276 935 1054
1054 935 1276
585 3 1265
3 585 1265
1265 3 585
825 810 1087
810 825 1087
1087 810 825
1211 1152 1394
1394 1152 1211
1152 1211 1394
1235 19 682
682 19 1235
19 682 1235
627 1388 1490
1490 627 1388
1388 627 1490
474 720 799
720 474 799
799 474 720
869 672 1353
672 869 1353
1353 672 869
1405 211 560
211 560 1405
560 211 1405
253 732 772
732 253 772
772 253 732
996 124 1341
124 996 1341
1341 124 996
1482 360 1445
1445 360 1482
360 1445 1482
956 804 1131
804 956 1131
1131 804 956
923 626 1252
1252 626 923
626 923 1252
595 33 1277
33 595 1277
1277 33 595
1073 1164 1350
1164 1073 1350
1350 1073 1164
738 1174 1377
1174 738 1377
1377 738 1174
603 171 1395
171 603 1395
1395 171 603
1082 342 715
342 715 1082
715 342 1082
821 37 646
646 37 821
37 646 821
583 402 881
402 583 881
881 402 583
477 928 1012
928 477 1012
1012 477 928
931 426 764
426 764 931
764 426 931
141 746 1334
746 141 1334
1334 141 746
971 150 1467
150 971 1467
1467 150 971
1241 839 1256
1256 839 1241
839 1241 1256
245 80 454
80 245 454
454 80 245
1478 90 383
383 90 1478
90 383 1478
946 110 898
110 898 946
898 110 946
1278 56 787
56 787 1278
787 56 1278
1244 206 1346
1346 206 1244
206 1244 1346
190 668 1264
668 190 1264
1264 190 668
663 60 871
871 60 663
60 663 871
1413 67 616
67 616 1413
616 67 1413
226 123 596
596 123 226
123 226 596
619 1063 1111
1111 619 1063
1063 619 1111
1318 339 1426
1426 339 1318
339 1318 1426
488 232 1154
232 488 1154
1154 232 488
1042 554 1344
1344 554 1042
554 1042 1344
62 1058 1232
1058 62 1232
1232 62 1058
1383 17 713
713 17 1383
17 713 1383
1435 380 597
597 380 1435
380 597 1435
191 373 1134
373 191 1134
1134 191 373
453 147 688
147 453 688
688 147 453
1220 499 1385
499 1220 1385
1385 499 1220
1345 40 614
40 614 1345
614 40 1345
1453 705 915
915 705 1453
705 915 1453
248 1051 1333
1051 248 1333
1333 248 1051
675 579 1116
579 675 1116
1116 579 675
242 801 1052
1052 242 801
801 242 1052
780 2 338
2 338 780
338 2 780
954 714 1299
714 954 1299
1299 714 954
1355 340 643
643 340 1355
340 643 1355
891 795 1070
795 891 1070
1070 795 891
1481 186 208
186 208 1481
208 186 1481
1202 863 1443
1443 863 1202
863 1202 1443
568 149 1139
149 568 1139
1139 149 568
883 84 687
687 84 883
84 687 883
625 417 1233
1233 417 625
417 625 1233
197 34 930
34 197 930
930 34 197
1090 1165 1306
1306 1090 1165
1165 1090 1306
1207 152 1281
152 1207 1281
1281 152 1207
509 567 845
845 509 567
567 509 845
872 238 803
238 803 872
803 238 872
283 184 731
184 283 731
731 184 283
1381 889 1026
1026 889 1381
889 1026 1381
1250 78 1342
1342 78 1250
78 1250 1342
664 669 924
669 664 924
924 664 669
1357 209 827
827 209 1357
209 827 1357
375 28 830
830 28 375
28 375 830
257 734 887
887 257 734
734 257 887
482 1099 1437
1437 482 1099
1099 482 1437
164 859 1138
859 164 1138
1138 164 859
359 389 862
389 359 862
862 359 389
808 496 820
820 496 808
496 808 820
1006 353 1360
1360 353 1006
353 1006 1360
1261 334 708
708 334 1261
334 708 1261
431 262 542
262 431 542
542 262 431
58 577 716
716 58 577
577 58 716
337 712 1132
712 337 1132
1132 337 712
710 166 1297
166 710 1297
1297 166 710
908 228 1048
228 908 1048
1048 228 908
826 240 634
240 634 826
634 240 826
884 473 1000
473 884 1000
1000 473 884
1263 1305 1326
1305 1263 1326
1326 1263 1305
702 351 878
351 702 878
878 351 702
1014 776 1409
1409 776 1014
776 1014 1409
1021 70 850
70 850 1021
850 70 1021
1209 698 1271
698 1209 1271
1271 698 1209
1368 371 591
371 591 1368
591 371 1368
273 966 1373
966 273 1373
1373 273 966
502 517 673
517 502 673
673 502 517
1146 671 1389
671 1146 1389
1389 671 1146
914 345 994
994 345 914
345 914 994
1285 1313 1417
1417 1285 1313
1313 1285 1417
39 461 1178
1178 39 461
461 39 1178
735 420 1477
420 735 1477
1477 420 735
1188 36 293
293 36 1188
36 293 1188
1128 25 1169
25 1128 1169
1169 25 1128
955 172 895
895 172 955
172 895 955
1311 653 1161
653 1161 1311
1161 653 1311
249 584 680
584 249 680
680 249 584
1001 421 1137
421 1001 1137
1137 421 1001
1494 310 1489
310 1489 1494
1489 310 1494
492 198 997
198 492 997
997 198 492
1296 901 1214
1214 901 1296
901 1214 1296
1429 219 1486
1486 219 1429
219 1429 1486
551 666 1231
1231 551 666
666 551 1231
1269 721 1029
721 1029 1269
1029 721 1269
8 1491 1499
1499 8 1491
1491 8 1499
575 355 485
485 355 575
355 485 575
364 541 555
541 364 555
555 364 541
1457 622 1033
622 1033 1457
1033 622 1457
749 1030 1229
1229 749 1030
1030 749 1229
1408 543 1002
543 1002 1408
1002 543 1408
168 182 1361
1361 168 182
182 168 1361
320 330 449
330 320 449
449 320 330
354 404 493
404 354 493
493 354 404
367 328 686
686 328 367
328 367 686
1239 89 484
484 89 1239
89 484 1239
1298 139 572
572 139 1298
139 572 1298
465 612 693
693 465 612
612 465 693
699 766 972
972 699 766
766 699 972
165 405 1253
1253 165 405
405 165 1253
413 737 1440
1440 413 737
737 413 1440
848 86 1291
1291 86 848
86 848 1291
1084 861 1470
1470 861 1084
861 1084 1470
785 1290 1459
1290 785 1459
1459 785 1290
723 348 1119
1119 348 723
348 723 1119
975 108 490
108 490 975
490 108 975
309 486 1183
486 309 1183
1183 309 486
969 76 730
730 76 969
76 730 969
1005 331 1187
1187 331 1005
331 1005 1187
828 970 1018
1018 828 970
970 828 1018
929 1024 1438
1024 929 1438
1438 929 1024
1153 995 1004
1004 995 1153
995 1004 1153
1176 400 1056
400 1056 1176
1056 400 1176
363 982 1160
1160 363 982
982 363 1160
777 530 561
561 530 777
530 561 777
326 153 183
183 153 326
153 183 326
630 243 407
243 407 630
407 243 630
361 1055 1113
1055 361 1113
1113 361 1055
1213 977 1393
977 1213 1393
1393 977 1213
1292 511 782
782 511 1292
511 782 1292
129 278 783
278 129 783
783 129 278
920 849 917
917 849 920
849 917 920
1303 282 1075
1075 282 1303
282 1075 1303
23 532 740
532 23 740
740 23 532
685 701 1387
701 685 1387
1387 685 701
111 657 1473
1473 111 657
657 111 1473
381 1332 1442
1332 381 1442
1442 381 1332
1451 43 1195
43 1195 1451
1195 43 1451
607 604 1210
1210 604 607
604 607 1210
513 148 308
148 308 513
308 148 513
1199 1019 1446
1446 1019 1199
1019 1199 1446
904 295 624
295 624 904
624 295 904
1031 224 1461
1461 224 1031
224 1031 1461
932 569 1371
1371 569 932
569 932 1371
125 18 1045
1045 18 125
18 125 1045
1189 119 574
119 574 1189
574 119 1189
1206 252 403
403 252 1206
252 403 1206
1434 134 1140
134 1140 1434
1140 134 1434
1352 885 1077
1077 885 1352
885 1077 1352
54 439 794
794 54 439
439 54 794
788 104 1221
104 788 1221
1221 104 788
1108 683 986
986 683 1108
683 986 1108
1338 695 1402
695 1338 1402
1402 695 1338
358 497 1246
497 358 1246
1246 358 497
1013 441 647
441 647 1013
647 441 1013
814 678 934
934 678 814
678 814 934
902 20 582
20 582 902
582 20 902
1397 341 500
500 341 1397
341 500 1397
767 636 1476
636 767 1476
1476 636 767
697 138 151
138 151 697
151 138 697
1471 868 1480
1480 868 1471
868 1471 1480
856 130 912
130 856 912
912 130 856
978 415 1419
1419 415 978
415 978 1419
220 386 1500
1500 220 386
386 220 1500
135 396 1359
396 135 1359
1359 135 396
285 387 1124
1124 285 387
387 285 1124
53 489 886
886 53 489
489 53 886
416 254 1145
1145 254 416
254 416 1145
333 620 1181
1181 333 620
620 333 1181
112 284 1008
1008 112 284
284 112 1008
1415 277 1151
277 1151 1415
1151 277 1415
118 1009 1293
1009 118 1293
1293 118 1009
639 973 1280
973 639 1280
1280 639 973
763 667 1497
667 763 1497
1497 667 763
936 455 1194
1194 455 936
455 936 1194
85 68 105
105 68 85
68 85 105
817 390 964
964 390 817
390 817 964
765 302 1093
1093 302 765
302 765 1093
475 1039 1262
1262 475 1039
1039 475 1262
267 5 270
270 5 267
5 267 270
1462 464 706
464 706 1462
706 464 1462
6 1227 1273
1227 6 1273
1273 6 1227
689 745 774
774 689 745
745 689 774
761 344 873
873 344 761
344 761 873
819 279 1379
279 819 1379
1379 279 819
1414 13 1469
13 1414 1469
1469 13 1414
589 227 1433
1433 227 589
227 589 1433
300 343 778
778 300 343
343 300 778
522 648 743
648 522 743
743 522 648
540 940 1057
940 540 1057
1057 540 940
1016 57 1331
1331 57 1016
57 1016 1331
237 613 781
613 237 781
781 237 613
106 212 581
581 106 212
212 106 581
1251 75 467
75 467 1251
467 75 1251
428 1283 1375
1375 428 1283
1283 428 1375
199 305 1197
1197 199 305
305 199 1197
1208 329 332
332 329 1208
329 332 1208
692 265 858
858 265 692
265 692 858
1078 24 950
950 24 1078
24 950 1078
1392 16 102
16 102 1392
102 16 1392
1472 519 641
641 519 1472
519 641 1472
512 968 1301
1301 512 968
968 512 1301
173 623 1406
1406 173 623
623 173 1406
812 514 1103
1103 514 812
514 812 1103
1349 432 1171
432 1171 1349
1171 432 1349
913 222 526
222 526 913
526 222 913
910 394 754
394 754 910
754 394 910
438 800 840
840 438 800
800 438 840
1201 132 140
140 132 1201
132 140 1201
864 65 791
65 791 864
791 65 864
1466 458 1079
1079 458 1466
458 1079 1466
393 133 760
133 393 760
760 133 393
953 999 1304
1304 953 999
999 953 1304
146 121 709
709 121 146
121 146 709
1186 63 793
793 63 1186
63 793 1186
1315 855 1294
1294 855 1315
855 1294 1315
94 156 274
156 94 274
274 94 156
1182 707 1217
1217 707 1182
707 1182 1217
818 167 1267
167 818 1267
1267 167 818
1367 203 967
967 203 1367
203 967 1367
41 107 775
107 41 775
775 41 107
157 127 1449
127 157 1449
1449 127 157
1238 650 1222
650 1222 1238
1222 650 1238
1410 563 1010
1010 563 1410
563 1010 1410
533 234 558
558 234 533
234 533 558
263 346 366
366 263 346
346 263 366
1363 844 1167
844 1167 1363
1167 844 1363
1287 120 1126
120 1126 1287
1126 120 1287
35 159 236
236 35 159
159 35 236
1223 479 690
690 479 1223
479 690 1223
1322 656 773
773 656 1322
656 773 1322
984 272 447
447 272 984
272 447 984
1354 481 897
897 481 1354
481 897 1354
1234 49 618
49 618 1234
618 49 1234
1295 544 1455
1455 544 1295
544 1295 1455
1348 307 1450
1450 307 1348
307 1348 1450
1094 59 1441
1441 59 1094
59 1094 1441
907 483 1062
1062 483 907
483 907 1062
753 317 854
317 753 854
854 317 753
443 894 1247
1247 443 894
894 443 1247
1463 632 960
632 960 1463
960 632 1463
1023 1095 1319
1319 1023 1095
1095 1023 1319
1370 553 1325
553 1325 1370
1325 553 1370
419 46 1118
1118 46 419
46 419 1118
281 741 837
837 281 741
741 281 837
384 611 1245
1245 384 611
611 384 1245
1307 838 1452
838 1307 1452
1452 838 1307
181 450 1275
1275 181 450
450 181 1275
1053 235 250
235 250 1053
250 235 1053
1110 565 824
565 824 1110
824 565 1110
842 312 786
312 786 842
786 312 842
843 321 1147
1147 321 843
321 843 1147
1157 659 736
659 736 1157
736 659 1157
1064 315 323
323 315 1064
315 323 1064
1384 495 807
807 495 1384
495 807 1384
866 836 1044
836 866 1044
1044 836 866
463 816 1420
816 463 1420
1420 463 816
933 468 562
562 468 933
468 562 933
874 559 962
962 559 874
559 874 962
1425 21 1061
1061 21 1425
21 1061 1425
545 10 1284
1284 10 545
10 545 1284
649 314 733
314 649 733
733 314 649
1372 679 985
985 679 1372
679 985 1372
832 547 590
590 547 832
547 590 832
1046 1125 1288
1288 1046 1125
1125 1046 1288
1258 660 1047
660 1047 1258
1047 660 1258
1069 188 594
594 188 1069
188 594 1069
1166 1025 1148
1025 1148 1166
1148 1025 1166
180 518 605
518 180 605
605 180 518
1320 470 600
600 470 1320
470 600 1320
771 258 325
258 325 771
325 258 771
1431 83 524
83 524 1431
524 83 1431
535 327 640
327 535 640
640 327 535
1289 1041 1302
1302 1041 1289
1041 1289 1302
1203 50 890
50 890 1203
890 50 1203
1365 32 674
674 32 1365
32 674 1365
1479 215 356
356 215 1479
215 356 1479
981 876 1037
876 981 1037
1037 876 981
665 508 608
508 608 665
608 508 665
696 427 1226
427 696 1226
1226 427 696
1343 1149 1180
1180 1149 1343
1149 1180 1343
1386 487 755
755 487 1386
487 755 1386
993 1432 1475
1475 993 1432
1432 993 1475
809 155 813
155 809 813
813 155 809
1330 423 617
617 423 1330
423 617 1330
645 114 1468
1468 114 645
114 645 1468
1230 922 1496
922 1230 1496
1496 922 1230
599 748 1158
1158 599 748
748 599 1158
631 347 1266
347 631 1266
1266 347 631
81 573 882
882 81 573
573 81 882
834 294 979
294 834 979
979 294 834
1192 440 1268
440 1192 1268
1268 440 1192
247 103 566
566 103 247
103 247 566
1219 853 927
853 927 1219
927 853 1219
1337 531 1098
531 1098 1337
1098 531 1337
71 231 1340
1340 71 231
231 71 1340
192 557 892
557 192 892
892 192 557
847 949 1106
1106 847 949
949 847 1106
66 506 537
537 66 506
506 66 537
287 100 158
158 100 287
100 158 287
959 268 504
504 268 959
268 504 959
1362 244 1378
244 1362 1378
1378 244 1362
1198 442 1249
1249 442 1198
442 1198 1249
145 916 1097
916 145 1097
1097 145 916
1144 469 925
925 469 1144
469 925 1144
1072 1 976
1 976 1072
976 1 1072
990 879 1286
1286 879 990
879 990 1286
200 628 1096
1096 200 628
628 200 1096
322 728 789
728 322 789
789 322 728
459 276 350
276 350 459
350 276 459
798 900 1404
1404 798 900
900 798 1404
1483 12 835
835 12 1483
12 835 1483
587 79 1034
79 587 1034
1034 79 587
1114 131 299
131 299 1114
299 131 1114
744 336 991
991 336 744
336 744 991
1356 196 609
609 196 1356
196 609 1356
938 311 382
311 382 938
382 311 938
435 409 1493
409 435 1493
1493 409 435
379 436 1156
436 379 1156
1156 379 436
261 352 536
536 261 352
352 261 536
1122 1136 1418
1136 1122 1418
1418 1122 1136
911 677 893
677 893 911
893 677 911
756 456 1050
456 756 1050
1050 456 756
399 1085 1474
1474 399 1085
1085 399 1474
831 1007 1036
1007 831 1036
1036 831 1007
142 369 906
369 142 906
906 142 369
1185 1421 1492
1492 1185 1421
1421 1185 1492
742 88 651
88 651 742
651 88 742
899 652 1430
652 899 1430
1430 652 899
638 521 1121
1121 521 638
521 638 1121
1396 724 857
857 724 1396
724 857 1396
480 1080 1400
1080 480 1400
1400 480 1080
629 179 1255
1255 179 629
179 629 1255
549 385 1314
385 549 1314
1314 385 549
852 14 1448
1448 14 852
14 852 1448
452 26 205
205 26 452
26 205 452
727 313 1155
313 727 1155
1155 313 727
503 802 1170
1170 503 802
802 503 1170
580 635 974
635 580 974
974 580 635
64 1022 1215
1022 64 1215
1215 64 1022
759 38 303
38 303 759
303 38 759
1279 1032 1259
1259 1032 1279
1032 1259 1279
30 539 941
539 30 941
941 30 539
1104 896 1382
896 1104 1382
1382 896 1104
681 510 610
610 510 681
510 610 681
965 170 586
170 586 965
586 170 965
538 769 1487
1487 538 769
769 538 1487
370 726 1027
726 370 1027
1027 370 726
1240 408 729
408 729 1240
729 408 1240
288 1374 1444
1444 288 1374
1374 288 1444
11 498 1282
498 11 1282
1282 11 498
1398 1003 1309
1309 1003 1398
1003 1309 1398
694 144 316
144 316 694
316 144 694
291 97 751
751 97 291
97 291 751
1071 239 357
239 357 1071
357 239 1071
903 704 867
867 704 903
704 867 903
398 471 1015
1015 398 471
471 398 1015
264 460 637
460 264 637
637 264 460
1092 271 1172
271 1092 1172
1172 271 1092
422 684 750
684 422 750
750 422 684
578 548 1465
548 578 1465
1465 548 578
963 725 944
944 725 963
725 944 963
187 101 368
101 187 368
368 101 187
116 99 1059
99 116 1059
1059 99 116
1150 174 1135
174 1135 1150
1135 174 1150
757 365 833
365 757 833
833 365 757
1308 7 552
7 552 1308
552 7 1308
260 251 926
926 251 260
251 260 926
335 570 806
806 335 570
570 335 806
96 805 1100
805 96 1100
1100 96 805
306 1074 1130
1074 306 1130
1130 306 1074
1242 42 658
42 658 1242
658 42 1242
434 137 1112
1112 137 434
137 434 1112
880 1327 1423
1327 880 1423
1423 880 1327
45 550 1162
550 45 1162
1162 45 550
207 943 1436
1436 207 943
943 207 1436
1091 266 860
860 266 1091
266 860 1091
1117 424 655
655 424 1117
424 655 1117
1043 1190 1422
1422 1043 1190
1190 1043 1422
4 388 1257
388 4 1257
1257 4 388
958 1105 1173
1173 958 1105
1105 958 1173
790 430 534
430 534 790
534 430 790
1083 176 564
176 564 1083
564 176 1083
280 1364 1390
1390 280 1364
1364 280 1390
1115 768 1205
768 1115 1205
1205 768 1115
478 615 1141
1141 478 615
615 478 1141
204 61 72
72 61 204
61 72 204
888 476 719
719 476 888
476 719 888
1200 1321 1454
1321 1200 1454
1454 1200 1321
1175 377 593
377 593 1175
593 377 1175
292 412 815
412 292 815
815 292 412
1274 27 93
93 27 1274
27 93 1274
1193 905 1066
1066 905 1193
905 1066 1193
1401 1168 1212
1212 1168 1401
1168 1212 1401
256 758 1102
1102 256 758
758 256 1102
163 92 1460
92 163 1460
1460 92 163
349 246 516
516 246 349
246 349 516
457 779 942
779 457 942
942 457 779
1439 987 1464
987 1439 1464
1464 987 1439
