73 308 974
974 73 308
308 73 974
170 112 617
112 170 617
617 112 170
1365 85 1371
1371 85 1365
85 1365 1371
964 608 665
608 665 964
665 608 964
880 564 1462
1462 564 880
564 880 1462
1235 40 593
593 40 1235
40 593 1235
654 797 1476
797 654 1476
1476 654 797
328 1023 1082
1082 328 1023
1023 328 1082
65 202 311
202 65 311
311 65 202
694 789 1417
1417 694 789
789 694 1417
312 1084 1225
1225 312 1084
1084 312 1225
816 1035 1155
1035 816 1155
1155 816 1035
413 12 47
12 47 413
47 12 413
829 355 1238
1238 355 829
355 829 1238
731 338 1354
338 731 1354
1354 338 731
1440 1229 1479
1479 1229 1440
1229 1440 1479
34 584 1375
584 34 1375
1375 34 584
138 339 763
339 138 763
763 138 339
627 511 1162
511 627 1162
1162 511 627
217 246 874
246 217 874
874 217 246
58 1445 1483
1445 58 1483
1483 58 1445
438 379 1435
1435 379 438
379 438 1435
1093 218 759
759 218 1093
218 759 1093
1329 262 618
618 262 1329
262 618 1329
1204 784 1327
784 1204 1327
1327 784 1204
184 532 760
532 184 760
760 184 532
370 243 667
243 370 667
667 243 370
822 209 1285
1285 209 822
209 822 1285
94 140 318
140 94 318
318 94 140
1188 1069 1338
1069 1188 1338
1338 1069 1188
295 802 1409
1409 295 802
802 295 1409
1340 345 1310
1310 345 1340
345 1310 1340
827 340 452
452 340 827
340 452 827
646 653 1095
653 646 1095
1095 646 653
78 115 1301
115 78 1301
1301 78 115
901 921 1028
921 901 1028
1028 901 921
265 69 388
69 265 388
388 69 265
1100 75 726
75 726 1100
726 75 1100
1414 437 823
437 823 1414
823 437 1414
710 703 996
996 703 710
703 710 996
907 116 1001
1001 116 907
116 907 1001
834 54 950
54 834 950
950 54 834
214 470 482
482 214 470
470 214 482
832 91 474
474 91 832
91 474 832
991 475 688
688 475 991
475 688 991
762 648 649
649 648 762
648 649 762
900 234 1309
234 900 1309
1309 234 900
1292 429 1165
429 1165 1292
1165 429 1292
1228 314 925
314 925 1228
925 314 1228
398 111 457
457 111 398
111 398 457
820 95 908
908 95 820
95 820 908
547 572 701
572 547 701
701 547 572
103 986 1272
986 103 1272
1272 103 986
2 715 1034
1034 2 715
715 2 1034
1425 392 984
392 984 1425
984 392 1425
418 729 785
785 418 729
729 418 785
518 305 1123
1123 305 518
305 518 1123
831 44 1171
44 831 1171
1171 44 831
678 1256 1381
1381 678 1256
1256 678 1381
1276 663 972
972 663 1276
663 972 1276
144 854 1245
854 144 1245
1245 144 854
454 80 123
80 123 454
123 80 454
479 36 481
36 479 481
481 36 479
469 574 1182
574 469 1182
1182 469 574
92 324 419
419 92 324
324 92 419
1210 683 756
756 683 1210
683 756 1210
1290 671 1112
1112 671 1290
671 1112 1290
990 549 1199
1199 549 990
549 990 1199
447 261 1038
1038 261 447
261 447 1038
791 105 400
105 400 791
400 105 791
356 198 597
597 198 356
198 356 597
382 1299 1496
1496 382 1299
1299 382 1496
851 341 1216
341 851 1216
1216 341 851
29 221 544
544 29 221
221 29 544
1267 131 629
629 131 1267
131 629 1267
929 963 1277
963 929 1277
1277 929 963
203 616 658
658 203 616
616 203 658
1057 640 1139
1139 640 1057
640 1057 1139
803 777 1015
777 803 1015
1015 777 803
824 331 1314
331 824 1314
1314 331 824
25 280 850
850 25 280
280 25 850
1283 13 403
13 403 1283
403 13 1283
865 621 1191
621 865 1191
1191 621 865
494 446 994
994 446 494
446 494 994
825 519 942
519 825 942
942 519 825
472 550 1012
550 472 1012
1012 472 550
1287 16 1487
16 1287 1487
1487 16 1287
79 107 1244
107 79 1244
1244 79 107
1132 180 394
394 180 1132
180 394 1132
600 698 1373
698 600 1373
1373 600 698
529 154 278
278 154 529
154 278 529
527 165 252
252 165 527
165 252 527
1254 157 633
633 157 1254
157 633 1254
1061 45 161
45 161 1061
161 45 1061
571 738 1404
738 571 1404
1404 571 738
274 506 1460
1460 274 506
506 274 1460
1260 1 329
1 329 1260
329 1 1260
1431 205 620
205 620 1431
620 205 1431
391 353 680
680 353 391
353 391 680
626 301 933
933 301 626
301 626 933
666 700 1051
700 666 1051
1051 666 700
266 244 1325
244 266 1325
1325 244 266
969 515 1274
1274 515 969
515 969 1274
441 881 1434
881 441 1434
1434 441 881
30 548 728
728 30 548
548 30 728
787 1071 1332
1071 787 1332
1332 787 1071
483 639 1353
1353 483 639
639 483 1353
313 90 1447
90 313 1447
1447 90 313
891 704 1319
704 891 1319
1319 704 891
1161 542 871
871 542 1161
542 871 1161
435 33 662
662 33 435
33 435 662
1376 461 847
461 847 1376
847 461 1376
685 1073 1451
1073 685 1451
1451 685 1073
1096 853 1201
853 1096 1201
1201 853 1096
1372 365 562
365 562 1372
562 365 1372
304 230 1335
1335 230 304
230 304 1335
1410 732 938
938 732 1410
732 938 1410
1242 652 1186
652 1186 1242
1186 652 1242
187 213 501
501 187 213
213 187 501
28 505 677
505 28 677
677 28 505
309 530 959
959 309 530
530 309 959
1429 174 1296
174 1296 1429
1296 174 1429
840 351 746
351 746 840
746 351 840
98 6 298
6 98 298
298 6 98
1037 72 556
556 72 1037
72 556 1037
1206 533 1263
533 1206 1263
1263 533 1206
31 192 251
192 31 251
251 31 192
739 396 922
922 396 739
396 739 922
432 1259 1266
1266 432 1259
1259 432 1266
821 361 1492
361 821 1492
1492 361 821
747 409 517
409 517 747
517 409 747
839 934 1405
1405 839 934
934 839 1405
1305 319 1088
319 1088 1305
1088 319 1305
528 70 1068
1068 70 528
70 528 1068
1489 106 440
106 440 1489
440 106 1489
967 10 1418
10 967 1418
1418 10 967
558 376 507
507 376 558
376 507 558
1146 152 693
693 152 1146
152 693 1146
552 352 788
788 352 552
352 552 788
937 870 1449
1449 870 937
870 937 1449
1396 164 595
595 164 1396
164 595 1396
1387 332 1212
1212 332 1387
332 1212 1387
1306 250 522
250 522 1306
522 250 1306
283 231 577
231 283 577
577 231 283
1109 709 1232
709 1109 1232
1232 709 1109
133 127 1144
1144 127 133
127 133 1144
810 216 335
335 216 810
216 335 810
799 643 1167
1167 643 799
643 799 1167
642 526 634
634 526 642
526 634 642
375 459 1043
459 375 1043
1043 375 459
1300 1106 1397
1106 1300 1397
1397 1106 1300
22 582 801
801 22 582
582 22 801
809 14 249
249 14 809
14 249 809
126 87 830
830 87 126
87 126 830
491 814 1473
1473 491 814
814 491 1473
1481 471 686
686 471 1481
471 686 1481
1078 635 1055
1055 635 1078
635 1055 1078
905 185 1241
1241 185 905
185 905 1241
1168 567 724
724 567 1168
567 724 1168
104 490 699
490 104 699
699 104 490
695 166 1158
166 695 1158
1158 166 695
408 909 930
930 408 909
909 408 930
793 790 1330
1330 790 793
790 793 1330
592 134 139
139 134 592
134 139 592
235 237 1045
237 235 1045
1045 235 237
334 412 1120
412 334 1120
1120 334 412
233 716 1081
716 233 1081
1081 233 716
664 456 1014
456 664 1014
1014 456 664
1318 1345 1367
1345 1318 1367
1367 1318 1345
783 160 798
798 160 783
160 783 798
672 282 535
282 535 672
535 282 672
1400 681 1495
681 1400 1495
1495 681 1400
463 270 1196
270 463 1196
1196 270 463
1058 320 733
320 733 1058
733 320 1058
102 512 661
661 102 512
512 102 661
67 193 525
525 67 193
193 67 525
306 772 918
918 306 772
772 306 918
1392 26 752
26 752 1392
752 26 1392
1413 455 1041
1041 455 1413
455 1041 1413
292 489 1179
1179 292 489
489 292 1179
151 1221 1293
1293 151 1221
1221 151 1293
182 120 599
599 120 182
120 182 599
109 42 566
42 109 566
566 42 109
358 536 573
536 358 573
573 358 536
882 224 594
594 224 882
224 594 882
62 655 1389
655 62 1389
1389 62 655
291 712 1142
1142 291 712
712 291 1142
1209 513 1125
513 1125 1209
1125 513 1209
1350 860 1262
860 1262 1350
1262 860 1350
520 137 368
137 368 520
368 137 520
1407 155 557
155 557 1407
557 155 1407
1341 1195 1441
1441 1195 1341
1195 1341 1441
539 219 1436
219 539 1436
1436 219 539
343 386 659
386 343 659
659 343 386
128 451 800
800 128 451
451 128 800
1166 258 1295
1295 258 1166
258 1166 1295
1083 3 1002
1002 3 1083
3 1002 1083
1151 88 1053
1053 88 1151
88 1053 1151
1359 502 770
502 770 1359
770 502 1359
806 1079 1499
1079 806 1499
1499 806 1079
687 581 975
975 581 687
581 687 975
722 240 904
240 722 904
904 240 722
1200 1403 1482
1403 1200 1482
1482 1200 1403
706 407 1468
1468 407 706
407 706 1468
1237 1070 1218
1218 1070 1237
1070 1218 1237
1356 773 946
946 773 1356
773 946 1356
200 121 1208
1208 121 200
121 200 1208
1491 1137 1145
1145 1137 1491
1137 1145 1491
1442 477 485
485 477 1442
477 485 1442
833 269 805
805 269 833
269 805 833
242 141 1016
141 242 1016
1016 141 242
919 771 779
771 779 919
779 771 919
1103 64 957
64 957 1103
957 64 1103
1240 191 273
273 191 1240
191 273 1240
780 297 1062
297 780 1062
1062 297 780
1265 569 657
657 569 1265
569 657 1265
1467 795 1029
1029 795 1467
795 1029 1467
1000 1116 1131
1131 1000 1116
1116 1000 1131
1030 498 1444
498 1030 1444
1444 498 1030
427 877 1423
1423 427 877
877 427 1423
898 899 989
899 898 989
989 898 899
1337 1157 1450
1450 1157 1337
1157 1337 1450
748 721 813
813 721 748
721 748 813
835 162 1294
1294 162 835
162 835 1294
20 1026 1452
1452 20 1026
1026 20 1452
1003 1072 1127
1072 1003 1127
1127 1003 1072
18 302 879
879 18 302
302 18 879
15 159 838
159 15 838
838 15 159
689 207 976
976 207 689
207 689 976
1275 758 1159
758 1159 1275
1159 758 1275
1222 893 1089
1089 893 1222
893 1089 1222
124 204 253
253 124 204
204 124 253
46 247 951
951 46 247
247 46 951
363 167 1224
1224 167 363
167 363 1224
868 988 1252
988 868 1252
1252 868 988
1193 108 227
108 227 1193
227 108 1193
1217 1049 1494
1049 1217 1494
1494 1049 1217
1458 378 682
682 378 1458
378 682 1458
981 238 1316
1316 238 981
238 981 1316
257 290 424
290 257 424
424 257 290
1457 744 1475
744 1457 1475
1475 744 1457
1114 644 1173
644 1114 1173
1173 644 1114
495 223 399
223 399 495
399 223 495
1198 56 896
896 56 1198
56 896 1198
423 333 1150
333 423 1150
1150 333 423
1169 71 1007
1007 71 1169
71 1007 1169
912 288 841
288 841 912
841 288 912
1048 147 1497
1497 147 1048
147 1048 1497
837 63 1349
1349 63 837
63 837 1349
679 465 551
465 551 679
551 465 679
1384 956 1197
956 1197 1384
1197 956 1384
864 357 1097
1097 357 864
357 864 1097
1291 360 458
360 458 1291
458 360 1291
601 362 1378
362 601 1378
1378 362 601
37 1236 1406
1236 37 1406
1406 37 1236
296 325 971
971 296 325
325 296 971
903 294 381
381 294 903
294 381 903
826 402 1064
1064 402 826
402 826 1064
1430 417 1105
1105 417 1430
417 1105 1430
84 1348 1386
1348 84 1386
1386 84 1348
212 1136 1355
1136 212 1355
1355 212 1136
1143 271 740
740 271 1143
271 740 1143
229 248 1067
248 229 1067
1067 229 248
82 354 587
354 82 587
587 82 354
1060 1289 1362
1362 1060 1289
1289 1060 1362
954 148 755
755 148 954
148 755 954
74 372 1111
1111 74 372
372 74 1111
342 886 1124
886 342 1124
1124 342 886
21 76 1342
1342 21 76
76 21 1342
453 1113 1415
1113 453 1415
1415 453 1113
1280 272 720
720 272 1280
272 720 1280
1104 416 434
434 416 1104
416 434 1104
421 100 504
504 100 421
100 421 504
503 5 1282
5 503 1282
1282 5 503
1324 1352 1463
1463 1324 1352
1352 1324 1463
1192 260 1437
1437 260 1192
260 1192 1437
993 256 596
596 256 993
256 596 993
1419 420 1220
420 1220 1419
1220 420 1419
1013 194 1347
194 1013 1347
1347 194 1013
586 968 1368
968 586 1368
1368 586 968
145 220 1312
220 145 1312
1312 145 220
1398 175 1278
1278 175 1398
175 1278 1398
1065 926 1107
926 1065 1107
1107 926 1065
1223 949 1486
949 1223 1486
1486 949 1223
1321 563 1286
563 1286 1321
1286 563 1321
473 609 1408
1408 473 609
609 473 1408
553 1219 1304
1219 553 1304
1304 553 1219
776 736 1094
736 776 1094
1094 736 776
1054 615 920
615 920 1054
920 615 1054
1369 259 397
397 259 1369
259 397 1369
404 1024 1438
1438 404 1024
1024 404 1438
1471 561 1379
561 1379 1471
1379 561 1471
628 1174 1363
1174 628 1363
1363 628 1174
401 866 1307
1307 401 866
866 401 1307
869 60 884
60 869 884
884 60 869
1358 1010 1433
1433 1010 1358
1010 1358 1433
315 624 1331
624 315 1331
1331 315 624
676 647 1250
647 676 1250
1250 647 676
538 190 267
190 267 538
267 190 538
1461 327 1086
1086 327 1461
327 1086 1461
1393 580 1187
1187 580 1393
580 1187 1393
992 146 1308
1308 146 992
146 992 1308
366 422 499
499 366 422
422 366 499
902 300 637
300 637 902
637 300 902
1426 276 323
276 323 1426
323 276 1426
588 96 1385
1385 96 588
96 588 1385
1270 987 1032
1032 987 1270
987 1032 1270
1039 125 613
613 125 1039
125 613 1039
48 917 1153
1153 48 917
917 48 1153
602 578 1253
1253 578 602
578 602 1253
1432 583 1099
1099 583 1432
583 1099 1432
1339 846 1446
1446 846 1339
846 1339 1446
1269 750 1091
1091 750 1269
750 1091 1269
516 480 1428
1428 480 516
480 516 1428
11 316 1334
1334 11 316
316 11 1334
1421 425 872
872 425 1421
425 872 1421
1412 656 970
970 656 1412
656 970 1412
460 19 1360
1360 19 460
19 460 1360
560 916 1163
1163 560 916
916 560 1163
101 359 906
906 101 359
359 101 906
792 350 1477
350 792 1477
1477 350 792
944 113 523
113 523 944
523 113 944
81 719 1005
1005 81 719
719 81 1005
697 478 576
478 576 697
576 478 697
232 462 708
708 232 462
462 232 708
705 1156 1364
1364 705 1156
1156 705 1364
1087 52 1233
52 1087 1233
1233 52 1087
1178 445 1092
1092 445 1178
445 1092 1178
952 607 999
999 607 952
607 952 999
129 852 1004
1004 129 852
852 129 1004
786 68 605
68 605 786
605 68 786
186 222 287
287 186 222
222 186 287
717 405 761
405 717 761
761 405 717
326 268 1401
268 326 1401
1401 268 326
195 794 1268
794 195 1268
1268 195 794
711 1040 1380
1040 711 1380
1380 711 1040
411 24 1176
24 411 1176
1176 24 411
811 817 1288
817 811 1288
1288 811 817
1052 935 1207
935 1052 1207
1207 935 1052
263 589 673
673 263 589
589 263 673
978 321 497
497 321 978
321 497 978
768 156 796
796 156 768
156 768 796
965 177 1129
1129 177 965
177 965 1129
953 928 961
928 953 961
961 928 953
1336 1175 1214
1175 1214 1336
1214 1175 1336
1147 117 636
636 117 1147
117 636 1147
1328 51 488
51 488 1328
488 51 1328
1243 714 1020
714 1020 1243
1020 714 1243
631 130 1424
1424 130 631
130 631 1424
211 570 757
757 211 570
570 211 757
369 1343 1395
1395 369 1343
1343 369 1395
1119 828 1133
1133 828 1119
828 1119 1133
1152 390 1456
1456 390 1152
390 1152 1456
734 510 955
955 510 734
510 734 955
1313 500 932
500 932 1313
932 500 1313
241 4 769
4 241 769
769 4 241
873 50 947
50 873 947
947 50 873
163 239 1134
239 163 1134
1134 163 239
1351 534 848
848 534 1351
534 848 1351
645 172 575
172 575 645
575 172 645
448 284 1190
284 448 1190
1190 284 448
668 383 897
897 383 668
383 668 897
86 713 1239
713 86 1239
1239 86 713
466 118 1411
1411 118 466
118 466 1411
430 136 254
136 254 430
254 136 430
939 206 1231
206 939 1231
1231 206 939
493 730 1047
1047 493 730
730 493 1047
449 277 1390
1390 277 449
277 449 1390
778 623 727
727 623 778
623 727 778
948 49 554
49 554 948
554 49 948
764 856 1374
1374 764 856
856 764 1374
1025 610 1110
610 1025 1110
1110 610 1025
1281 55 843
55 843 1281
843 55 1281
317 1249 1264
1264 317 1249
1249 317 1264
1454 885 1493
1493 885 1454
885 1454 1493
444 804 1009
804 444 1009
1009 444 804
1018 39 1388
1388 39 1018
39 1018 1388
1315 1448 1465
1465 1315 1448
1448 1315 1465
1279 1122 1466
1122 1279 1466
1466 1122 1279
889 110 1271
1271 110 889
110 889 1271
1302 119 718
119 718 1302
718 119 1302
651 371 1261
371 651 1261
1261 371 651
855 149 1076
149 855 1076
1076 149 855
1036 1077 1317
1077 1036 1317
1317 1036 1077
861 93 169
169 93 861
93 169 861
1480 310 641
641 310 1480
310 641 1480
1346 1011 1130
1011 1130 1346
1130 1011 1346
509 1019 1382
1382 509 1019
1019 509 1382
377 1202 1472
1202 377 1472
1472 377 1202
199 245 690
245 199 690
690 199 245
415 281 878
281 415 878
878 281 415
1213 336 691
691 336 1213
336 691 1213
1361 168 1022
1022 168 1361
168 1022 1361
892 59 913
913 59 892
59 892 913
1333 431 1021
1021 431 1333
431 1021 1333
114 910 1205
1205 114 910
910 114 1205
1453 612 966
612 966 1453
966 612 1453
1172 89 384
89 384 1172
384 89 1172
487 135 979
135 487 979
979 135 487
322 467 670
670 322 467
467 322 670
1118 197 669
197 669 1118
669 197 1118
1443 406 890
890 406 1443
406 890 1443
1394 228 1063
228 1063 1394
1063 228 1394
1164 83 857
83 857 1164
857 83 1164
1257 867 887
887 867 1257
867 887 1257
603 374 622
374 603 622
622 374 603
1422 983 1183
983 1183 1422
1183 983 1422
931 745 973
745 931 973
973 745 931
1008 1126 1248
1126 1008 1248
1248 1008 1126
675 53 875
875 53 675
53 675 875
1033 275 1203
1203 275 1033
275 1033 1203
1177 625 767
625 767 1177
767 625 1177
1284 99 598
99 598 1284
598 99 1284
585 614 1478
1478 585 614
614 585 1478
650 546 1044
546 650 1044
1044 546 650
888 1115 1470
1115 888 1470
1470 888 1115
1160 545 985
545 985 1160
985 545 1160
1215 279 590
590 279 1215
279 590 1215
1102 1255 1366
1366 1102 1255
1255 1102 1366
97 27 35
27 35 97
35 27 97
725 484 844
484 725 844
844 484 725
945 236 842
236 842 945
842 236 945
176 958 1377
958 176 1377
1377 176 958
9 225 1416
225 9 1416
1416 9 225
1066 723 1370
723 1066 1370
1370 723 1066
859 818 1455
1455 818 859
818 859 1455
862 330 1320
1320 330 862
330 862 1320
982 436 1056
1056 436 982
436 982 1056
632 153 977
153 632 977
977 153 632
514 476 815
815 476 514
476 514 815
293 1090 1234
1090 293 1234
1234 293 1090
1059 743 1459
743 1059 1459
1459 743 1059
1246 591 1006
591 1006 1246
1006 591 1246
521 414 660
660 414 521
414 521 660
189 1357 1469
1357 189 1469
1469 189 1357
845 1128 1488
1128 845 1488
1488 845 1128
1098 286 565
565 286 1098
286 565 1098
171 765 1323
1323 171 765
765 171 1323
997 158 1474
1474 158 997
158 997 1474
367 508 1297
1297 367 508
508 367 1297
1326 215 808
215 808 1326
808 215 1326
1485 604 1184
604 1184 1485
1184 604 1485
41 863 1344
1344 41 863
863 41 1344
1108 995 1135
1135 995 1108
995 1108 1135
196 702 1383
1383 196 702
702 196 1383
674 122 1230
122 674 1230
1230 122 674
389 537 1490
537 389 1490
1490 389 537
962 7 1391
7 962 1391
1391 7 962
579 57 181
57 181 579
181 57 579
1439 849 1031
849 1031 1439
1031 849 1439
77 23 348
23 77 348
348 23 77
606 630 1017
630 606 1017
1017 606 630
1075 61 1420
61 1075 1420
1420 61 1075
373 1149 1258
1149 373 1258
1258 373 1149
1247 289 393
289 393 1247
393 289 1247
428 486 883
883 428 486
486 428 883
927 387 1180
1180 387 927
387 927 1180
1141 150 364
364 150 1141
150 364 1141
143 32 496
32 143 496
496 32 143
1227 442 1311
1311 442 1227
442 1227 1311
344 346 426
346 344 426
426 344 346
1027 741 751
751 741 1027
741 751 1027
941 998 1154
998 941 1154
1154 941 998
347 210 464
464 210 347
210 347 464
395 914 1402
1402 395 914
914 395 1402
226 43 307
43 226 307
307 43 226
1140 707 894
894 707 1140
707 894 1140
568 410 960
960 410 568
410 568 960
696 443 911
911 443 696
443 696 911
781 924 1303
924 781 1303
1303 781 924
915 285 754
754 285 915
285 754 915
1427 619 940
940 619 1427
619 940 1427
142 692 923
923 142 692
692 142 923
1085 173 1500
1500 173 1085
173 1085 1500
807 264 433
264 433 807
433 264 807
66 38 303
38 66 303
303 38 66
819 255 1181
1181 255 819
255 819 1181
1399 380 1050
380 1050 1399
1050 380 1399
1074 178 349
178 349 1074
349 178 1074
1226 684 1117
684 1117 1226
1117 684 1226
774 439 543
543 439 774
439 543 774
753 541 1211
541 753 1211
1211 541 753
1080 735 1101
735 1080 1101
1101 735 1080
524 1298 1322
1298 524 1322
1322 524 1298
1046 1170 1189
1170 1046 1189
1189 1046 1170
1273 179 782
782 179 1273
179 782 1273
749 8 611
611 8 749
8 611 749
385 208 531
208 385 531
531 208 385
980 492 1464
1464 492 980
492 980 1464
1138 638 766
766 638 1138
638 766 1138
737 450 1498
450 737 1498
1498 450 737
555 1148 1194
1148 555 1194
1194 555 1148
876 132 299
299 132 876
132 299 876
337 201 742
742 201 337
201 337 742
183 895 943
943 183 895
895 183 943
17 188 468
468 17 188
188 17 468
858 559 775
775 559 858
559 775 858
936 1121 1185
1185 936 1121
1121 936 1185
836 812 1042
1042 812 836
812 836 1042
1251 540 1484
540 1251 1484
1484 540 1251
