415 243 720
243 415 720
720 243 415
565 551 617
551 565 617
617 551 565
1195 1045 1359
1359 1045 1195
1045 1195 1359
621 40 89
40 89 621
89 40 621
983 379 585
379 585 983
585 379 983
338 615 1118
1118 338 615
615 338 1118
1500 923 1383
1383 923 1500
923 1383 1500
647 456 1227
456 647 1227
1227 456 647
1248 206 1047
206 1047 1248
1047 206 1248
450 252 857
857 252 450
252 450 857
716 420 1111
1111 420 716
420 716 1111
1236 1189 1428
1428 1189 1236
1189 1236 1428
930 702 820
820 702 930
702 820 930
42 821 880
880 42 821
821 42 880
794 290 1410
1410 290 794
290 794 1410
310 757 881
881 310 757
757 310 881
344 390 1250
390 344 1250
1250 344 390
1426 244 304
244 304 1426
304 244 1426
1059 10 1397
1397 10 1059
10 1059 1397
1176 340 896
896 340 1176
340 896 1176
1090 873 934
934 873 1090
873 934 1090
933 88 815
815 88 933
88 815 933
1056 279 800
800 279 1056
279 800 1056
131 261 1449
1449 131 261
261 131 1449
663 260 811
811 260 663
260 663 811
692 98 994
994 98 692
98 692 994
28 367 1147
1147 28 367
367 28 1147
366 11 1206
11 366 1206
1206 11 366
1323 113 977
977 113 1323
113 977 1323
333 1095 1237
1095 333 1237
1237 333 1095
1016 101 558
101 558 1016
558 101 1016
1476 866 1356
1356 866 1476
866 1356 1476
125 641 1399
641 125 1399
1399 125 641
953 664 1261
1261 664 953
664 953 1261
1000 37 1430
1430 37 1000
37 1000 1430
1170 95 353
353 95 1170
95 353 1170
269 813 1398
1398 269 813
813 269 1398
812 147 831
147 812 831
831 147 812
1089 971 1299
1299 971 1089
971 1089 1299
149 265 659
659 149 265
265 149 659
501 500 1315
1315 500 501
500 501 1315
1157 444 1081
444 1081 1157
1081 444 1157
1474 888 1361
888 1361 1474
1361 888 1474
475 843 1446
1446 475 843
843 475 1446
860 1054 1119
1119 860 1054
1054 860 1119
653 99 508
99 508 653
508 99 653
169 861 1146
1146 169 861
861 169 1146
1123 1302 1403
1302 1123 1403
1403 1123 1302
1232 530 756
530 756 1232
756 530 1232
1432 631 1499
631 1432 1499
1499 631 1432
681 74 1431
1431 74 681
74 681 1431
417 559 759
759 417 559
559 417 759
358 214 762
214 358 762
762 214 358
135 171 1279
171 135 1279
1279 135 171
1442 1034 1046
1046 1034 1442
1034 1046 1442
746 17 1040
1040 17 746
17 746 1040
833 396 1136
396 833 1136
1136 396 833
315 39 186
186 39 315
39 186 315
573 122 1450
122 573 1450
1450 122 573
1168 78 1153
1153 78 1168
78 1153 1168
1207 277 1350
1350 277 1207
277 1207 1350
1204 271 658
271 658 1204
658 271 1204
601 71 288
71 288 601
288 71 601
153 526 763
763 153 526
526 153 763
96 123 874
874 96 123
123 96 874
864 251 1447
251 864 1447
1447 251 864
608 90 624
624 90 608
90 608 624
938 1174 1483
1483 938 1174
1174 938 1483
620 1217 1458
1217 620 1458
1458 620 1217
386 322 1009
1009 322 386
322 386 1009
155 1033 1210
1033 155 1210
1210 155 1033
903 703 1293
1293 703 903
703 903 1293
1222 954 1178
954 1178 1222
1178 954 1222
67 378 1093
378 67 1093
1093 67 378
632 477 932
932 477 632
477 632 932
737 514 1272
514 737 1272
1272 514 737
1289 343 1127
343 1127 1289
1127 343 1289
749 129 557
557 129 749
129 557 749
61 824 1373
1373 61 824
824 61 1373
1166 1371 1393
1393 1166 1371
1371 1166 1393
991 1058 1497
1058 991 1497
1497 991 1058
486 623 1061
1061 486 623
623 486 1061
1137 1290 1417
1290 1137 1417
1417 1137 1290
296 569 1278
1278 296 569
569 296 1278
828 69 945
69 828 945
945 69 828
1067 760 1036
1036 760 1067
760 1036 1067
193 1083 1260
1083 193 1260
1260 193 1083
612 807 1441
1441 612 807
807 612 1441
359 349 506
349 359 506
506 349 359
731 316 376
316 376 731
376 316 731
1275 713 1077
713 1077 1275
1077 713 1275
841 912 1325
1325 841 912
912 841 1325
961 356 855
855 356 961
356 855 961
782 686 1461
686 782 1461
1461 686 782
1043 708 1214
1214 708 1043
708 1043 1214
1186 1027 1422
1422 1027 1186
1027 1186 1422
1296 467 987
987 467 1296
467 987 1296
998 92 334
334 92 998
92 334 998
348 3 1097
1097 3 348
3 348 1097
380 1 117
117 1 380
1 117 380
14 70 1267
70 14 1267
1267 14 70
128 1200 1276
1276 128 1200
1200 128 1276
633 134 205
205 134 633
134 205 633
1370 93 592
93 592 1370
592 93 1370
524 330 838
330 524 838
838 330 524
677 913 1300
913 677 1300
1300 677 913
1395 1053 1335
1053 1335 1395
1335 1053 1395
919 12 142
142 12 919
12 142 919
370 4 972
4 370 972
972 4 370
106 429 1402
1402 106 429
429 106 1402
227 314 778
778 227 314
314 227 778
242 38 1234
1234 38 242
38 242 1234
724 801 908
908 724 801
801 724 908
32 58 1408
1408 32 58
58 32 1408
894 311 583
583 311 894
311 583 894
584 238 817
238 584 817
817 238 584
1321 293 1239
293 1239 1321
1239 293 1321
678 455 510
510 455 678
455 510 678
745 1004 1387
1004 745 1387
1387 745 1004
1104 803 1160
803 1104 1160
1160 803 1104
162 458 1313
1313 162 458
458 162 1313
494 22 1352
22 494 1352
1352 22 494
245 613 1379
613 245 1379
1379 245 613
1099 748 1251
748 1099 1251
1251 748 1099
57 535 1213
1213 57 535
535 57 1213
15 1060 1075
1075 15 1060
1060 15 1075
575 438 520
438 520 575
520 438 575
1233 30 582
582 30 1233
30 582 1233
761 1155 1336
1155 761 1336
1336 761 1155
1209 1032 1314
1032 1209 1314
1314 1032 1209
1221 580 1271
580 1221 1271
1271 580 1221
454 355 990
990 355 454
355 454 990
313 791 1062
1062 313 791
791 313 1062
170 173 751
751 170 173
173 170 751
882 138 1138
1138 138 882
138 882 1138
255 204 1167
1167 204 255
204 255 1167
79 707 1297
1297 79 707
707 79 1297
974 319 796
319 796 974
796 319 974
481 891 1074
891 481 1074
1074 481 891
870 274 747
274 747 870
747 274 870
258 64 1041
1041 64 258
64 258 1041
666 107 876
876 107 666
107 666 876
802 136 1406
136 802 1406
1406 136 802
630 736 1409
736 630 1409
1409 630 736
1203 324 734
324 734 1203
734 324 1203
309 24 693
24 309 693
693 24 309
911 268 700
268 700 911
700 268 911
566 610 806
610 566 806
806 566 610
871 1084 1112
1112 871 1084
1084 871 1112
1156 448 680
680 448 1156
448 680 1156
622 774 863
774 622 863
863 622 774
176 182 905
905 176 182
182 176 905
337 365 1131
1131 337 365
365 337 1131
460 690 804
690 460 804
804 460 690
18 2 297
297 2 18
2 18 297
109 651 1295
1295 109 651
651 109 1295
979 940 997
940 979 997
997 940 979
21 148 1349
148 21 1349
1349 21 148
207 23 368
368 23 207
23 207 368
924 672 781
672 781 924
781 672 924
519 685 1322
1322 519 685
685 519 1322
278 276 567
567 276 278
276 278 567
967 767 949
949 767 967
767 949 967
223 425 1303
1303 223 425
425 223 1303
1212 581 1392
581 1212 1392
1392 581 1212
55 91 267
267 55 91
91 55 267
1100 124 646
124 646 1100
646 124 1100
1404 121 157
157 121 1404
121 157 1404
772 307 1266
307 772 1266
1266 307 772
554 159 1220
159 554 1220
1220 159 554
1192 184 952
184 952 1192
952 184 1192
986 867 1185
867 986 1185
1185 867 986
459 783 916
916 459 783
783 459 916
498 266 289
289 266 498
266 289 498
286 436 957
957 286 436
436 286 957
465 345 935
345 465 935
935 345 465
1120 1433 1473
1433 1120 1473
1473 1120 1433
65 270 403
270 65 403
403 65 270
1183 497 1082
497 1082 1183
1082 497 1183
1091 1008 1452
1008 1091 1452
1452 1008 1091
490 284 993
284 490 993
993 284 490
1163 234 469
234 469 1163
469 234 1163
571 250 440
250 440 571
440 250 571
943 175 1443
175 943 1443
1443 175 943
650 397 1334
1334 397 650
397 650 1334
758 139 1482
139 758 1482
1482 139 758
1108 709 1469
1469 709 1108
709 1108 1469
837 263 784
263 784 837
784 263 837
461 416 946
416 461 946
946 416 461
1065 1228 1281
1228 1065 1281
1281 1065 1228
602 369 999
999 369 602
369 602 999
342 273 1011
1011 273 342
273 342 1011
682 352 391
391 352 682
352 391 682
755 1109 1324
1109 755 1324
1324 755 1109
872 518 921
518 872 921
921 518 872
224 900 1384
900 224 1384
1384 224 900
1031 185 318
318 185 1031
185 318 1031
1235 25 141
141 25 1235
25 141 1235
198 462 541
462 198 541
541 198 462
503 213 300
300 213 503
213 300 503
1057 34 103
103 34 1057
34 103 1057
660 183 1122
183 660 1122
1122 183 660
927 733 962
733 927 962
962 733 927
1194 1088 1159
1088 1159 1194
1159 1088 1194
1481 852 1190
852 1190 1481
1190 852 1481
60 200 730
730 60 200
200 60 730
595 76 317
317 76 595
76 317 595
635 208 1498
1498 208 635
208 635 1498
283 285 960
960 283 285
285 283 960
958 163 471
163 471 958
471 163 958
568 964 1002
964 568 1002
1002 568 964
233 235 321
235 233 321
321 233 235
9 215 699
215 9 699
699 9 215
1421 240 1460
240 1421 1460
1460 240 1421
1238 599 1454
599 1238 1454
1454 599 1238
130 145 1488
1488 130 145
145 130 1488
41 472 717
717 41 472
472 41 717
1348 151 1308
1308 151 1348
151 1308 1348
82 735 1161
1161 82 735
735 82 1161
1012 1005 1435
1005 1012 1435
1435 1005 1012
644 572 1344
572 644 1344
1344 572 644
662 137 1162
1162 137 662
137 662 1162
832 466 529
466 529 832
529 466 832
191 521 1477
1477 191 521
521 191 1477
752 49 1247
1247 49 752
49 752 1247
413 741 1342
1342 413 741
741 413 1342
485 160 237
160 237 485
237 160 485
884 20 726
20 726 884
726 20 884
788 231 1415
1415 231 788
231 788 1415
202 890 1193
1193 202 890
890 202 1193
86 404 1197
404 86 1197
1197 86 404
1388 850 978
850 978 1388
978 850 1388
654 217 405
217 405 654
405 217 654
1455 154 525
525 154 1455
154 525 1455
174 112 419
419 112 174
112 174 419
1132 775 928
928 775 1132
775 928 1132
1427 925 1049
1049 925 1427
925 1049 1427
965 51 97
51 97 965
97 51 965
435 52 80
80 52 435
52 80 435
516 491 1331
1331 491 516
491 516 1331
710 479 688
479 688 710
688 479 710
1257 354 451
354 451 1257
451 354 1257
886 655 1425
1425 655 886
655 886 1425
363 382 728
382 363 728
728 363 382
232 203 1113
203 232 1113
1113 203 232
362 424 673
673 362 424
424 362 673
1063 543 1254
543 1063 1254
1254 543 1063
1462 847 1134
847 1134 1462
1134 847 1462
26 422 470
422 26 470
470 26 422
68 718 853
853 68 718
718 68 853
1124 502 1436
1436 502 1124
502 1124 1436
969 63 1304
1304 63 969
63 969 1304
452 484 1098
484 452 1098
1098 452 484
1259 81 1079
81 1079 1259
1079 81 1259
937 625 1249
1249 625 937
625 937 1249
1366 785 1066
1066 785 1366
785 1066 1366
1382 606 898
606 898 1382
898 606 1382
54 511 656
656 54 511
511 54 656
611 196 1400
1400 196 611
196 611 1400
249 711 1125
711 249 1125
1125 249 711
768 669 1071
1071 669 768
669 768 1071
44 150 1364
1364 44 150
150 44 1364
1491 414 1087
1087 414 1491
414 1087 1491
395 287 545
287 395 545
545 287 395
423 910 944
944 423 910
910 423 944
105 549 1381
1381 105 549
549 105 1381
754 667 1110
667 754 1110
1110 667 754
327 246 509
509 246 327
246 327 509
527 59 1328
59 527 1328
1328 59 527
1307 1201 1485
1201 1307 1485
1485 1201 1307
1196 56 1094
1094 56 1196
56 1094 1196
351 5 1411
1411 5 351
5 351 1411
513 714 834
834 513 714
714 513 834
1025 637 1128
1128 637 1025
637 1025 1128
725 197 642
197 642 725
642 197 725
1256 62 190
62 190 1256
190 62 1256
643 1188 1439
1439 643 1188
1188 643 1439
398 729 909
909 398 729
729 398 909
750 970 1377
1377 750 970
970 750 1377
1029 303 810
303 810 1029
810 303 1029
505 523 975
975 505 523
523 505 975
488 671 1003
671 488 1003
1003 488 671
1006 668 906
906 668 1006
668 906 1006
1282 879 1306
879 1282 1306
1306 879 1282
94 156 753
156 94 753
753 94 156
515 765 819
765 515 819
819 515 765
862 968 1372
968 862 1372
1372 862 968
1389 1396 1489
1396 1389 1489
1489 1389 1396
31 1143 1287
1287 31 1143
1143 31 1287
1440 371 1475
1475 371 1440
371 1440 1475
1495 201 676
201 676 1495
676 201 1495
168 410 649
410 168 649
649 168 410
915 381 1347
381 915 1347
1347 381 915
786 1044 1369
1369 786 1044
1044 786 1369
1317 973 1312
973 1312 1317
1312 973 1317
1414 132 1179
1179 132 1414
132 1179 1414
411 576 722
722 411 576
576 411 722
320 66 766
766 66 320
66 320 766
777 859 1175
1175 777 859
859 777 1175
926 332 1030
1030 332 926
332 926 1030
619 392 1459
392 619 1459
1459 392 619
661 1187 1330
1187 661 1330
1330 661 1187
1064 166 1205
166 1064 1205
1205 166 1064
8 339 1076
339 8 1076
1076 8 339
1115 115 743
743 115 1115
115 743 1115
357 447 1419
447 357 1419
1419 357 447
1184 1086 1496
1496 1086 1184
1086 1184 1496
1280 829 1268
829 1268 1280
1268 829 1280
1007 1121 1480
1480 1007 1121
1121 1007 1480
292 47 684
47 292 684
684 47 292
1035 282 948
282 948 1035
948 282 1035
1263 578 1463
578 1263 1463
1463 578 1263
844 836 1494
1494 836 844
836 844 1494
963 16 885
885 16 963
16 885 963
27 219 598
219 27 598
598 27 219
473 698 1202
1202 473 698
698 473 1202
230 1050 1374
1050 230 1374
1374 230 1050
312 640 1141
1141 312 640
640 312 1141
1245 1180 1444
1180 1245 1444
1444 1180 1245
1265 72 1493
1493 72 1265
72 1265 1493
939 331 701
331 701 939
701 331 939
189 627 931
627 189 931
931 189 627
1368 776 1311
776 1311 1368
1311 776 1368
560 143 165
143 165 560
165 143 560
152 220 887
220 152 887
887 152 220
1072 308 648
308 648 1072
648 308 1072
574 1070 1286
1070 574 1286
1286 574 1070
1337 487 1471
487 1337 1471
1471 487 1337
1145 988 1472
988 1145 1472
1472 988 1145
194 114 1327
1327 114 194
114 194 1327
1355 597 1274
1274 597 1355
597 1274 1355
587 522 1152
522 587 1152
1152 522 587
177 1182 1429
1182 177 1429
1429 177 1182
901 705 1464
1464 705 901
705 901 1464
294 192 842
192 294 842
842 192 294
1198 442 929
442 929 1198
929 442 1198
1225 657 1412
1412 657 1225
657 1225 1412
732 468 892
892 468 732
468 732 892
259 418 1365
418 259 1365
1365 259 418
1264 306 1424
306 1264 1424
1424 306 1264
577 604 1294
1294 577 604
604 577 1294
158 133 1241
1241 133 158
133 158 1241
1413 46 104
104 46 1413
46 104 1413
1023 951 1154
951 1023 1154
1154 951 1023
674 687 1014
1014 674 687
687 674 1014
645 167 1351
1351 167 645
167 645 1351
83 704 1420
704 83 1420
1420 83 704
164 13 869
13 164 869
869 13 164
537 264 770
770 264 537
264 537 770
181 1246 1487
1487 181 1246
1246 181 1487
1068 400 446
400 446 1068
446 400 1068
489 878 1149
878 489 1149
1149 489 878
570 1171 1467
1467 570 1171
1171 570 1467
593 222 1316
222 593 1316
1316 222 593
652 247 618
618 247 652
247 618 652
712 1039 1466
1466 712 1039
1039 712 1466
634 528 1139
528 634 1139
1139 528 634
1391 865 1285
1285 865 1391
865 1285 1391
178 591 1028
591 178 1028
1028 178 591
675 483 1360
1360 483 675
483 675 1360
825 364 605
605 364 825
364 605 825
1103 586 1375
1375 586 1103
586 1103 1375
402 1135 1223
1135 402 1223
1223 402 1135
899 388 1230
388 899 1230
1230 388 899
298 281 848
281 298 848
848 281 298
495 36 532
532 36 495
36 495 532
323 792 1457
792 323 1457
1457 323 792
1219 19 1451
1451 19 1219
19 1219 1451
540 299 1357
1357 299 540
299 540 1357
1438 383 805
805 383 1438
383 805 1438
1423 399 959
399 959 1423
959 399 1423
626 120 1380
1380 120 626
120 626 1380
33 1013 1055
1055 33 1013
1013 33 1055
742 256 328
328 256 742
256 328 742
553 539 1042
539 553 1042
1042 539 553
372 209 432
209 372 432
432 209 372
225 1010 1394
1394 225 1010
1010 225 1394
665 1051 1085
1051 665 1085
1085 665 1051
180 769 1243
769 180 1243
1243 180 769
102 210 430
210 102 430
430 102 210
1318 87 1277
1277 87 1318
87 1277 1318
1319 1129 1437
1129 1319 1437
1437 1129 1319
387 507 1269
1269 387 507
507 387 1269
1386 262 1172
262 1172 1386
1172 262 1386
1288 1037 1320
1320 1037 1288
1037 1288 1320
533 942 1169
942 533 1169
1169 533 942
187 950 1353
1353 187 950
950 187 1353
1465 431 789
789 431 1465
431 789 1465
199 552 1478
552 199 1478
1478 199 552
248 893 1363
1363 248 893
893 248 1363
1332 427 1358
427 1332 1358
1358 427 1332
119 377 830
830 119 377
377 119 830
889 739 1021
739 889 1021
1021 739 889
1333 6 715
715 6 1333
6 715 1333
721 280 329
280 329 721
329 280 721
443 1026 1140
1140 443 1026
1026 443 1140
1158 1114 1273
1273 1114 1158
1114 1158 1273
607 856 897
897 607 856
856 607 897
793 445 542
445 542 793
542 445 793
1385 808 1017
1017 808 1385
808 1017 1385
907 161 434
161 434 907
434 161 907
1292 579 1486
579 1292 1486
1486 579 1292
1376 544 1354
1354 544 1376
544 1354 1376
1038 600 1024
600 1024 1038
1024 600 1038
854 437 1224
1224 437 854
437 854 1224
401 1048 1470
1048 401 1470
1470 401 1048
305 384 394
394 305 384
384 305 394
172 73 744
744 73 172
73 172 744
918 689 1106
1106 689 918
689 918 1106
922 295 548
548 295 922
295 548 922
45 253 773
773 45 253
253 45 773
1252 111 254
111 254 1252
254 111 1252
1215 493 1310
493 1215 1310
1310 493 1215
858 441 955
955 441 858
441 858 955
1018 335 1208
335 1018 1208
1208 335 1018
914 1218 1341
1218 914 1341
1341 914 1218
421 428 1133
1133 421 428
428 421 1133
453 555 1151
555 453 1151
1151 453 555
695 75 596
75 596 695
596 75 695
1080 389 482
482 389 1080
389 482 1080
474 236 1019
236 474 1019
1019 236 474
594 1144 1378
1378 594 1144
1144 594 1378
257 326 336
336 257 326
326 257 336
992 433 476
476 433 992
433 476 992
275 218 1102
1102 218 275
218 275 1102
638 179 463
463 179 638
179 463 638
798 603 818
603 798 818
818 603 798
966 35 563
563 35 966
35 563 966
947 449 1142
1142 449 947
449 947 1142
480 406 1101
406 480 1101
1101 406 480
361 116 239
239 116 361
116 239 361
1345 902 936
936 902 1345
902 936 1345
221 719 1479
719 221 1479
1479 221 719
1216 1020 1405
1405 1020 1216
1020 1216 1405
1390 561 1173
1173 561 1390
561 1173 1390
512 840 1116
1116 512 840
840 512 1116
228 590 1117
1117 228 590
590 228 1117
1253 787 1150
787 1150 1253
1150 787 1253
920 1096 1407
1407 920 1096
1096 920 1407
639 229 439
229 439 639
439 229 639
1022 696 1416
1416 696 1022
696 1022 1416
845 48 816
816 48 845
48 816 845
917 589 1401
1401 589 917
589 917 1401
1165 1339 1362
1362 1165 1339
1339 1165 1362
464 457 980
457 464 980
980 457 464
629 1199 1298
1199 629 1298
1298 629 1199
393 797 835
797 393 835
835 393 797
1346 412 795
412 795 1346
795 412 1346
188 29 839
29 188 839
839 29 188
1092 408 1242
1242 408 1092
408 1092 1242
1255 849 1484
849 1255 1484
1484 849 1255
1001 216 1073
216 1001 1073
1073 216 1001
407 126 241
241 126 407
126 241 407
904 588 1305
1305 588 904
588 904 1305
127 504 1229
1229 127 504
504 127 1229
1231 780 1492
1492 780 1231
780 1231 1492
85 556 1181
1181 85 556
556 85 1181
53 790 941
790 53 941
941 53 790
1107 996 1468
1468 996 1107
996 1107 1468
492 140 346
346 140 492
140 346 492
360 550 982
982 360 550
550 360 982
341 679 691
679 341 691
691 341 679
478 628 1226
628 478 1226
1226 478 628
538 226 426
226 426 538
426 226 538
609 546 779
546 609 779
779 546 609
77 799 1130
799 77 1130
1130 77 799
984 851 1069
851 984 1069
1069 851 984
1177 738 1338
738 1177 1338
1338 738 1177
350 564 1291
1291 350 564
564 350 1291
826 531 1445
531 826 1445
1445 531 826
1191 562 1240
1240 562 1191
562 1191 1240
496 895 976
976 496 895
895 496 976
272 868 877
868 272 877
877 272 868
1283 325 683
683 325 1283
325 683 1283
1343 84 614
614 84 1343
84 614 1343
43 7 100
7 43 100
100 7 43
1148 883 995
883 995 1148
995 883 1148
1164 146 694
146 694 1164
694 146 1164
1453 302 823
823 302 1453
302 823 1453
809 822 1015
822 809 1015
1015 809 822
301 144 1270
144 301 1270
1270 144 301
118 409 740
740 118 409
409 118 740
195 1340 1434
1340 195 1434
1434 195 1340
1456 536 727
727 536 1456
536 727 1456
985 291 981
981 291 985
291 981 985
1418 373 814
814 373 1418
373 814 1418
1301 547 1052
547 1052 1301
1052 547 1301
616 636 1367
1367 616 636
636 616 1367
1490 375 771
375 771 1490
771 375 1490
956 212 723
723 212 956
212 723 956
875 347 1105
347 875 1105
1105 347 875
1284 50 517
517 50 1284
50 517 1284
1211 706 1329
1329 706 1211
706 1211 1329
1262 110 1309
1309 110 1262
110 1262 1309
989 211 1326
211 989 1326
1326 211 989
827 499 1448
499 827 1448
1448 499 827
385 108 1126
108 385 1126
1126 108 385
670 374 1244
374 670 1244
1244 374 670
1258 534 764
764 534 1258
534 764 1258
1078 697 846
846 697 1078
697 846 1078
