99116 32401 102833
32401 99116 102833
102833 32401 99116
92154 485 99129
485 92154 99129
99129 485 92154
56544 76478 85865
85865 56544 76478
76478 56544 85865
43929 33834 38321
33834 38321 43929
38321 33834 43929
96862 25572 54893
25572 54893 96862
54893 25572 96862
100095 41829 41919
41919 41829 100095
41829 41919 100095
126253 50457 128613
50457 126253 128613
128613 50457 126253
97066 15593 56538
56538 15593 97066
15593 56538 97066
51790 7795 130668
7795 51790 130668
130668 7795 51790
147349 78388 105760
78388 105760 147349
105760 78388 147349
7325 5396 126093
5396 7325 126093
126093 5396 7325
43834 24510 60182
24510 43834 60182
60182 24510 43834
51278 81476 117370
81476 51278 117370
117370 51278 81476
54749 38184 106177
106177 38184 54749
38184 54749 106177
134588 34353 147373
34353 134588 147373
147373 34353 134588
47613 10262 85075
85075 10262 47613
10262 47613 85075
84964 29576 41276
29576 41276 84964
41276 29576 84964
25220 30659 119217
30659 25220 119217
119217 25220 30659
77261 35119 107180
107180 35119 77261
35119 77261 107180
12672 14111 20102
20102 12672 14111
14111 12672 20102
149905 73429 147136
73429 147136 149905
147136 73429 149905
86232 62893 87824
62893 86232 87824
87824 62893 86232
60863 38915 139218
38915 60863 139218
139218 38915 60863
89497 10997 147197
10997 89497 147197
147197 10997 89497
27286 44785 113725
44785 27286 113725
113725 27286 44785
19400 4823 70453
70453 4823 19400
4823 19400 70453
148959 108794 142436
108794 142436 148959
142436 108794 148959
30240 55733 62168
55733 30240 62168
62168 30240 55733
9558 103746 138643
103746 9558 138643
138643 9558 103746
8606 36277 121610
121610 8606 36277
36277 8606 121610
126680 59 141866
141866 59 126680
59 126680 141866
87688 80625 93336
80625 87688 93336
93336 80625 87688
119745 74098 112397
112397 74098 119745
74098 112397 119745
118958 48640 67362
67362 48640 118958
48640 67362 118958
46758 99052 133806
99052 46758 133806
133806 46758 99052
15594 88218 97125
88218 15594 97125
97125 15594 88218
117243 85656 111504
85656 111504 117243
111504 85656 117243
79616 7267 106105
106105 7267 79616
7267 79616 106105
143808 29257 41419
41419 29257 143808
29257 41419 143808
129605 11997 105154
105154 11997 129605
11997 105154 129605
114774 26559 68998
68998 26559 114774
26559 68998 114774
24754 11192 44800
44800 11192 24754
11192 24754 44800
145490 12996 80419
12996 80419 145490
80419 12996 145490
52226 77582 111518
77582 52226 111518
111518 52226 77582
56982 50141 59488
59488 50141 56982
50141 56982 59488
59804 104459 149969
104459 59804 149969
149969 59804 104459
78957 65708 149082
65708 78957 149082
149082 65708 78957
42798 136924 139131
139131 42798 136924
136924 42798 139131
135637 87333 138238
138238 87333 135637
87333 135637 138238
92380 31933 37563
31933 37563 92380
37563 31933 92380
75382 67650 88914
88914 67650 75382
67650 75382 88914
67359 50104 112179
112179 50104 67359
50104 67359 112179
16502 54592 101635
54592 16502 101635
101635 16502 54592
103362 64218 76319
64218 76319 103362
76319 64218 103362
84369 100921 144921
144921 84369 100921
100921 84369 144921
118890 111637 123436
123436 111637 118890
111637 118890 123436
88977 57151 65145
57151 65145 88977
65145 57151 88977
82872 55445 68691
68691 55445 82872
55445 68691 82872
61745 44035 149455
149455 44035 61745
44035 61745 149455
96814 57920 144688
57920 96814 144688
144688 57920 96814
87745 42695 50413
50413 42695 87745
42695 50413 87745
126299 87810 100117
100117 87810 126299
87810 100117 126299
80970 124680 128502
124680 80970 128502
128502 80970 124680
107404 3302 92065
3302 92065 107404
92065 3302 107404
24544 68010 147465
147465 24544 68010
68010 24544 147465
13221 63493 141901
141901 13221 63493
63493 13221 141901
126245 64128 100051
100051 64128 126245
64128 100051 126245
86918 91965 143825
143825 86918 91965
91965 86918 143825
86458 27096 73847
27096 73847 86458
73847 27096 86458
31777 8300 47815
8300 31777 47815
47815 8300 31777
103175 61027 66163
66163 61027 103175
61027 66163 103175
55664 48893 136665
48893 55664 136665
136665 48893 55664
41752 72545 90369
72545 41752 90369
90369 41752 72545
84577 3308 147335
3308 84577 147335
147335 3308 84577
37198 11778 64238
64238 11778 37198
11778 37198 64238
110242 89990 146276
146276 89990 110242
89990 110242 146276
101137 99321 114078
114078 99321 101137
99321 101137 114078
88668 32971 95821
95821 32971 88668
32971 88668 95821
112188 111246 146973
146973 111246 112188
111246 112188 146973
62665 112950 128681
112950 62665 128681
128681 62665 112950
36669 61086 112928
112928 36669 61086
61086 36669 112928
141787 13995 90859
90859 13995 141787
13995 90859 141787
58355 28262 67953
67953 28262 58355
28262 58355 67953
109944 122469 123594
123594 109944 122469
122469 109944 123594
69418 18838 141969
18838 69418 141969
141969 18838 69418
32894 66 140284
66 32894 140284
140284 66 32894
62645 66432 79743
66432 62645 79743
79743 62645 66432
52979 59620 76408
59620 52979 76408
76408 52979 59620
88880 14419 60143
14419 60143 88880
60143 14419 88880
103809 89864 148586
89864 103809 148586
148586 89864 103809
24149 13211 50859
13211 24149 50859
50859 13211 24149
47408 143503 148572
143503 47408 148572
148572 47408 143503
15072 64839 124447
124447 15072 64839
64839 15072 124447
121603 49835 113466
49835 113466 121603
113466 49835 121603
78897 15136 140388
140388 15136 78897
15136 78897 140388
114847 79995 132873
132873 79995 114847
79995 114847 132873
45624 46278 68991
46278 45624 68991
68991 45624 46278
140587 75680 118963
75680 118963 140587
118963 75680 140587
77390 88746 147890
88746 77390 147890
147890 77390 88746
133878 108610 138320
108610 133878 138320
138320 108610 133878
58995 7559 81463
7559 58995 81463
81463 7559 58995
9310 24254 51626
24254 9310 51626
51626 9310 24254
5349 71989 79503
79503 5349 71989
71989 5349 79503
126181 13579 16688
13579 16688 126181
16688 13579 126181
119726 62311 82497
82497 62311 119726
62311 82497 119726
8618 32689 66958
66958 8618 32689
32689 8618 66958
61285 21321 122329
122329 21321 61285
21321 61285 122329
144813 20403 36251
20403 36251 144813
36251 20403 144813
51961 31502 108148
31502 51961 108148
108148 31502 51961
114334 5523 53647
53647 5523 114334
5523 53647 114334
30155 545 89459
89459 545 30155
545 30155 89459
75064 47644 67787
47644 67787 75064
67787 47644 75064
139273 953 143728
953 139273 143728
143728 953 139273
41392 1100 4444
4444 1100 41392
1100 4444 41392
146789 11031 51219
51219 11031 146789
11031 51219 146789
144981 50688 77510
50688 77510 144981
77510 50688 144981
1646 33691 70848
70848 1646 33691
33691 1646 70848
22760 29003 84617
29003 22760 84617
84617 22760 29003
147856 52 66890
52 66890 147856
66890 52 147856
5176 54810 137978
137978 5176 54810
54810 5176 137978
37482 8866 45291
8866 37482 45291
45291 8866 37482
60066 63846 73241
63846 60066 73241
73241 60066 63846
101653 54807 67194
67194 54807 101653
54807 67194 101653
144499 35371 80154
35371 80154 144499
80154 35371 144499
40948 136722 149812
149812 40948 136722
136722 40948 149812
9511 62862 127029
62862 9511 127029
127029 9511 62862
65136 40591 90597
90597 40591 65136
40591 65136 90597
43750 4650 16720
16720 4650 43750
4650 16720 43750
1796 34593 82179
82179 1796 34593
34593 1796 82179
109993 28277 98736
28277 98736 109993
98736 28277 109993
36514 40916 148054
40916 36514 148054
148054 36514 40916
108169 72401 109118
72401 108169 109118
109118 72401 108169
3630 47717 102094
47717 3630 102094
102094 3630 47717
107887 45307 140542
45307 107887 140542
140542 45307 107887
131378 4762 133138
133138 4762 131378
4762 131378 133138
7246 56594 146709
146709 7246 56594
56594 7246 146709
116072 24569 143096
143096 24569 116072
24569 116072 143096
148363 53928 91295
91295 53928 148363
53928 91295 148363
10168 125833 134044
125833 10168 134044
134044 10168 125833
58729 69133 135292
135292 58729 69133
69133 58729 135292
122300 67366 126663
67366 122300 126663
126663 67366 122300
21213 43568 98368
43568 21213 98368
98368 21213 43568
117363 12228 51769
12228 51769 117363
51769 12228 117363
49982 10585 51101
10585 49982 51101
51101 10585 49982
101822 39641 90437
39641 90437 101822
90437 39641 101822
69366 54471 143258
143258 54471 69366
54471 69366 143258
82337 15873 117923
117923 15873 82337
15873 82337 117923
20718 122093 143405
122093 20718 143405
143405 20718 122093
86452 796 80189
796 80189 86452
80189 796 86452
73602 77470 94498
77470 73602 94498
94498 73602 77470
131798 56335 108311
56335 108311 131798
108311 56335 131798
133207 57927 144556
57927 133207 144556
144556 57927 133207
135556 135157 144208
144208 135157 135556
135157 135556 144208
41960 99857 128526
99857 41960 128526
128526 41960 99857
134931 73756 139022
73756 134931 139022
139022 73756 134931
19751 24867 117017
24867 19751 117017
117017 19751 24867
50951 72712 74736
74736 50951 72712
72712 50951 74736
102333 17498 122488
17498 102333 122488
122488 17498 102333
70719 19439 106017
19439 70719 106017
106017 19439 70719
89817 49507 81081
81081 49507 89817
49507 81081 89817
13678 41241 90860
41241 13678 90860
90860 13678 41241
144955 43673 53439
43673 53439 144955
53439 43673 144955
55414 95008 103623
103623 55414 95008
95008 55414 103623
104572 36652 144985
36652 104572 144985
144985 36652 104572
15872 64339 146003
146003 15872 64339
64339 15872 146003
134888 50703 115476
115476 50703 134888
50703 115476 134888
38663 43244 136132
43244 38663 136132
136132 38663 43244
45456 102159 111695
102159 45456 111695
111695 45456 102159
63044 93220 124668
124668 63044 93220
93220 63044 124668
60530 31905 89553
89553 31905 60530
31905 60530 89553
35103 27559 54631
27559 35103 54631
54631 27559 35103
98040 258 62064
258 62064 98040
62064 258 98040
61503 22735 140461
140461 22735 61503
22735 61503 140461
100293 53695 58044
53695 58044 100293
58044 53695 100293
136564 104152 145276
145276 104152 136564
104152 136564 145276
35903 12791 39994
12791 35903 39994
39994 12791 35903
15002 90893 107575
107575 15002 90893
90893 15002 107575
46925 59188 103830
103830 46925 59188
59188 46925 103830
76364 43917 143337
143337 43917 76364
43917 76364 143337
28208 16713 140377
16713 28208 140377
140377 16713 28208
47522 59444 83136
83136 47522 59444
59444 47522 83136
39411 58577 109332
58577 39411 109332
109332 39411 58577
123725 7072 129321
7072 123725 129321
129321 7072 123725
101085 6960 46938
46938 6960 101085
6960 46938 101085
33755 60818 123633
60818 33755 123633
123633 33755 60818
147173 4944 38226
4944 38226 147173
38226 4944 147173
10541 126546 134681
134681 10541 126546
126546 10541 134681
138385 70375 127470
127470 70375 138385
70375 127470 138385
7146 25762 31251
25762 7146 31251
31251 7146 25762
108979 93739 102841
102841 93739 108979
93739 102841 108979
115579 97285 123028
123028 97285 115579
97285 115579 123028
139956 128312 145587
128312 139956 145587
145587 128312 139956
148279 7242 32728
7242 32728 148279
32728 7242 148279
36625 32005 51106
51106 32005 36625
32005 36625 51106
70116 73498 125702
125702 70116 73498
73498 70116 125702
99638 17269 126915
17269 99638 126915
126915 17269 99638
34990 23288 66066
23288 34990 66066
66066 23288 34990
67777 35873 124120
35873 67777 124120
124120 35873 67777
27034 5694 121650
121650 5694 27034
5694 27034 121650
110443 32879 91358
32879 91358 110443
91358 32879 110443
6903 20838 129282
129282 6903 20838
20838 6903 129282
34459 8353 83882
8353 34459 83882
83882 8353 34459
130542 14967 95255
95255 14967 130542
14967 95255 130542
98367 94075 107655
107655 94075 98367
94075 98367 107655
22069 48804 142169
142169 22069 48804
48804 22069 142169
123751 96649 108149
108149 96649 123751
96649 108149 123751
60169 119315 127174
119315 60169 127174
127174 60169 119315
109968 91877 124837
124837 91877 109968
91877 109968 124837
86481 80654 84703
80654 84703 86481
84703 80654 86481
91272 39043 126556
126556 39043 91272
39043 91272 126556
135898 442 42683
442 42683 135898
42683 442 135898
146568 70804 144503
70804 144503 146568
144503 70804 146568
76296 27320 27956
27956 27320 76296
27320 27956 76296
111646 2725 104350
2725 104350 111646
104350 2725 111646
94914 51494 68155
51494 68155 94914
68155 51494 94914
66725 85703 148928
85703 66725 148928
148928 66725 85703
111462 10845 92542
10845 92542 111462
92542 10845 111462
68853 101740 128780
128780 68853 101740
101740 68853 128780
39306 34312 103787
34312 39306 103787
103787 34312 39306
43028 4329 147835
147835 4329 43028
4329 43028 147835
106883 990 109814
990 106883 109814
109814 990 106883
98696 55035 146330
146330 55035 98696
55035 98696 146330
46173 95546 145316
95546 46173 145316
145316 46173 95546
149128 49658 110753
49658 110753 149128
110753 49658 149128
18991 120948 124278
120948 18991 124278
124278 18991 120948
85518 57574 140160
140160 57574 85518
57574 85518 140160
60233 14534 146801
146801 14534 60233
14534 60233 146801
55841 93670 134455
134455 55841 93670
93670 55841 134455
67813 58346 117797
58346 67813 117797
117797 58346 67813
31336 37193 55409
55409 31336 37193
37193 31336 55409
8817 110831 145952
110831 8817 145952
145952 8817 110831
49140 62327 130650
130650 49140 62327
62327 49140 130650
126052 1953 108461
108461 1953 126052
1953 108461 126052
32105 20097 88909
20097 32105 88909
88909 20097 32105
59553 4864 145085
4864 59553 145085
145085 4864 59553
112166 22006 89433
89433 22006 112166
22006 89433 112166
86631 65914 114699
65914 86631 114699
114699 65914 86631
22368 80526 141468
141468 22368 80526
80526 22368 141468
132641 7019 138311
7019 132641 138311
138311 7019 132641
109241 9156 105291
105291 9156 109241
9156 105291 109241
1423 9835 88826
9835 1423 88826
88826 1423 9835
115390 34229 76084
34229 76084 115390
76084 34229 115390
54822 55255 78155
78155 54822 55255
55255 54822 78155
12559 86310 91998
86310 12559 91998
91998 12559 86310
88495 30599 145149
145149 30599 88495
30599 88495 145149
7724 8656 60273
8656 7724 60273
60273 7724 8656
105298 95484 117173
95484 105298 117173
117173 95484 105298
26355 58520 143017
58520 26355 143017
143017 26355 58520
133507 90403 140485
140485 90403 133507
90403 133507 140485
41142 48727 126175
126175 41142 48727
48727 41142 126175
9330 29965 64074
29965 9330 64074
64074 9330 29965
10031 115859 145255
145255 10031 115859
115859 10031 145255
41284 38314 75137
38314 41284 75137
75137 38314 41284
141075 36554 62776
36554 62776 141075
62776 36554 141075
135984 73826 123755
73826 123755 135984
123755 73826 135984
95641 52312 115841
115841 52312 95641
52312 95641 115841
61721 65439 67816
67816 61721 65439
65439 61721 67816
145932 93246 114397
93246 114397 145932
114397 93246 145932
43662 47327 129884
129884 43662 47327
47327 43662 129884
67426 76819 142626
76819 67426 142626
142626 67426 76819
149591 14941 141493
141493 14941 149591
14941 141493 149591
58104 34559 89372
89372 34559 58104
34559 58104 89372
104427 7781 93312
7781 93312 104427
93312 7781 104427
16690 81776 129991
129991 16690 81776
81776 16690 129991
138819 14361 104658
104658 14361 138819
14361 104658 138819
147839 5229 111330
5229 111330 147839
111330 5229 147839
13772 95190 124097
95190 13772 124097
124097 13772 95190
79267 78752 87480
78752 79267 87480
87480 78752 79267
16108 1737 73020
73020 1737 16108
1737 16108 73020
26087 66007 105872
66007 26087 105872
105872 26087 66007
130231 6978 117335
117335 6978 130231
6978 117335 130231
66931 95885 126341
95885 66931 126341
126341 66931 95885
62405 12648 39212
39212 12648 62405
12648 39212 62405
115330 85628 142764
142764 85628 115330
85628 115330 142764
144782 12720 46458
46458 12720 144782
12720 46458 144782
58434 56338 127844
127844 56338 58434
56338 58434 127844
45701 43671 58394
58394 43671 45701
43671 45701 58394
99520 28974 66778
28974 66778 99520
66778 28974 99520
122365 8697 43874
8697 43874 122365
43874 8697 122365
49908 50160 70996
70996 49908 50160
50160 49908 70996
9776 23601 149991
23601 9776 149991
149991 9776 23601
40676 30278 41487
30278 40676 41487
41487 30278 40676
146786 141512 145254
141512 145254 146786
145254 141512 146786
45351 29975 94250
94250 29975 45351
29975 45351 94250
96060 37263 124719
124719 37263 96060
37263 96060 124719
101310 61248 72418
72418 61248 101310
61248 72418 101310
15379 2765 127384
127384 2765 15379
2765 15379 127384
43146 55387 149883
55387 43146 149883
149883 43146 55387
36729 919 148050
148050 919 36729
919 36729 148050
41038 23824 145269
23824 41038 145269
145269 23824 41038
111135 43321 103263
103263 43321 111135
43321 103263 111135
67025 41835 101092
41835 67025 101092
101092 41835 67025
56203 69424 146412
69424 56203 146412
146412 56203 69424
128929 31797 81949
31797 81949 128929
81949 31797 128929
6995 2037 81726
81726 2037 6995
2037 6995 81726
86165 48780 109358
48780 86165 109358
109358 48780 86165
132242 24468 82344
82344 24468 132242
24468 82344 132242
59394 65179 143438
65179 59394 143438
143438 59394 65179
65394 32697 148748
148748 32697 65394
32697 65394 148748
111247 23347 69662
23347 69662 111247
69662 23347 111247
108328 21298 60721
21298 60721 108328
60721 21298 108328
90681 17891 95875
95875 17891 90681
17891 90681 95875
42237 38909 44642
38909 42237 44642
44642 38909 42237
129441 3513 73749
73749 3513 129441
3513 73749 129441
57179 96691 101070
101070 57179 96691
96691 57179 101070
45310 3980 95785
95785 3980 45310
3980 45310 95785
94708 17531 21387
21387 17531 94708
17531 21387 94708
37508 10832 131753
131753 10832 37508
10832 37508 131753
1182 95434 105558
105558 1182 95434
95434 1182 105558
67285 10637 149418
10637 67285 149418
149418 10637 67285
3151 62558 117362
62558 3151 117362
117362 3151 62558
149559 21332 100057
21332 100057 149559
100057 21332 149559
35138 243 120568
243 35138 120568
120568 243 35138
94695 61930 149278
149278 61930 94695
61930 94695 149278
148917 122056 145584
122056 145584 148917
145584 122056 148917
87510 45685 57059
57059 45685 87510
45685 57059 87510
50833 68583 143960
68583 50833 143960
143960 50833 68583
46857 72394 72953
72394 46857 72953
72953 46857 72394
143161 34383 91641
91641 34383 143161
34383 91641 143161
42963 54599 114264
54599 42963 114264
114264 42963 54599
53787 47620 55976
47620 53787 55976
55976 47620 53787
115110 75164 139327
139327 75164 115110
75164 115110 139327
95121 54083 89798
54083 89798 95121
89798 54083 95121
117013 70203 106172
106172 70203 117013
70203 106172 117013
60040 30881 141281
30881 60040 141281
141281 30881 60040
125120 50986 103112
50986 103112 125120
103112 50986 125120
138404 2095 46896
46896 2095 138404
2095 46896 138404
104050 18949 45037
18949 45037 104050
45037 18949 104050
51306 49034 109829
109829 49034 51306
49034 51306 109829
43142 40777 97214
97214 40777 43142
40777 43142 97214
120987 16299 128551
16299 120987 128551
128551 16299 120987
110949 8491 24737
24737 8491 110949
8491 24737 110949
17094 78960 120675
78960 17094 120675
120675 17094 78960
5122 73190 84973
84973 5122 73190
73190 5122 84973
142614 5164 39076
39076 5164 142614
5164 39076 142614
12586 97114 107413
97114 12586 107413
107413 12586 97114
50494 39676 67150
67150 39676 50494
39676 50494 67150
89879 53365 62316
53365 62316 89879
62316 53365 89879
22231 88708 129873
129873 22231 88708
88708 22231 129873
1395 58723 130975
130975 1395 58723
58723 1395 130975
35791 1040 119639
119639 1040 35791
1040 35791 119639
1279 74899 118416
118416 1279 74899
74899 1279 118416
88178 53755 121847
121847 53755 88178
53755 88178 121847
129499 88041 139722
88041 129499 139722
139722 88041 129499
6406 7339 52171
52171 6406 7339
7339 6406 52171
100052 104183 108504
108504 100052 104183
104183 100052 108504
104327 124206 148949
148949 104327 124206
124206 104327 148949
120309 121681 130513
130513 120309 121681
121681 120309 130513
142335 17898 107250
107250 17898 142335
17898 107250 142335
19090 88981 116501
88981 19090 116501
116501 19090 88981
27691 31611 41571
41571 27691 31611
31611 27691 41571
119091 35317 109294
109294 35317 119091
35317 109294 119091
4993 9287 51220
9287 4993 51220
51220 4993 9287
136733 13691 103769
13691 103769 136733
103769 13691 136733
107096 64053 125612
64053 107096 125612
125612 64053 107096
52155 41578 73971
41578 52155 73971
73971 41578 52155
8406 30645 113280
113280 8406 30645
30645 8406 113280
77898 80379 83919
83919 77898 80379
80379 77898 83919
129798 25184 93890
93890 25184 129798
25184 93890 129798
36599 24548 69563
24548 36599 69563
69563 24548 36599
41050 12280 111970
111970 12280 41050
12280 41050 111970
135612 49751 75874
49751 75874 135612
75874 49751 135612
103938 50321 57826
57826 50321 103938
50321 57826 103938
135021 17832 52953
52953 17832 135021
17832 52953 135021
57788 2408 111206
2408 57788 111206
111206 2408 57788
122497 66777 121500
66777 121500 122497
121500 66777 122497
30121 31598 73610
31598 30121 73610
73610 30121 31598
133024 13655 79628
79628 13655 133024
13655 79628 133024
134054 93072 143666
143666 93072 134054
93072 134054 143666
139207 34764 46823
34764 46823 139207
46823 34764 139207
57133 15292 131146
131146 15292 57133
15292 57133 131146
81012 59400 110252
110252 59400 81012
59400 81012 110252
101751 51262 134513
51262 101751 134513
134513 51262 101751
52355 30061 100703
100703 30061 52355
30061 52355 100703
115668 8710 111021
8710 111021 115668
111021 8710 115668
32652 42511 46027
42511 32652 46027
46027 32652 42511
122705 54108 93847
54108 93847 122705
93847 54108 122705
88174 57222 94669
94669 57222 88174
57222 88174 94669
70955 2110 132765
132765 2110 70955
2110 70955 132765
119961 23862 141680
23862 119961 141680
141680 23862 119961
131020 71 45832
71 45832 131020
45832 71 131020
60121 131193 142750
142750 60121 131193
131193 60121 142750
120373 86834 125318
86834 120373 125318
125318 86834 120373
90547 16220 100887
16220 90547 100887
100887 16220 90547
98888 20774 33430
20774 33430 98888
33430 20774 98888
124024 3843 41285
3843 41285 124024
41285 3843 124024
44372 316 57986
57986 316 44372
316 44372 57986
55787 40071 76481
76481 40071 55787
40071 55787 76481
18029 56248 98663
56248 18029 98663
98663 18029 56248
112592 46080 135316
135316 46080 112592
46080 112592 135316
55621 43483 109233
43483 55621 109233
109233 43483 55621
107251 117863 124718
117863 107251 124718
124718 107251 117863
65939 49660 70137
49660 65939 70137
70137 49660 65939
132071 117512 124794
117512 124794 132071
124794 117512 132071
140502 39889 65361
65361 39889 140502
39889 65361 140502
65473 5106 76557
76557 5106 65473
5106 65473 76557
62175 9915 41225
41225 9915 62175
9915 41225 62175
92416 6098 16782
6098 16782 92416
16782 6098 92416
49399 90791 130444
90791 49399 130444
130444 49399 90791
82367 95549 146648
95549 82367 146648
146648 82367 95549
89544 13372 33730
13372 33730 89544
33730 13372 89544
78376 83352 145198
83352 78376 145198
145198 78376 83352
69688 101819 115943
101819 69688 115943
115943 69688 101819
53327 3946 58007
3946 53327 58007
58007 3946 53327
24955 105826 146594
105826 24955 146594
146594 24955 105826
104859 10543 81694
81694 10543 104859
10543 81694 104859
76561 38860 54292
38860 54292 76561
54292 38860 76561
99773 1636 108712
108712 1636 99773
1636 99773 108712
145500 80838 121839
80838 121839 145500
121839 80838 145500
92075 106197 149586
149586 92075 106197
106197 92075 149586
69746 60600 81149
81149 60600 69746
60600 69746 81149
125124 68525 120181
120181 68525 125124
68525 120181 125124
73886 33739 136378
33739 73886 136378
136378 33739 73886
52420 6617 87271
87271 6617 52420
6617 52420 87271
109654 84943 142038
142038 84943 109654
84943 109654 142038
30520 14805 101348
14805 30520 101348
101348 14805 30520
26086 80158 134772
80158 26086 134772
134772 26086 80158
33554 88269 128886
88269 33554 128886
128886 33554 88269
60073 32106 43702
32106 43702 60073
43702 32106 60073
28505 73261 115718
115718 28505 73261
73261 28505 115718
123047 41921 113810
113810 41921 123047
41921 113810 123047
70679 74564 75386
75386 70679 74564
74564 70679 75386
124849 17507 149901
17507 124849 149901
149901 17507 124849
62962 94481 115219
115219 62962 94481
94481 62962 115219
17277 9091 116745
9091 17277 116745
116745 9091 17277
46128 3164 6520
3164 6520 46128
6520 3164 46128
140687 98339 111579
98339 111579 140687
111579 98339 140687
133838 21334 108970
108970 21334 133838
21334 108970 133838
78013 51145 65254
65254 51145 78013
51145 65254 78013
146367 9339 67418
67418 9339 146367
9339 67418 146367
43001 48712 78002
78002 43001 48712
48712 43001 78002
118719 51107 119104
51107 118719 119104
119104 51107 118719
122713 75630 123556
123556 75630 122713
75630 122713 123556
82929 64898 106653
64898 82929 106653
106653 64898 82929
106413 31192 69399
69399 31192 106413
31192 69399 106413
26792 90753 97364
97364 26792 90753
90753 26792 97364
143784 107659 129513
129513 107659 143784
107659 129513 143784
77220 95439 96067
95439 77220 96067
96067 77220 95439
129574 17619 148910
17619 129574 148910
148910 17619 129574
127061 36622 130673
36622 127061 130673
130673 36622 127061
132837 289 91478
289 91478 132837
91478 289 132837
129734 117718 131938
117718 129734 131938
131938 117718 129734
23089 66414 99868
66414 23089 99868
99868 23089 66414
81903 96203 118302
96203 81903 118302
118302 81903 96203
137435 3903 71278
71278 3903 137435
3903 71278 137435
77835 34843 76300
34843 76300 77835
76300 34843 77835
73046 1205 5110
1205 5110 73046
5110 1205 73046
127454 85276 97900
85276 97900 127454
97900 85276 127454
37765 47495 126168
126168 37765 47495
47495 37765 126168
114180 10567 35187
10567 35187 114180
35187 10567 114180
99538 9087 14850
14850 9087 99538
9087 14850 99538
136076 38948 137566
38948 136076 137566
137566 38948 136076
78608 63746 70236
70236 63746 78608
63746 70236 78608
56428 81602 110296
110296 56428 81602
81602 56428 110296
47926 11791 114325
11791 47926 114325
114325 11791 47926
94451 58575 100173
58575 94451 100173
100173 58575 94451
142693 18491 64346
64346 18491 142693
18491 64346 142693
129913 91803 114567
114567 91803 129913
91803 114567 129913
62637 83305 108142
83305 62637 108142
108142 62637 83305
69779 42301 51473
42301 51473 69779
51473 42301 69779
4909 26696 85064
85064 4909 26696
26696 4909 85064
137568 129478 137913
137913 129478 137568
129478 137568 137913
4591 23764 109849
109849 4591 23764
23764 4591 109849
38431 1948 75510
75510 1948 38431
1948 38431 75510
68119 34701 73942
73942 34701 68119
34701 68119 73942
51581 22988 97461
97461 22988 51581
22988 51581 97461
131434 6254 52460
6254 52460 131434
52460 6254 131434
80270 26969 115983
26969 80270 115983
115983 26969 80270
103836 61241 75324
75324 61241 103836
61241 75324 103836
13397 108933 110767
108933 13397 110767
110767 13397 108933
68428 15511 93081
93081 15511 68428
15511 68428 93081
22745 22410 39021
39021 22410 22745
22410 22745 39021
78952 38195 81399
38195 78952 81399
81399 38195 78952
9315 25694 125656
125656 9315 25694
25694 9315 125656
82940 17714 142434
17714 82940 142434
142434 17714 82940
132685 90928 118686
118686 90928 132685
90928 118686 132685
128033 16754 47708
16754 47708 128033
47708 16754 128033
116302 33959 85399
33959 85399 116302
85399 33959 116302
129341 39363 74257
74257 39363 129341
39363 74257 129341
26367 57922 140361
140361 26367 57922
57922 26367 140361
117507 124855 137885
137885 117507 124855
124855 117507 137885
66685 90301 149218
90301 66685 149218
149218 66685 90301
88491 102373 120056
102373 88491 120056
120056 88491 102373
36883 102985 125873
125873 36883 102985
102985 36883 125873
50482 78092 121510
78092 50482 121510
121510 50482 78092
85698 46330 97223
46330 85698 97223
97223 46330 85698
131441 54442 85793
85793 54442 131441
54442 85793 131441
6658 46605 72693
72693 6658 46605
46605 6658 72693
144301 79356 129271
129271 79356 144301
79356 129271 144301
51899 37721 90563
37721 51899 90563
90563 37721 51899
21409 38842 112597
112597 21409 38842
38842 21409 112597
146585 72741 92724
92724 72741 146585
72741 92724 146585
101528 83171 128807
128807 83171 101528
83171 101528 128807
128957 53906 65952
65952 53906 128957
53906 65952 128957
17378 34746 116073
116073 17378 34746
34746 17378 116073
26967 50805 52734
52734 26967 50805
50805 26967 52734
40467 106167 139867
139867 40467 106167
106167 40467 139867
132162 5360 115596
115596 5360 132162
5360 115596 132162
141445 70656 142347
70656 141445 142347
142347 70656 141445
5351 482 83131
83131 482 5351
482 5351 83131
88317 25981 81536
81536 25981 88317
25981 81536 88317
138863 25579 65825
25579 65825 138863
65825 25579 138863
128611 70 103939
103939 70 128611
70 103939 128611
122775 24320 34393
34393 24320 122775
24320 34393 122775
133457 64990 143603
64990 133457 143603
143603 64990 133457
65706 78963 138428
138428 65706 78963
78963 65706 138428
82838 91938 140957
140957 82838 91938
91938 82838 140957
142473 39146 125439
125439 39146 142473
39146 125439 142473
145349 32665 102282
102282 32665 145349
32665 102282 145349
37159 1374 105382
105382 1374 37159
1374 37159 105382
47429 59245 129997
129997 47429 59245
59245 47429 129997
10951 97319 116296
97319 10951 116296
116296 10951 97319
27962 20691 21532
21532 20691 27962
20691 21532 27962
53002 87532 132179
132179 53002 87532
87532 53002 132179
57631 2781 101371
2781 57631 101371
101371 2781 57631
79316 78688 111133
78688 79316 111133
111133 78688 79316
53209 42699 94501
42699 53209 94501
94501 42699 53209
115964 73497 125067
73497 115964 125067
125067 73497 115964
7453 51711 99830
51711 7453 99830
99830 7453 51711
89862 108649 113237
113237 89862 108649
108649 89862 113237
95019 77260 87834
77260 87834 95019
87834 77260 95019
110600 9537 16704
9537 16704 110600
16704 9537 110600
70861 76782 114542
114542 70861 76782
76782 70861 114542
117102 6880 59975
59975 6880 117102
6880 59975 117102
106864 27767 54422
54422 27767 106864
27767 54422 106864
12483 39051 78678
78678 12483 39051
39051 12483 78678
109476 33221 145903
145903 33221 109476
33221 109476 145903
31044 15537 40996
15537 31044 40996
40996 15537 31044
41882 67388 97254
97254 41882 67388
67388 41882 97254
71365 22073 28313
22073 28313 71365
28313 22073 71365
44421 36818 57971
57971 36818 44421
36818 44421 57971
140597 65618 83916
65618 83916 140597
83916 65618 140597
91766 83050 94385
83050 91766 94385
94385 83050 91766
111176 56323 119287
119287 56323 111176
56323 111176 119287
17743 51158 98379
98379 17743 51158
51158 17743 98379
19002 52014 118222
118222 19002 52014
52014 19002 118222
65154 83552 121166
83552 65154 121166
121166 65154 83552
16873 42717 141317
42717 16873 141317
141317 16873 42717
144913 40058 81437
40058 81437 144913
81437 40058 144913
143122 33578 59491
33578 59491 143122
59491 33578 143122
94485 23203 67527
23203 67527 94485
67527 23203 94485
113236 68981 84795
68981 84795 113236
84795 68981 113236
20743 25482 79636
79636 20743 25482
25482 20743 79636
61974 14656 76698
76698 14656 61974
14656 61974 76698
75491 5069 36765
5069 36765 75491
36765 5069 75491
120506 42786 104461
42786 104461 120506
104461 42786 120506
91447 14309 36150
14309 36150 91447
36150 14309 91447
9224 48197 54402
48197 9224 54402
54402 9224 48197
114332 21050 107001
107001 21050 114332
21050 107001 114332
131720 134692 147312
134692 131720 147312
147312 131720 134692
81256 70629 93464
70629 81256 93464
93464 70629 81256
72775 41742 87841
41742 72775 87841
87841 41742 72775
128189 109563 109650
109650 109563 128189
109563 109650 128189
50279 30480 30686
30686 30480 50279
30480 30686 50279
54173 45783 64264
45783 54173 64264
64264 45783 54173
66595 36580 105810
36580 66595 105810
105810 36580 66595
23620 21695 134218
21695 23620 134218
134218 21695 23620
114414 13692 103980
103980 13692 114414
13692 103980 114414
23470 17246 70541
70541 17246 23470
17246 23470 70541
66084 29944 128849
29944 66084 128849
128849 29944 66084
144266 22466 46082
22466 46082 144266
46082 22466 144266
52303 56067 79205
79205 52303 56067
56067 52303 79205
91943 122844 132702
122844 91943 132702
132702 91943 122844
103056 127037 148301
148301 103056 127037
127037 103056 148301
15700 9581 143948
9581 15700 143948
143948 9581 15700
74245 45029 122414
122414 45029 74245
45029 74245 122414
60271 89296 104674
89296 60271 104674
104674 60271 89296
51725 814 40808
814 40808 51725
40808 814 51725
138725 144528 147192
147192 138725 144528
144528 138725 147192
88675 63871 95622
63871 88675 95622
95622 63871 88675
75035 57765 58874
57765 58874 75035
58874 57765 75035
82402 36555 61698
36555 61698 82402
61698 36555 82402
120486 2074 53234
53234 2074 120486
2074 53234 120486
29008 116225 118414
118414 29008 116225
116225 29008 118414
72154 1067 21569
1067 21569 72154
21569 1067 72154
99115 13962 77050
77050 13962 99115
13962 77050 99115
3820 129498 137661
129498 3820 137661
137661 3820 129498
32033 104422 111366
111366 32033 104422
104422 32033 111366
105088 41294 85731
41294 85731 105088
85731 41294 105088
85310 85337 91460
85337 85310 91460
91460 85310 85337
113649 24512 113296
24512 113296 113649
113296 24512 113649
80352 3901 81352
81352 3901 80352
3901 80352 81352
9625 18000 61240
61240 9625 18000
18000 9625 61240
135718 23376 131716
131716 23376 135718
23376 131716 135718
10211 15911 103884
103884 10211 15911
15911 10211 103884
67234 53205 144454
144454 53205 67234
53205 67234 144454
118536 24037 77570
77570 24037 118536
24037 77570 118536
94888 42207 139562
42207 94888 139562
139562 42207 94888
131212 55869 81167
81167 55869 131212
55869 81167 131212
122931 13407 69806
69806 13407 122931
13407 69806 122931
11197 109801 116956
109801 11197 116956
116956 11197 109801
12292 4954 82323
4954 12292 82323
82323 4954 12292
144427 20877 36716
20877 36716 144427
36716 20877 144427
42937 44230 73660
44230 42937 73660
73660 42937 44230
83760 38570 67377
67377 38570 83760
38570 67377 83760
120694 18490 41140
41140 18490 120694
18490 41140 120694
80155 11022 89075
89075 11022 80155
11022 80155 89075
116236 75909 107042
75909 107042 116236
107042 75909 116236
101733 77293 92260
77293 92260 101733
92260 77293 101733
85020 49618 115600
49618 85020 115600
115600 49618 85020
146526 36193 62480
36193 62480 146526
62480 36193 146526
57134 104912 131331
131331 57134 104912
104912 57134 131331
45423 40384 126761
40384 45423 126761
126761 40384 45423
51798 2931 9787
9787 2931 51798
2931 9787 51798
16705 61799 88301
88301 16705 61799
61799 16705 88301
29594 89109 100489
89109 29594 100489
100489 29594 89109
142237 29809 47376
29809 47376 142237
47376 29809 142237
3563 93232 129535
93232 3563 129535
129535 3563 93232
129446 76589 102668
102668 76589 129446
76589 102668 129446
7306 137416 140898
137416 7306 140898
140898 7306 137416
102198 46064 48160
48160 46064 102198
46064 48160 102198
28473 25258 53545
25258 28473 53545
53545 25258 28473
100007 88839 104513
88839 100007 104513
104513 88839 100007
100914 34939 93140
34939 93140 100914
93140 34939 100914
66848 20076 105387
20076 66848 105387
105387 20076 66848
109847 8820 87976
8820 87976 109847
87976 8820 109847
133997 22742 134105
134105 22742 133997
22742 133997 134105
25650 88306 116033
116033 25650 88306
88306 25650 116033
32390 14058 41995
14058 32390 41995
41995 14058 32390
77730 64676 110277
64676 77730 110277
110277 64676 77730
131734 145937 149473
145937 131734 149473
149473 131734 145937
68611 64178 94314
94314 64178 68611
64178 68611 94314
42047 33997 119132
33997 42047 119132
119132 33997 42047
87644 108246 148008
148008 87644 108246
108246 87644 148008
20887 52434 65790
65790 20887 52434
52434 20887 65790
78386 55912 86996
55912 78386 86996
86996 55912 78386
103956 98150 149186
98150 103956 149186
149186 98150 103956
33738 16945 72640
16945 33738 72640
72640 16945 33738
101108 10680 71327
10680 71327 101108
71327 10680 101108
1551 20957 29736
20957 1551 29736
29736 1551 20957
111180 2526 12193
2526 12193 111180
12193 2526 111180
74672 127404 130721
130721 74672 127404
127404 74672 130721
49424 54632 56588
54632 49424 56588
56588 49424 54632
89681 42422 147331
147331 42422 89681
42422 89681 147331
6806 3268 113180
3268 6806 113180
113180 3268 6806
47834 117028 146888
146888 47834 117028
117028 47834 146888
2161 96825 118284
118284 2161 96825
96825 2161 118284
79181 20873 141458
141458 20873 79181
20873 79181 141458
32870 47824 125286
125286 32870 47824
47824 32870 125286
21146 11942 111304
111304 11942 21146
11942 21146 111304
10667 138686 149050
149050 10667 138686
138686 10667 149050
47865 16568 62815
62815 16568 47865
16568 47865 62815
122619 55658 85108
55658 85108 122619
85108 55658 122619
142037 110118 141356
141356 110118 142037
110118 141356 142037
42087 28156 69466
28156 42087 69466
69466 28156 42087
90958 11184 56135
56135 11184 90958
11184 56135 90958
89585 43009 71671
43009 71671 89585
71671 43009 89585
93535 20609 90634
90634 20609 93535
20609 90634 93535
143193 12312 56694
12312 56694 143193
56694 12312 143193
107925 14472 93018
93018 14472 107925
14472 93018 107925
46829 34375 108215
34375 46829 108215
108215 34375 46829
71328 23086 141597
141597 23086 71328
23086 71328 141597
148196 28299 109966
109966 28299 148196
28299 109966 148196
57553 12830 115384
12830 57553 115384
115384 12830 57553
113734 11034 107591
107591 11034 113734
11034 107591 113734
100536 51034 66259
66259 51034 100536
51034 66259 100536
34654 43073 138089
43073 34654 138089
138089 34654 43073
50106 74758 99429
99429 50106 74758
74758 50106 99429
79146 54601 102846
102846 54601 79146
54601 79146 102846
135077 68709 146846
146846 68709 135077
68709 135077 146846
96130 25097 94342
25097 94342 96130
94342 25097 96130
120964 50933 86736
86736 50933 120964
50933 86736 120964
110400 35139 117445
117445 35139 110400
35139 110400 117445
20935 14667 111538
111538 14667 20935
14667 20935 111538
78873 303 84571
84571 303 78873
303 78873 84571
75056 719 118026
118026 719 75056
719 75056 118026
21393 32799 58740
58740 21393 32799
32799 21393 58740
25874 12446 45819
45819 12446 25874
12446 25874 45819
87406 29773 104664
29773 87406 104664
104664 29773 87406
116626 22954 138983
138983 22954 116626
22954 116626 138983
100846 10074 41403
10074 41403 100846
41403 10074 100846
58457 14779 70916
70916 14779 58457
14779 58457 70916
77415 91149 121646
91149 77415 121646
121646 77415 91149
145524 82125 84527
82125 84527 145524
84527 82125 145524
9770 36418 52826
36418 9770 52826
52826 9770 36418
119320 33281 147909
33281 119320 147909
147909 33281 119320
2177 74200 127549
74200 2177 127549
127549 2177 74200
91151 67328 72937
72937 67328 91151
67328 72937 91151
113638 23867 88358
23867 88358 113638
88358 23867 113638
1467 10389 126375
10389 1467 126375
126375 1467 10389
35204 36747 125234
36747 35204 125234
125234 35204 36747
108844 1815 101669
101669 1815 108844
1815 101669 108844
84589 38512 51673
38512 51673 84589
51673 38512 84589
4232 130774 132821
130774 4232 132821
132821 4232 130774
80215 54130 87778
87778 54130 80215
54130 80215 87778
131108 92102 95332
95332 92102 131108
92102 95332 131108
39982 24481 135433
135433 24481 39982
24481 39982 135433
82787 54060 57361
57361 54060 82787
54060 57361 82787
88971 14227 74609
74609 14227 88971
14227 74609 88971
50502 23112 80470
80470 23112 50502
23112 50502 80470
78184 69984 106705
106705 69984 78184
69984 78184 106705
146497 12096 49995
12096 49995 146497
49995 12096 146497
84476 31395 52268
31395 52268 84476
52268 31395 84476
118052 59579 147123
59579 118052 147123
147123 59579 118052
106735 1525 116885
1525 106735 116885
116885 1525 106735
80004 109998 121581
109998 80004 121581
121581 80004 109998
25917 7916 80339
7916 25917 80339
80339 7916 25917
50860 60638 148717
60638 50860 148717
148717 50860 60638
116881 14029 133092
14029 116881 133092
133092 14029 116881
35213 75227 136594
136594 35213 75227
75227 35213 136594
8212 84203 87642
84203 8212 87642
87642 8212 84203
140309 66824 72346
66824 72346 140309
72346 66824 140309
5650 97880 115990
97880 5650 115990
115990 5650 97880
149153 5595 10811
10811 5595 149153
5595 10811 149153
52222 7037 84497
7037 52222 84497
84497 7037 52222
69249 13537 86198
13537 69249 86198
86198 13537 69249
18941 64716 98056
98056 18941 64716
64716 18941 98056
127650 187 115993
187 115993 127650
115993 187 127650
40288 111511 114862
111511 40288 114862
114862 40288 111511
18800 56788 120803
56788 18800 120803
120803 18800 56788
136256 34543 94533
34543 94533 136256
94533 34543 136256
17950 52773 127135
