31299 19028 68819
19028 31299 68819
68819 19028 31299
16318 31267 123149
123149 16318 31267
31267 16318 123149
49195 31327 110921
31327 49195 110921
110921 31327 49195
139502 55263 67393
67393 55263 139502
55263 67393 139502
23163 9227 40574
40574 9227 23163
9227 23163 40574
109251 21278 129583
21278 109251 129583
129583 21278 109251
58574 7716 128371
7716 58574 128371
128371 7716 58574
55846 84297 93019
84297 55846 93019
93019 55846 84297
17748 33966 82160
82160 17748 33966
33966 17748 82160
79115 26396 84594
26396 79115 84594
84594 26396 79115
49414 48779 54401
48779 49414 54401
54401 48779 49414
110022 53828 92973
92973 53828 110022
53828 92973 110022
130743 3170 107717
3170 107717 130743
107717 3170 130743
61950 2357 8303
8303 2357 61950
2357 8303 61950
40017 28316 104727
104727 28316 40017
28316 40017 104727
100036 17964 143309
143309 17964 100036
17964 100036 143309
103919 81424 117153
117153 81424 103919
81424 103919 117153
74147 109670 137661
109670 74147 137661
137661 74147 109670
20861 36967 145582
36967 20861 145582
145582 20861 36967
38742 22665 60228
22665 38742 60228
60228 22665 38742
75235 1435 138887
138887 1435 75235
1435 75235 138887
35694 51314 79503
79503 35694 51314
51314 35694 79503
129052 18681 40658
40658 18681 129052
18681 40658 129052
12869 56013 98391
98391 12869 56013
56013 12869 98391
59857 62941 131821
131821 59857 62941
62941 59857 131821
21383 80419 85075
85075 21383 80419
80419 21383 85075
118670 64180 123106
64180 118670 123106
123106 64180 118670
103902 12679 64387
12679 64387 103902
64387 12679 103902
67809 64199 72348
72348 64199 67809
64199 67809 72348
128522 7672 68452
68452 7672 128522
7672 68452 128522
58607 20665 28504
28504 20665 58607
20665 28504 58607
106410 77192 144596
77192 106410 144596
144596 77192 106410
31468 20669 146592
146592 20669 31468
20669 31468 146592
64492 19058 120019
120019 19058 64492
19058 64492 120019
96083 578 44304
44304 578 96083
578 44304 96083
80398 1991 109501
1991 80398 109501
109501 1991 80398
113152 84833 105525
105525 84833 113152
84833 105525 113152
129673 3309 93403
93403 3309 129673
3309 93403 129673
117485 94147 119271
94147 117485 119271
119271 94147 117485
69069 30839 76975
76975 30839 69069
30839 69069 76975
107129 57395 126944
126944 57395 107129
57395 107129 126944
14590 85431 137547
85431 14590 137547
137547 14590 85431
68551 95030 101124
101124 68551 95030
95030 68551 101124
133217 7654 149100
149100 7654 133217
7654 133217 149100
29992 102364 145577
145577 29992 102364
102364 29992 145577
124270 107286 145126
107286 124270 145126
145126 107286 124270
57619 52863 145060
52863 57619 145060
145060 52863 57619
39011 53513 124823
53513 39011 124823
124823 39011 53513
92743 67131 93061
67131 92743 93061
93061 67131 92743
35770 91649 102476
102476 35770 91649
91649 35770 102476
2839 10547 125155
10547 2839 125155
125155 2839 10547
55647 111109 143759
111109 55647 143759
143759 55647 111109
109122 69560 105311
105311 69560 109122
69560 105311 109122
108238 146790 147804
147804 108238 146790
146790 108238 147804
14319 2920 146945
146945 2920 14319
2920 14319 146945
66306 43465 121141
121141 43465 66306
43465 66306 121141
137802 54665 133766
54665 133766 137802
133766 54665 137802
56417 58215 108585
108585 56417 58215
58215 56417 108585
68824 115301 142398
142398 68824 115301
115301 68824 142398
129991 39699 98966
39699 98966 129991
98966 39699 129991
49860 22294 127010
127010 22294 49860
22294 49860 127010
48488 37189 81482
37189 48488 81482
81482 37189 48488
75563 18264 130960
18264 75563 130960
130960 18264 75563
70126 26696 122366
26696 70126 122366
122366 26696 70126
51603 149098 149237
149098 51603 149237
149237 51603 149098
73770 94818 132719
132719 73770 94818
94818 73770 132719
65235 18484 59033
59033 18484 65235
18484 59033 65235
140675 27294 99294
99294 27294 140675
27294 99294 140675
55825 789 27811
27811 789 55825
789 27811 55825
22254 89921 123111
123111 22254 89921
89921 22254 123111
25075 8819 134829
134829 8819 25075
8819 25075 134829
99066 938 46692
46692 938 99066
938 46692 99066
45666 102912 149016
102912 45666 149016
149016 45666 102912
22199 67726 143173
67726 22199 143173
143173 22199 67726
149320 66201 100685
66201 100685 149320
100685 66201 149320
145014 110574 120173
110574 120173 145014
120173 110574 145014
37041 134079 143010
134079 37041 143010
143010 37041 134079
13240 41760 131365
131365 13240 41760
41760 13240 131365
5576 1561 48756
1561 5576 48756
48756 1561 5576
96255 108476 132039
108476 96255 132039
132039 96255 108476
129175 41783 110414
41783 110414 129175
110414 41783 129175
32874 43476 136320
43476 32874 136320
136320 32874 43476
10611 9049 135363
9049 10611 135363
135363 9049 10611
70524 13376 47316
47316 13376 70524
13376 47316 70524
33813 90906 117089
117089 33813 90906
90906 33813 117089
84386 69512 87455
87455 69512 84386
69512 84386 87455
65206 23501 86500
23501 65206 86500
86500 23501 65206
120295 57223 123600
123600 57223 120295
57223 120295 123600
87477 29813 92569
92569 29813 87477
29813 87477 92569
30097 88204 116663
88204 30097 116663
116663 30097 88204
146317 23531 149795
23531 146317 149795
149795 23531 146317
141654 31477 93245
93245 31477 141654
31477 93245 141654
27923 9891 108302
108302 9891 27923
9891 27923 108302
97236 20073 67786
67786 20073 97236
20073 67786 97236
116036 106700 142910
142910 106700 116036
106700 116036 142910
49447 41814 44062
44062 41814 49447
41814 44062 49447
4504 8078 76715
8078 4504 76715
76715 4504 8078
132123 102193 124873
102193 124873 132123
124873 102193 132123
20228 52231 141280
52231 20228 141280
141280 20228 52231
106714 92104 99862
92104 99862 106714
99862 92104 106714
96243 69429 87799
87799 69429 96243
69429 87799 96243
28615 60958 82953
60958 28615 82953
82953 28615 60958
114817 65904 100672
65904 100672 114817
100672 65904 114817
141530 95303 116162
95303 116162 141530
116162 95303 141530
76546 73057 129279
73057 76546 129279
129279 73057 76546
3927 49345 113499
113499 3927 49345
49345 3927 113499
64650 1621 90301
90301 1621 64650
1621 64650 90301
70729 58661 60575
60575 58661 70729
58661 60575 70729
2673 30553 104003
30553 2673 104003
104003 2673 30553
10035 20720 104457
20720 10035 104457
104457 10035 20720
117449 115486 121185
115486 117449 121185
121185 115486 117449
25200 16586 42087
42087 16586 25200
16586 25200 42087
66862 3327 67486
3327 66862 67486
67486 3327 66862
78220 31013 71174
71174 31013 78220
31013 71174 78220
30091 46909 100493
46909 30091 100493
100493 30091 46909
53929 10625 80942
10625 53929 80942
80942 10625 53929
107898 86469 102608
86469 102608 107898
102608 86469 107898
29839 58217 66509
66509 29839 58217
58217 29839 66509
68384 46678 146226
146226 46678 68384
46678 68384 146226
139315 12128 52401
12128 52401 139315
52401 12128 139315
88663 61848 137869
61848 88663 137869
137869 61848 88663
31602 7990 149313
149313 7990 31602
7990 31602 149313
97410 57071 131814
131814 57071 97410
57071 97410 131814
63288 32097 104940
32097 63288 104940
104940 32097 63288
115913 76335 102368
76335 102368 115913
102368 76335 115913
69692 24202 87023
87023 24202 69692
24202 69692 87023
91210 6676 75774
75774 6676 91210
6676 75774 91210
86612 11391 102570
11391 86612 102570
102570 11391 86612
136020 95758 142688
95758 136020 142688
142688 95758 136020
104463 33885 110180
110180 33885 104463
33885 104463 110180
45231 54816 65144
54816 45231 65144
65144 45231 54816
141344 5107 117652
5107 117652 141344
117652 5107 141344
131255 105811 121701
121701 105811 131255
105811 121701 131255
8412 118142 149575
118142 8412 149575
149575 8412 118142
57711 27755 59126
59126 27755 57711
27755 57711 59126
76369 43741 80990
80990 43741 76369
43741 76369 80990
43534 5617 81945
81945 5617 43534
5617 43534 81945
65764 12865 103980
12865 65764 103980
103980 12865 65764
30550 58502 103057
103057 30550 58502
58502 30550 103057
70277 13630 70746
70746 13630 70277
13630 70277 70746
63046 33888 49070
49070 33888 63046
33888 49070 63046
13107 97138 123752
97138 13107 123752
123752 13107 97138
12786 58535 141097
141097 12786 58535
58535 12786 141097
42528 62470 145837
62470 42528 145837
145837 42528 62470
28646 56173 58436
58436 28646 56173
56173 28646 58436
9994 79747 111293
111293 9994 79747
79747 9994 111293
88088 15238 87055
87055 15238 88088
15238 87055 88088
119792 72553 137066
137066 72553 119792
72553 119792 137066
107606 43582 92369
92369 43582 107606
43582 92369 107606
148693 68839 81800
81800 68839 148693
68839 81800 148693
40883 60449 61504
60449 40883 61504
61504 40883 60449
120661 76569 84343
84343 76569 120661
76569 84343 120661
145233 113833 120449
113833 120449 145233
120449 113833 145233
126306 73793 100978
73793 100978 126306
100978 73793 126306
145136 55518 91920
91920 55518 145136
55518 91920 145136
98498 49901 130013
49901 98498 130013
130013 49901 98498
124021 97577 121059
121059 97577 124021
97577 121059 124021
76135 24906 91644
24906 76135 91644
91644 24906 76135
142349 54394 79205
79205 54394 142349
54394 79205 142349
55801 113610 140641
113610 55801 140641
140641 55801 113610
76636 103334 104836
104836 76636 103334
103334 76636 104836
65628 24109 78804
78804 24109 65628
24109 65628 78804
42890 114736 115535
114736 42890 115535
115535 42890 114736
126407 2422 41724
41724 2422 126407
2422 41724 126407
29974 100297 101910
100297 29974 101910
101910 29974 100297
38270 555 117660
117660 555 38270
555 38270 117660
65083 23985 33810
23985 33810 65083
33810 23985 65083
19247 111958 138714
138714 19247 111958
111958 19247 138714
68571 52138 108537
108537 52138 68571
52138 68571 108537
84726 67126 125324
125324 67126 84726
67126 84726 125324
45991 18458 111132
111132 18458 45991
18458 45991 111132
81836 7608 135600
135600 7608 81836
7608 81836 135600
77506 65614 80754
65614 77506 80754
80754 65614 77506
120038 17765 50160
17765 50160 120038
50160 17765 120038
88191 8283 33968
33968 8283 88191
8283 33968 88191
53852 63879 98098
98098 53852 63879
63879 53852 98098
131591 12245 18712
12245 18712 131591
18712 12245 131591
954 4982 76299
4982 954 76299
76299 954 4982
49957 104656 115141
104656 49957 115141
115141 49957 104656
52953 111588 140187
140187 52953 111588
111588 52953 140187
128921 42371 147893
42371 128921 147893
147893 42371 128921
116597 19348 146269
19348 116597 146269
146269 19348 116597
21816 41078 73562
41078 21816 73562
73562 21816 41078
96338 29525 95298
95298 29525 96338
29525 95298 96338
55017 40221 66293
66293 40221 55017
40221 55017 66293
125245 80917 129473
129473 80917 125245
80917 125245 129473
120463 100901 114716
100901 114716 120463
114716 100901 120463
44323 54617 112241
54617 44323 112241
112241 44323 54617
103394 13273 120292
13273 103394 120292
120292 13273 103394
50268 127237 132666
127237 50268 132666
132666 50268 127237
123200 20901 74441
20901 74441 123200
74441 20901 123200
2105 14216 132670
14216 2105 132670
132670 2105 14216
25447 23512 138143
138143 23512 25447
23512 25447 138143
103977 38064 59094
59094 38064 103977
38064 59094 103977
19239 56098 82675
82675 19239 56098
56098 19239 82675
1764 42788 146306
42788 1764 146306
146306 1764 42788
23205 12821 36689
12821 23205 36689
36689 12821 23205
50193 93701 107397
107397 50193 93701
93701 50193 107397
78393 3842 132760
132760 3842 78393
3842 78393 132760
147588 75425 109802
109802 75425 147588
75425 109802 147588
126969 117035 125368
117035 125368 126969
125368 117035 126969
43434 82502 113541
82502 43434 113541
113541 43434 82502
28025 53706 61078
53706 28025 61078
61078 28025 53706
7862 73906 81178
81178 7862 73906
73906 7862 81178
92897 11278 124808
11278 92897 124808
124808 11278 92897
9820 60037 109892
109892 9820 60037
60037 9820 109892
42244 56449 110795
110795 42244 56449
56449 42244 110795
149060 105795 142515
142515 105795 149060
105795 142515 149060
85760 65129 123455
123455 65129 85760
65129 85760 123455
122719 57791 98765
98765 57791 122719
57791 98765 122719
9623 31042 59235
31042 9623 59235
59235 9623 31042
130125 53345 68790
53345 68790 130125
68790 53345 130125
70442 27482 45061
27482 45061 70442
45061 27482 70442
116435 59776 112098
59776 112098 116435
112098 59776 116435
81527 80693 148823
80693 81527 148823
148823 80693 81527
110696 134886 144351
144351 110696 134886
134886 110696 144351
66337 13065 45179
13065 45179 66337
45179 13065 66337
134538 18606 33246
18606 33246 134538
33246 18606 134538
86845 72993 110738
72993 86845 110738
110738 72993 86845
112458 84976 147724
147724 84976 112458
84976 112458 147724
21944 114128 132301
132301 21944 114128
114128 21944 132301
120377 69091 107589
107589 69091 120377
69091 107589 120377
54357 55693 60500
60500 54357 55693
55693 54357 60500
4403 68255 145801
68255 4403 145801
145801 4403 68255
43037 12469 63438
12469 43037 63438
63438 12469 43037
3809 26168 93936
93936 3809 26168
26168 3809 93936
131248 14939 101230
14939 101230 131248
101230 14939 131248
8996 54834 101661
101661 8996 54834
54834 8996 101661
85646 10659 90727
10659 85646 90727
90727 10659 85646
98360 38222 124701
124701 38222 98360
38222 98360 124701
62386 2925 65760
65760 2925 62386
2925 62386 65760
31722 4728 105753
4728 31722 105753
105753 4728 31722
32610 17550 112090
112090 17550 32610
17550 32610 112090
10463 70033 132389
132389 10463 70033
70033 10463 132389
79567 25996 120014
25996 79567 120014
120014 25996 79567
109988 28679 135636
135636 28679 109988
28679 109988 135636
9932 77482 82796
82796 9932 77482
77482 9932 82796
97992 44020 50956
50956 44020 97992
44020 50956 97992
30114 27799 97828
97828 27799 30114
27799 30114 97828
11724 58890 68346
68346 11724 58890
58890 11724 68346
136984 30650 49710
49710 30650 136984
30650 49710 136984
4321 49094 49190
49094 4321 49190
49190 4321 49094
125607 62445 89524
89524 62445 125607
62445 89524 125607
52020 16927 31948
31948 16927 52020
16927 31948 52020
100906 89816 118564
89816 100906 118564
118564 89816 100906
38372 29720 59317
29720 38372 59317
59317 29720 38372
142636 100791 115796
100791 115796 142636
115796 100791 142636
137695 18526 141937
18526 137695 141937
141937 18526 137695
14586 33706 119699
119699 14586 33706
33706 14586 119699
90835 85894 144168
85894 90835 144168
144168 85894 90835
36354 33224 90866
33224 36354 90866
90866 33224 36354
71240 37587 52676
52676 37587 71240
37587 52676 71240
66586 41862 132525
41862 66586 132525
132525 41862 66586
142120 64835 106742
106742 64835 142120
64835 106742 142120
14333 63226 125349
125349 14333 63226
63226 14333 125349
20662 93317 106004
106004 20662 93317
93317 20662 106004
123183 54202 63156
63156 54202 123183
54202 63156 123183
117754 25430 97778
97778 25430 117754
25430 97778 117754
136507 86165 87739
86165 87739 136507
87739 86165 136507
91201 19672 53636
53636 19672 91201
19672 53636 91201
64027 63716 125652
63716 64027 125652
125652 63716 64027
96573 96708 103712
103712 96573 96708
96708 96573 103712
130648 119761 142560
119761 130648 142560
142560 119761 130648
42164 96571 126682
126682 42164 96571
96571 42164 126682
9924 93114 124367
93114 9924 124367
124367 9924 93114
17144 16376 26797
16376 17144 26797
26797 16376 17144
101589 11210 108681
11210 101589 108681
108681 11210 101589
32905 59399 68972
68972 32905 59399
59399 32905 68972
58058 31559 113343
113343 31559 58058
31559 58058 113343
130554 38031 95262
38031 95262 130554
95262 38031 130554
70389 48965 96405
96405 48965 70389
48965 70389 96405
7371 7051 53359
53359 7051 7371
7051 7371 53359
77372 27946 104145
27946 77372 104145
104145 27946 77372
132769 64049 82587
64049 82587 132769
82587 64049 132769
147193 14259 102052
102052 14259 147193
14259 102052 147193
72848 11400 143083
143083 11400 72848
11400 72848 143083
104075 86410 104214
104214 86410 104075
86410 104075 104214
15676 119639 128840
119639 15676 128840
128840 15676 119639
54324 25887 64737
25887 54324 64737
64737 25887 54324
118803 24066 62400
62400 24066 118803
24066 62400 118803
65856 126889 137654
126889 65856 137654
137654 65856 126889
38938 62502 88158
62502 38938 88158
88158 38938 62502
54275 80351 116667
80351 54275 116667
116667 54275 80351
1595 47038 73452
73452 1595 47038
47038 1595 73452
103167 16274 72613
72613 16274 103167
16274 72613 103167
82350 36746 107117
107117 36746 82350
36746 82350 107117
99021 31868 101061
101061 31868 99021
31868 99021 101061
118637 78458 135351
135351 78458 118637
78458 118637 135351
115550 57838 100353
100353 57838 115550
57838 100353 115550
88207 41501 120411
41501 88207 120411
120411 41501 88207
54869 18485 121999
121999 18485 54869
18485 54869 121999
93655 41324 149684
149684 41324 93655
41324 93655 149684
136401 30162 144241
30162 136401 144241
144241 30162 136401
68325 27903 50434
27903 50434 68325
50434 27903 68325
57366 54666 118193
118193 54666 57366
54666 57366 118193
24952 40490 137879
40490 24952 137879
137879 24952 40490
90272 103256 133773
133773 90272 103256
103256 90272 133773
4869 96475 140420
140420 4869 96475
96475 4869 140420
10852 1841 42846
42846 1841 10852
1841 10852 42846
10231 49196 70561
49196 10231 70561
70561 10231 49196
123557 72784 139532
139532 72784 123557
72784 123557 139532
94612 65321 146292
65321 94612 146292
146292 65321 94612
25556 48183 110709
110709 25556 48183
48183 25556 110709
84027 27750 146800
27750 84027 146800
146800 27750 84027
92721 27380 88806
88806 27380 92721
27380 88806 92721
69345 24032 103363
103363 24032 69345
24032 69345 103363
136032 39523 89953
39523 89953 136032
89953 39523 136032
144811 55203 115612
55203 115612 144811
115612 55203 144811
145845 89720 149462
149462 89720 145845
89720 145845 149462
209 37262 65612
65612 209 37262
37262 209 65612
98958 24078 75058
75058 24078 98958
24078 75058 98958
44885 7555 95352
95352 7555 44885
7555 44885 95352
114840 19231 93279
93279 19231 114840
19231 93279 114840
53191 81276 98669
81276 53191 98669
98669 53191 81276
121689 87991 143263
87991 121689 143263
143263 87991 121689
7369 10390 143255
143255 7369 10390
10390 7369 143255
144131 108589 147909
147909 108589 144131
108589 144131 147909
148566 27833 76209
27833 76209 148566
76209 27833 148566
104555 39010 141355
39010 104555 141355
141355 39010 104555
17354 859 99635
859 17354 99635
99635 859 17354
96477 63242 92982
63242 92982 96477
92982 63242 96477
61139 50238 121831
121831 50238 61139
50238 61139 121831
30251 36279 90351
36279 30251 90351
90351 30251 36279
101441 4569 31195
4569 31195 101441
31195 4569 101441
23974 6400 15425
6400 15425 23974
15425 6400 23974
829 59263 110485
59263 829 110485
110485 829 59263
129189 28440 137292
137292 28440 129189
28440 129189 137292
142742 25384 133795
25384 133795 142742
133795 25384 142742
55765 78312 133679
78312 55765 133679
133679 55765 78312
41513 31452 122678
31452 41513 122678
122678 31452 41513
77469 113356 127229
127229 77469 113356
113356 77469 127229
76638 3876 101667
101667 3876 76638
3876 76638 101667
55177 42597 139780
139780 42597 55177
42597 55177 139780
68493 35547 81928
81928 35547 68493
35547 68493 81928
135449 53379 87822
87822 53379 135449
53379 87822 135449
133936 100426 130594
130594 100426 133936
100426 130594 133936
54312 4705 34055
4705 34055 54312
34055 4705 54312
5039 60725 105825
60725 5039 105825
105825 5039 60725
33182 20984 60076
60076 20984 33182
20984 33182 60076
87236 30806 89672
89672 30806 87236
30806 87236 89672
139570 40870 102743
40870 102743 139570
102743 40870 139570
124531 24399 39794
24399 39794 124531
39794 24399 124531
8038 27936 86622
27936 8038 86622
86622 8038 27936
79322 14517 75384
75384 14517 79322
14517 75384 79322
12484 77258 149999
149999 12484 77258
77258 12484 149999
12222 41023 63344
41023 12222 63344
63344 12222 41023
13580 20418 134532
134532 13580 20418
20418 13580 134532
67753 37600 115248
115248 37600 67753
37600 67753 115248
73016 94385 130318
130318 73016 94385
94385 73016 130318
75254 126416 137702
126416 75254 137702
137702 75254 126416
113901 20065 116488
20065 113901 116488
116488 20065 113901
86254 118188 126071
118188 86254 126071
126071 86254 118188
135994 93361 127253
93361 127253 135994
127253 93361 135994
102030 64205 146377
146377 64205 102030
64205 102030 146377
115015 118777 143234
118777 115015 143234
143234 115015 118777
32931 45144 145296
145296 32931 45144
45144 32931 145296
13918 100361 143358
143358 13918 100361
100361 13918 143358
91905 7823 44538
7823 44538 91905
44538 7823 91905
69818 6517 112931
6517 69818 112931
112931 6517 69818
99300 42692 92651
92651 42692 99300
42692 92651 99300
45799 36836 116308
36836 45799 116308
116308 36836 45799
106632 26091 132224
26091 106632 132224
132224 26091 106632
131205 95858 98734
95858 98734 131205
98734 95858 131205
1894 13387 30800
30800 1894 13387
13387 1894 30800
33491 27583 109475
27583 33491 109475
109475 27583 33491
125637 98719 112250
98719 112250 125637
112250 98719 125637
102362 81621 93661
81621 93661 102362
93661 81621 102362
24445 134517 138013
138013 24445 134517
134517 24445 138013
53655 135792 149169
135792 53655 149169
149169 53655 135792
146277 49504 106252
49504 106252 146277
106252 49504 146277
141176 1367 54504
54504 1367 141176
1367 54504 141176
66189 91889 117945
91889 66189 117945
117945 66189 91889
149661 82868 141443
141443 82868 149661
82868 141443 149661
92666 45428 114291
114291 45428 92666
45428 92666 114291
17608 54722 60138
54722 17608 60138
60138 17608 54722
132130 61922 69714
69714 61922 132130
61922 69714 132130
124510 136900 141685
141685 124510 136900
136900 124510 141685
110620 100308 125806
125806 100308 110620
100308 110620 125806
58239 9859 116217
116217 9859 58239
9859 58239 116217
87624 4423 64383
64383 4423 87624
4423 64383 87624
86718 58621 88445
88445 58621 86718
58621 86718 88445
31380 54708 144715
54708 31380 144715
144715 31380 54708
135593 30222 45501
45501 30222 135593
30222 45501 135593
100059 110850 141430
110850 100059 141430
141430 100059 110850
71725 124467 131447
131447 71725 124467
124467 71725 131447
106859 10721 88794
88794 10721 106859
10721 88794 106859
123181 30191 104894
30191 104894 123181
104894 30191 123181
93288 25524 131538
25524 93288 131538
131538 25524 93288
100257 87197 94521
94521 87197 100257
87197 94521 100257
26536 32904 116224
32904 26536 116224
116224 26536 32904
100849 30660 73218
73218 30660 100849
30660 73218 100849
400 28138 71355
28138 400 71355
71355 400 28138
38014 135866 140131
135866 38014 140131
140131 38014 135866
58294 68611 135970
135970 58294 68611
68611 58294 135970
41838 9289 83253
9289 41838 83253
83253 9289 41838
147646 100946 136686
100946 136686 147646
136686 100946 147646
117300 5615 95644
95644 5615 117300
5615 95644 117300
82578 98595 130246
98595 82578 130246
130246 82578 98595
90912 62520 89431
62520 89431 90912
89431 62520 90912
136205 21779 122368
122368 21779 136205
21779 122368 136205
32345 72515 144272
144272 32345 72515
72515 32345 144272
12139 84217 96212
84217 12139 96212
96212 12139 84217
77909 126753 131841
131841 77909 126753
126753 77909 131841
42803 29473 143776
29473 42803 143776
143776 29473 42803
85621 76654 113630
113630 76654 85621
76654 85621 113630
103832 141743 142935
141743 103832 142935
142935 103832 141743
19630 17543 100579
100579 17543 19630
17543 19630 100579
52492 42911 46750
42911 46750 52492
46750 42911 52492
30518 45249 49427
45249 30518 49427
49427 30518 45249
54984 93049 135258
135258 54984 93049
93049 54984 135258
149147 5741 48122
48122 5741 149147
5741 48122 149147
51248 2672 134673
2672 51248 134673
134673 2672 51248
11304 10271 103912
103912 10271 11304
10271 11304 103912
32386 129043 138188
129043 32386 138188
138188 32386 129043
51159 43381 77725
43381 51159 77725
77725 43381 51159
110961 101099 135505
101099 110961 135505
135505 101099 110961
88694 15194 41642
15194 41642 88694
41642 15194 88694
131734 67965 101309
101309 67965 131734
67965 101309 131734
107001 49968 71998
71998 49968 107001
49968 71998 107001
27492 13119 115046
13119 27492 115046
115046 13119 27492
111833 37114 107424
37114 107424 111833
107424 37114 111833
127027 92055 125409
125409 92055 127027
92055 125409 127027
144824 56094 89142
89142 56094 144824
56094 89142 144824
62245 91364 115974
91364 62245 115974
115974 62245 91364
80412 52657 109162
109162 52657 80412
52657 80412 109162
37709 131752 138585
138585 37709 131752
131752 37709 138585
101164 114870 128159
114870 101164 128159
128159 101164 114870
145784 17153 131604
17153 131604 145784
131604 17153 145784
141561 15821 34090
15821 34090 141561
34090 15821 141561
112296 9767 54341
54341 9767 112296
9767 54341 112296
70778 33817 135215
135215 33817 70778
33817 70778 135215
101590 69805 86738
86738 69805 101590
69805 86738 101590
10789 100157 140417
140417 10789 100157
100157 10789 140417
90890 6105 9985
9985 6105 90890
6105 9985 90890
21296 14728 57643
14728 21296 57643
57643 14728 21296
22278 57082 60436
57082 22278 60436
60436 22278 57082
70158 25189 52753
25189 52753 70158
52753 25189 70158
33468 9511 133096
9511 33468 133096
133096 9511 33468
146976 79710 99874
79710 99874 146976
99874 79710 146976
30093 117590 126656
117590 30093 126656
126656 30093 117590
96415 61246 76223
61246 76223 96415
76223 61246 96415
31508 91746 136763
136763 31508 91746
91746 31508 136763
5583 86865 93358
93358 5583 86865
86865 5583 93358
30520 108935 148074
148074 30520 108935
108935 30520 148074
99139 62233 73780
62233 73780 99139
73780 62233 99139
39710 66068 120024
120024 39710 66068
66068 39710 120024
26911 28815 76104
28815 26911 76104
76104 26911 28815
2802 65546 108757
108757 2802 65546
65546 2802 108757
102354 42349 113563
113563 42349 102354
42349 102354 113563
128538 46928 135161
46928 128538 135161
135161 46928 128538
14630 28396 38096
28396 14630 38096
38096 14630 28396
9513 1244 123421
123421 1244 9513
1244 9513 123421
126325 57229 108402
108402 57229 126325
57229 108402 126325
147140 17080 59236
17080 59236 147140
59236 17080 147140
94205 2007 44256
2007 44256 94205
44256 2007 94205
85314 60874 119152
60874 85314 119152
119152 60874 85314
6313 22265 123594
123594 6313 22265
22265 6313 123594
21651 101828 127299
101828 21651 127299
127299 21651 101828
98753 36767 63074
36767 63074 98753
63074 36767 98753
132280 22023 32135
32135 22023 132280
22023 32135 132280
63317 21686 67334
67334 21686 63317
21686 63317 67334
99612 74060 117435
74060 99612 117435
117435 74060 99612
9717 51836 107448
51836 9717 107448
107448 9717 51836
146312 17632 132349
132349 17632 146312
17632 132349 146312
43664 61900 63917
61900 43664 63917
63917 43664 61900
114279 124314 149274
124314 114279 149274
149274 114279 124314
53087 19995 78039
19995 53087 78039
78039 19995 53087
52480 14465 132543
132543 14465 52480
14465 52480 132543
143409 77 7455
7455 77 143409
77 7455 143409
44645 118532 137373
118532 44645 137373
137373 44645 118532
42785 10519 46588
10519 42785 46588
46588 10519 42785
139656 29463 101204
101204 29463 139656
29463 101204 139656
32741 5891 149719
5891 32741 149719
149719 5891 32741
68165 42711 144906
144906 42711 68165
42711 68165 144906
41390 31516 140105
31516 41390 140105
140105 31516 41390
123357 44072 145570
145570 44072 123357
44072 123357 145570
12313 61157 119420
61157 12313 119420
119420 12313 61157
69175 27569 121356
27569 69175 121356
121356 27569 69175
13285 16467 74166
74166 13285 16467
16467 13285 74166
145632 10242 34620
34620 10242 145632
10242 34620 145632
60123 12095 26114
26114 12095 60123
12095 26114 60123
44509 13644 112832
13644 44509 112832
112832 13644 44509
138533 105421 121866
121866 105421 138533
105421 121866 138533
20147 22736 108977
108977 20147 22736
22736 20147 108977
56095 144592 145841
144592 56095 145841
145841 56095 144592
63777 101704 141201
101704 63777 141201
141201 63777 101704
53282 11437 103526
103526 11437 53282
11437 53282 103526
77539 21550 83302
21550 77539 83302
83302 21550 77539
116248 10315 131493
131493 10315 116248
10315 116248 131493
139672 67010 95638
67010 95638 139672
95638 67010 139672
138992 52159 75809
52159 75809 138992
75809 52159 138992
63047 15805 61509
61509 15805 63047
15805 61509 63047
55101 117974 127274
127274 55101 117974
117974 55101 127274
49020 11990 75072
75072 11990 49020
11990 49020 75072
150000 39037 77236
39037 77236 150000
77236 39037 150000
106210 18718 90729
90729 18718 106210
18718 90729 106210
126791 53018 147232
53018 126791 147232
147232 53018 126791
128563 8402 149366
8402 128563 149366
149366 8402 128563
139098 60796 82145
60796 82145 139098
82145 60796 139098
29702 201 134766
201 29702 134766
134766 201 29702
113861 57651 89168
89168 57651 113861
57651 89168 113861
9019 29057 121942
29057 9019 121942
121942 9019 29057
62765 90030 144756
144756 62765 90030
90030 62765 144756
88714 15692 103555
103555 15692 88714
15692 88714 103555
122684 54751 66331
54751 66331 122684
66331 54751 122684
73623 87388 88428
87388 73623 88428
88428 73623 87388
24564 11771 133548
133548 11771 24564
11771 24564 133548
37337 99755 141111
141111 37337 99755
99755 37337 141111
132206 128735 140885
140885 128735 132206
128735 132206 140885
90418 55953 68293
68293 55953 90418
55953 68293 90418
20119 28841 45851
28841 20119 45851
45851 20119 28841
49926 9441 136369
136369 9441 49926
9441 49926 136369
53151 67254 108752
108752 53151 67254
67254 53151 108752
105949 42118 98721
42118 98721 105949
98721 42118 105949
33563 43272 93270
43272 33563 93270
93270 33563 43272
36146 9944 31472
31472 9944 36146
9944 31472 36146
76765 89834 140787
140787 76765 89834
89834 76765 140787
125212 972 25311
25311 972 125212
972 25311 125212
11536 25238 36683
36683 11536 25238
25238 11536 36683
56423 99447 104434
99447 56423 104434
104434 56423 99447
56024 79562 106394
79562 56024 106394
106394 56024 79562
25750 127213 144987
127213 25750 144987
144987 25750 127213
15084 7081 80808
7081 15084 80808
80808 7081 15084
30116 25047 135763
135763 25047 30116
25047 30116 135763
78928 44528 115089
44528 78928 115089
115089 44528 78928
82346 15473 95804
15473 82346 95804
95804 15473 82346
25602 9548 81627
9548 25602 81627
81627 9548 25602
28126 33605 62590
33605 28126 62590
62590 28126 33605
105744 53666 69214
53666 69214 105744
69214 53666 105744
12793 62651 146899
62651 12793 146899
146899 12793 62651
133716 86379 101171
86379 101171 133716
101171 86379 133716
140278 71873 81853
71873 81853 140278
81853 71873 140278
148447 20267 139128
139128 20267 148447
20267 139128 148447
4172 20593 149019
20593 4172 149019
149019 4172 20593
37276 101742 103010
103010 37276 101742
101742 37276 103010
52185 93048 99348
93048 52185 99348
99348 52185 93048
36585 14806 106178
106178 14806 36585
14806 36585 106178
143171 120568 133228
133228 120568 143171
120568 133228 143171
90012 28527 65412
28527 65412 90012
65412 28527 90012
18885 3688 127162
127162 3688 18885
3688 18885 127162
138650 36721 47177
47177 36721 138650
36721 47177 138650
29899 37424 94832
37424 29899 94832
94832 29899 37424
24490 56216 71214
71214 24490 56216
56216 24490 71214
62507 17674 120980
120980 17674 62507
17674 62507 120980
106492 40240 75639
40240 75639 106492
75639 40240 106492
3307 82443 131032
82443 3307 131032
131032 3307 82443
97771 63061 102676
102676 63061 97771
63061 97771 102676
13218 107967 109931
107967 13218 109931
109931 13218 107967
74230 47780 101250
47780 74230 101250
101250 47780 74230
90363 13682 35170
35170 13682 90363
13682 35170 90363
23264 39606 109266
39606 23264 109266
109266 23264 39606
12285 24177 78156
78156 12285 24177
24177 12285 78156
121216 78910 117774
78910 117774 121216
117774 78910 121216
131082 36233 40924
40924 36233 131082
36233 40924 131082
145955 49513 61152
49513 61152 145955
61152 49513 145955
49762 40425 53976
53976 40425 49762
40425 49762 53976
90638 3459 79954
3459 79954 90638
79954 3459 90638
93673 59342 112317
112317 59342 93673
59342 93673 112317
19250 18985 129148
18985 19250 129148
129148 18985 19250
88722 126298 130921
130921 88722 126298
126298 88722 130921
138255 114310 119508
114310 119508 138255
119508 114310 138255
15123 37636 75777
37636 15123 75777
75777 15123 37636
71879 86582 114346
114346 71879 86582
86582 71879 114346
137503 45940 48325
45940 48325 137503
48325 45940 137503
73130 46615 145093
145093 46615 73130
46615 73130 145093
54007 70212 115456
115456 54007 70212
70212 54007 115456
140250 6606 89913
6606 89913 140250
89913 6606 140250
107038 34233 145769
145769 34233 107038
34233 107038 145769
92943 10348 28326
28326 10348 92943
10348 28326 92943
10207 69263 114013
114013 10207 69263
69263 10207 114013
19786 86763 112191
86763 19786 112191
112191 19786 86763
57890 13873 92233
13873 57890 92233
92233 13873 57890
33490 53367 128021
53367 33490 128021
128021 33490 53367
70945 38743 133570
133570 38743 70945
38743 70945 133570
137209 3671 126734
3671 126734 137209
126734 3671 137209
74235 24252 53797
53797 24252 74235
24252 53797 74235
131702 4219 102533
4219 102533 131702
102533 4219 131702
4298 78418 141793
78418 4298 141793
141793 4298 78418
50006 1512 109207
1512 50006 109207
109207 1512 50006
14471 99362 141525
99362 14471 141525
141525 14471 99362
2697 54983 108434
54983 2697 108434
108434 2697 54983
3134 48427 91788
48427 3134 91788
91788 3134 48427
38917 91289 134401
134401 38917 91289
91289 38917 134401
140733 103585 131773
131773 103585 140733
103585 131773 140733
5434 1995 134006
134006 1995 5434
1995 5434 134006
102968 4349 20427
20427 4349 102968
4349 20427 102968
134423 14657 84719
84719 14657 134423
14657 84719 134423
130623 29138 31705
31705 29138 130623
29138 31705 130623
87002 51599 78355
51599 78355 87002
78355 51599 87002
83900 76953 126327
76953 83900 126327
126327 76953 83900
99586 28475 63655
28475 63655 99586
63655 28475 99586
37084 29951 65475
65475 29951 37084
29951 37084 65475
20346 70138 87562
70138 20346 87562
87562 20346 70138
117641 89736 101116
89736 101116 117641
101116 89736 117641
95192 8649 121917
8649 95192 121917
121917 8649 95192
97928 33886 84819
84819 33886 97928
33886 84819 97928
132595 39701 92093
92093 39701 132595
39701 92093 132595
130691 112600 147745
147745 112600 130691
112600 130691 147745
146234 72158 143595
72158 143595 146234
143595 72158 146234
119411 31575 60146
31575 60146 119411
60146 31575 119411
14800 90377 97601
90377 14800 97601
97601 14800 90377
100011 50379 105005
105005 50379 100011
50379 100011 105005
149133 116777 142875
116777 142875 149133
142875 116777 149133
76156 30727 106680
30727 76156 106680
106680 30727 76156
42405 45541 143807
143807 42405 45541
45541 42405 143807
30290 67827 119306
119306 30290 67827
67827 30290 119306
29865 93097 132843
93097 29865 132843
132843 29865 93097
124972 23744 29585
23744 29585 124972
29585 23744 124972
58717 57704 104772
104772 57704 58717
57704 58717 104772
136259 29427 108878
108878 29427 136259
29427 108878 136259
137132 9912 58488
58488 9912 137132
9912 58488 137132
47243 73588 92198
92198 47243 73588
73588 47243 92198
95831 66610 67195
67195 66610 95831
66610 67195 95831
8167 6057 30765
6057 8167 30765
30765 6057 8167
65003 74727 100808
100808 65003 74727
74727 65003 100808
103053 90162 149411
90162 103053 149411
149411 90162 103053
65074 57446 111180
111180 57446 65074
57446 65074 111180
49684 67095 140065
140065 49684 67095
67095 49684 140065
136440 37977 126830
37977 126830 136440
126830 37977 136440
21184 42386 127833
127833 21184 42386
42386 21184 127833
61243 18894 64325
64325 18894 61243
18894 61243 64325
56482 109043 142571
109043 56482 142571
142571 56482 109043
22815 101546 107557
101546 22815 107557
107557 22815 101546
21264 42452 53588
42452 21264 53588
53588 21264 42452
42333 14335 22725
22725 14335 42333
14335 22725 42333
85998 17312 120097
120097 17312 85998
17312 85998 120097
55473 54090 90652
90652 54090 55473
54090 55473 90652
66541 60833 61592
60833 61592 66541
61592 60833 66541
72139 74449 126666
74449 72139 126666
126666 72139 74449
132553 2805 11965
11965 2805 132553
2805 11965 132553
142602 6964 123315
6964 123315 142602
123315 6964 142602
144032 88829 94079
94079 88829 144032
88829 94079 144032
128616 21807 100612
100612 21807 128616
21807 100612 128616
121527 13200 116524
13200 116524 121527
116524 13200 121527
139068 95716 141084
141084 95716 139068
95716 139068 141084
146207 18644 62377
62377 18644 146207
18644 62377 146207
96302 68514 105719
105719 68514 96302
68514 96302 105719
24604 68289 109987
109987 24604 68289
68289 24604 109987
115370 65700 133612
133612 65700 115370
65700 115370 133612
147901 47814 112399
112399 47814 147901
47814 112399 147901
29586 21548 139948
21548 29586 139948
139948 21548 29586
46978 15311 19829
15311 19829 46978
19829 15311 46978
37080 15946 50529
50529 15946 37080
15946 37080 50529
125303 34381 74643
74643 34381 125303
34381 74643 125303
124456 39051 47035
47035 39051 124456
39051 47035 124456
96563 29362 57797
57797 29362 96563
29362 57797 96563
4317 21047 94755
94755 4317 21047
21047 4317 94755
5436 39859 75344
39859 5436 75344
75344 5436 39859
53279 15824 146018
15824 53279 146018
146018 15824 53279
115476 52910 100582
100582 52910 115476
52910 100582 115476
137733 11577 140870
140870 11577 137733
11577 137733 140870
14896 65959 93394
93394 14896 65959
65959 14896 93394
28067 108328 140460
108328 28067 140460
140460 28067 108328
140259 53429 119486
53429 119486 140259
119486 53429 140259
146834 42886 51678
51678 42886 146834
42886 51678 146834
34717 53400 68902
68902 34717 53400
53400 34717 68902
125676 18236 119832
18236 119832 125676
119832 18236 125676
148756 7818 48186
48186 7818 148756
7818 48186 148756
86499 115432 116396
115432 86499 116396
116396 86499 115432
116093 6892 43893
6892 43893 116093
43893 6892 116093
11497 21902 133832
21902 11497 133832
133832 11497 21902
145831 79371 139025
139025 79371 145831
79371 139025 145831
63832 111329 134127
111329 63832 134127
134127 63832 111329
134096 26171 131638
131638 26171 134096
26171 131638 134096
72730 120258 149694
149694 72730 120258
120258 72730 149694
63320 78137 104807
78137 63320 104807
104807 63320 78137
116199 39139 82131
39139 82131 116199
82131 39139 116199
56208 26179 34812
26179 34812 56208
34812 26179 56208
11550 66194 137303
66194 11550 137303
137303 11550 66194
96538 14694 95102
14694 95102 96538
95102 14694 96538
48575 50452 133156
133156 48575 50452
50452 48575 133156
136674 84530 138315
138315 84530 136674
84530 136674 138315
118271 41498 112219
41498 112219 118271
112219 41498 118271
20782 18392 141210
18392 20782 141210
141210 18392 20782
134125 40282 105970
105970 40282 134125
40282 105970 134125
56528 46745 91173
91173 46745 56528
46745 56528 91173
6886 39053 39133
39133 6886 39053
39053 6886 39133
119453 140223 147805
140223 119453 147805
147805 119453 140223
66197 52796 75646
52796 66197 75646
75646 52796 66197
138028 1036 48038
1036 48038 138028
48038 1036 138028
60626 780 51738
51738 780 60626
780 51738 60626
133772 146989 147124
146989 133772 147124
147124 133772 146989
115670 30565 127590
30565 115670 127590
127590 30565 115670
89550 79351 133789
133789 79351 89550
79351 89550 133789
35573 1788 83888
1788 35573 83888
83888 1788 35573
91262 12937 61474
12937 61474 91262
61474 12937 91262
146023 14633 106479
14633 106479 146023
106479 14633 146023
10683 75972 79912
75972 10683 79912
79912 10683 75972
94618 96257 128901
96257 94618 128901
128901 94618 96257
90066 50002 133517
133517 50002 90066
50002 90066 133517
6033 18711 49798
49798 6033 18711
18711 6033 49798
134195 6840 79948
79948 6840 134195
6840 79948 134195
13380 67848 96480
67848 13380 96480
96480 13380 67848
23772 62053 64391
62053 23772 64391
64391 23772 62053
87315 29583 99868
99868 29583 87315
29583 87315 99868
143566 87612 138179
138179 87612 143566
87612 138179 143566
50588 14173 83263
14173 50588 83263
83263 14173 50588
91166 34393 34793
34793 34393 91166
34393 34793 91166
10102 82270 119381
82270 10102 119381
119381 10102 82270
26534 19343 144346
19343 26534 144346
144346 19343 26534
90409 51357 99973
99973 51357 90409
51357 90409 99973
39091 15666 135909
15666 39091 135909
135909 15666 39091
76196 91331 139677
91331 76196 139677
139677 76196 91331
59119 51655 95036
51655 59119 95036
95036 51655 59119
104283 23650 100549
100549 23650 104283
23650 100549 104283
125063 15844 127599
15844 125063 127599
127599 15844 125063
79487 63132 140146
140146 63132 79487
63132 79487 140146
136936 109210 121273
121273 109210 136936
109210 121273 136936
