224 37 241
241 37 224
37 224 241
107 16 817
817 16 107
16 107 817
1423 74 1120
1120 74 1423
74 1120 1423
1223 674 872
872 674 1223
674 872 1223
1387 306 1024
306 1024 1387
1024 306 1387
1340 84 630
84 630 1340
630 84 1340
1029 93 171
93 171 1029
171 93 1029
9 494 1090
1090 9 494
494 9 1090
1318 816 1316
1316 816 1318
816 1316 1318
539 833 1453
833 539 1453
1453 539 833
299 36 1001
36 299 1001
1001 36 299
423 391 1173
391 423 1173
1173 391 423
1079 499 604
499 604 1079
604 499 1079
250 995 1184
995 250 1184
1184 250 995
671 1030 1489
1030 671 1489
1489 671 1030
608 302 1246
302 608 1246
1246 302 608
710 1076 1451
1451 710 1076
1076 710 1451
158 531 987
531 158 987
987 158 531
799 110 520
520 110 799
110 520 799
763 811 812
812 763 811
811 763 812
281 408 906
408 281 906
906 281 408
383 659 951
659 383 951
951 383 659
1298 132 537
537 132 1298
132 537 1298
979 283 1422
283 979 1422
1422 283 979
1070 89 870
89 870 1070
870 89 1070
1161 124 598
598 124 1161
124 598 1161
1405 8 138
8 138 1405
138 8 1405
1118 429 653
653 429 1118
429 653 1118
1091 782 1038
1038 782 1091
782 1038 1091
1486 579 1022
579 1022 1486
1022 579 1486
713 1204 1306
1204 713 1306
1306 713 1204
724 808 1094
1094 724 808
808 724 1094
1212 441 924
441 924 1212
924 441 1212
956 135 1027
135 956 1027
1027 135 956
835 395 448
395 448 835
448 395 835
1008 238 1280
238 1008 1280
1280 238 1008
922 1013 1332
1332 922 1013
1013 922 1332
1305 1411 1473
1473 1305 1411
1411 1305 1473
413 223 865
223 413 865
865 223 413
775 1026 1181
1026 775 1181
1181 775 1026
955 861 1348
861 955 1348
1348 861 955
821 728 1196
1196 728 821
728 821 1196
483 432 1137
1137 432 483
432 483 1137
477 693 1015
693 477 1015
1015 477 693
180 1011 1117
1117 180 1011
1011 180 1117
1191 791 1081
1081 791 1191
791 1081 1191
837 210 349
349 210 837
210 349 837
23 14 790
790 14 23
14 23 790
348 1312 1449
1449 348 1312
1312 348 1449
584 163 1364
163 584 1364
1364 163 584
435 620 1016
620 435 1016
1016 435 620
1123 330 564
330 564 1123
564 330 1123
840 560 670
560 670 840
670 560 840
1037 751 803
803 751 1037
751 803 1037
1051 1334 1429
1429 1051 1334
1334 1051 1429
237 617 847
847 237 617
617 237 847
1172 337 1443
1443 337 1172
337 1172 1443
855 1224 1300
1300 855 1224
1224 855 1300
325 231 729
231 325 729
729 231 325
952 668 1159
1159 668 952
668 952 1159
867 154 645
154 645 867
645 154 867
938 581 1490
581 938 1490
1490 581 938
1227 573 1391
1391 573 1227
573 1227 1391
407 46 1439
46 407 1439
1439 46 407
1114 695 912
912 695 1114
695 912 1114
1353 601 1285
1285 601 1353
601 1285 1353
550 420 805
420 550 805
805 420 550
1111 213 910
910 213 1111
213 910 1111
332 685 1471
1471 332 685
685 332 1471
1110 104 252
104 252 1110
252 104 1110
481 85 600
600 85 481
85 481 600
998 380 747
747 380 998
380 747 998
961 97 1259
1259 97 961
97 961 1259
1189 360 1182
1182 360 1189
360 1182 1189
1393 38 184
38 184 1393
184 38 1393
21 398 831
831 21 398
398 21 831
1494 247 1023
247 1023 1494
1023 247 1494
677 63 1384
63 677 1384
1384 63 677
859 567 942
942 567 859
567 859 942
839 378 1295
378 839 1295
1295 378 839
1168 179 1406
179 1168 1406
1406 179 1168
802 784 1426
1426 784 802
784 802 1426
267 832 1325
1325 267 832
832 267 1325
1433 350 712
712 350 1433
350 712 1433
1197 589 612
612 589 1197
589 612 1197
547 786 1394
1394 547 786
786 547 1394
92 1066 1462
1066 92 1462
1462 92 1066
1012 750 1122
1122 750 1012
750 1012 1122
458 696 1056
1056 458 696
696 458 1056
205 421 1293
421 205 1293
1293 205 421
829 624 1342
1342 624 829
624 829 1342
962 258 574
574 258 962
258 574 962
253 725 1243
725 253 1243
1243 253 725
1484 44 1283
1283 44 1484
44 1283 1484
640 583 656
583 640 656
656 583 640
785 866 1031
1031 785 866
866 785 1031
1136 71 271
71 271 1136
271 71 1136
1119 20 1156
20 1119 1156
1156 20 1119
418 514 1277
1277 418 514
514 418 1277
64 1092 1250
1250 64 1092
1092 64 1250
366 667 854
667 366 854
854 366 667
845 333 1329
333 845 1329
1329 333 845
887 91 551
551 91 887
91 551 887
54 126 1272
126 54 1272
1272 54 126
66 317 999
999 66 317
317 66 999
720 77 599
599 77 720
77 599 720
1392 947 1021
1021 947 1392
947 1021 1392
552 133 1347
133 552 1347
1347 133 552
1195 65 752
752 65 1195
65 752 1195
1017 309 1242
309 1017 1242
1242 309 1017
134 980 1412
1412 134 980
980 134 1412
1315 229 1499
1499 229 1315
229 1315 1499
1407 585 1395
585 1395 1407
1395 585 1407
56 356 1201
1201 56 356
356 56 1201
468 809 1252
809 468 1252
1252 468 809
764 170 367
170 367 764
367 170 764
1148 772 958
958 772 1148
772 958 1148
1132 885 1281
885 1132 1281
1281 885 1132
211 834 1469
1469 211 834
834 211 1469
680 984 1440
984 680 1440
1440 680 984
164 1465 1472
1472 164 1465
1465 164 1472
49 846 1236
846 49 1236
1236 49 846
709 1225 1388
1388 709 1225
1225 709 1388
1365 78 457
78 457 1365
457 78 1365
201 40 150
150 40 201
40 150 201
890 291 515
291 515 890
515 291 890
324 1035 1214
1035 324 1214
1214 324 1035
146 177 611
177 146 611
611 146 177
245 572 684
572 245 684
684 245 572
1330 140 1437
1437 140 1330
140 1330 1437
495 742 1288
742 495 1288
1288 495 742
439 98 576
98 439 576
576 98 439
569 618 1322
618 569 1322
1322 569 618
1500 1215 1385
1215 1385 1500
1385 1215 1500
879 699 1229
1229 699 879
699 879 1229
318 101 1219
101 318 1219
1219 101 318
246 1257 1291
1291 246 1257
1257 246 1291
148 654 1047
654 148 1047
1047 148 654
181 48 1089
48 181 1089
1089 48 181
875 323 986
323 875 986
986 323 875
433 1158 1366
1158 433 1366
1366 433 1158
1101 486 944
944 486 1101
486 944 1101
18 807 1205
1205 18 807
807 18 1205
994 130 1390
130 994 1390
1390 130 994
47 623 1267
1267 47 623
623 47 1267
1425 1065 1309
1065 1309 1425
1309 1065 1425
1235 516 1010
516 1010 1235
1010 516 1235
657 43 778
43 657 778
778 43 657
232 734 806
734 232 806
806 232 734
414 1208 1447
1447 414 1208
1208 414 1447
194 946 1080
1080 194 946
946 194 1080
1297 131 204
131 204 1297
204 131 1297
927 774 929
929 774 927
774 927 929
1383 257 1096
1096 257 1383
257 1096 1383
111 1202 1400
1202 111 1400
1400 111 1202
1467 1003 1193
1003 1193 1467
1193 1003 1467
379 123 727
123 379 727
727 123 379
1014 142 587
142 587 1014
587 142 1014
145 60 1458
60 145 1458
1458 60 145
22 405 496
405 22 496
496 22 405
793 948 1313
1313 793 948
948 793 1313
52 1 19
1 19 52
19 1 52
1174 704 1221
1221 704 1174
704 1174 1221
45 838 1335
838 45 1335
1335 45 838
556 1228 1326
1228 556 1326
1326 556 1228
893 58 80
58 80 893
80 58 893
594 222 959
222 594 959
959 222 594
777 1260 1372
1260 777 1372
1372 777 1260
926 108 1319
108 926 1319
1319 108 926
1082 34 491
491 34 1082
34 491 1082
1268 282 622
282 622 1268
622 282 1268
1273 264 292
264 292 1273
292 264 1273
288 765 1456
1456 288 765
765 288 1456
1043 95 293
293 95 1043
95 293 1043
1479 122 437
437 122 1479
122 437 1479
266 860 869
869 266 860
860 266 869
221 217 1213
217 221 1213
1213 217 221
758 1083 1408
1083 758 1408
1408 758 1083
1006 941 1084
941 1006 1084
1084 941 1006
741 401 1296
401 741 1296
1296 401 741
1138 1075 1463
1075 1138 1463
1463 1075 1138
1270 392 1357
1357 392 1270
392 1270 1357
1108 387 1061
1061 387 1108
387 1061 1108
1087 1121 1487
1121 1087 1487
1487 1087 1121
234 198 609
609 198 234
198 234 609
1282 1055 1304
1055 1282 1304
1304 1055 1282
10 1167 1275
1167 10 1275
1275 10 1167
1042 152 482
152 482 1042
482 152 1042
1492 373 1129
373 1129 1492
1129 373 1492
32 642 716
642 32 716
716 32 642
443 558 851
558 443 851
851 443 558
208 81 1171
1171 81 208
81 208 1171
5 99 692
99 5 692
692 5 99
502 683 789
683 502 789
789 502 683
28 191 749
749 28 191
191 28 749
100 68 404
404 68 100
68 100 404
903 1328 1369
1328 903 1369
1369 903 1328
17 295 1249
1249 17 295
295 17 1249
248 1284 1420
1284 248 1420
1420 248 1284
1448 705 797
797 705 1448
705 797 1448
327 322 1418
322 327 1418
1418 322 327
1220 342 1169
1169 342 1220
342 1169 1220
144 1142 1240
1142 144 1240
1240 144 1142
1475 1188 1278
1278 1188 1475
1188 1278 1475
396 484 686
686 396 484
484 396 686
726 625 757
757 625 726
625 726 757
1048 1264 1432
1432 1048 1264
1264 1048 1432
1431 1085 1413
1413 1085 1431
1085 1413 1431
242 185 1146
185 242 1146
1146 185 242
1178 334 1230
334 1178 1230
1230 334 1178
1153 707 828
828 707 1153
707 828 1153
730 83 983
83 730 983
983 83 730
311 13 1032
13 311 1032
1032 13 311
30 114 382
114 30 382
382 30 114
856 361 655
361 655 856
655 361 856
842 200 810
200 810 842
810 200 842
279 53 826
826 53 279
53 279 826
1352 1019 1317
1317 1019 1352
1019 1317 1352
1294 530 597
597 530 1294
530 597 1294
202 35 388
35 202 388
388 35 202
168 27 277
27 168 277
277 27 168
501 714 1333
714 501 1333
1333 501 714
507 900 1461
1461 507 900
900 507 1461
1139 376 647
647 376 1139
376 647 1139
1466 219 436
436 219 1466
219 436 1466
603 394 522
394 522 603
522 394 603
1377 262 476
262 476 1377
476 262 1377
1237 738 904
738 904 1237
904 738 1237
711 121 907
907 121 711
121 711 907
384 31 1311
1311 31 384
31 384 1311
568 836 1046
1046 568 836
836 568 1046
364 187 1356
1356 187 364
187 364 1356
240 1200 1498
1200 240 1498
1498 240 1200
1262 735 1386
1386 735 1262
735 1262 1386
621 613 1103
1103 613 621
613 621 1103
883 650 761
761 650 883
650 761 883
898 698 934
934 698 898
698 898 934
559 971 1009
1009 559 971
971 559 1009
1113 731 1279
731 1113 1279
1279 731 1113
372 687 1253
1253 372 687
687 372 1253
358 50 991
50 358 991
991 50 358
1124 431 783
431 783 1124
783 431 1124
472 781 1040
1040 472 781
781 472 1040
216 461 1154
461 216 1154
1154 216 461
1251 521 953
521 953 1251
953 521 1251
1344 800 1339
1339 800 1344
800 1339 1344
1028 661 1131
661 1028 1131
1131 661 1028
932 629 967
967 629 932
629 932 967
1157 212 1020
212 1020 1157
1020 212 1157
540 119 992
992 119 540
119 540 992
512 343 1256
343 512 1256
1256 343 512
1380 542 844
844 542 1380
542 844 1380
76 646 965
646 76 965
965 76 646
819 1133 1421
1421 819 1133
1133 819 1421
901 997 1324
1324 901 997
997 901 1324
768 2 129
2 129 768
129 2 768
417 480 555
480 417 555
555 417 480
160 753 974
974 160 753
753 160 974
660 1126 1147
1147 660 1126
1126 660 1147
24 473 1199
473 24 1199
1199 24 473
1044 254 471
471 254 1044
254 471 1044
706 369 895
895 369 706
369 706 895
888 739 773
773 739 888
739 773 888
136 563 770
563 136 770
770 136 563
1428 487 1170
1170 487 1428
487 1170 1428
228 11 1459
11 228 1459
1459 11 228
658 422 1018
1018 422 658
422 658 1018
1226 120 513
120 513 1226
513 120 1226
633 760 973
973 633 760
760 633 973
156 207 239
207 156 239
239 156 207
336 935 1239
1239 336 935
935 336 1239
1497 850 1409
850 1409 1497
1409 850 1497
285 475 1321
1321 285 475
475 285 1321
1095 430 466
466 430 1095
430 466 1095
1310 269 1417
1417 269 1310
269 1310 1417
820 1071 1444
1444 820 1071
1071 820 1444
1198 1289 1402
1289 1198 1402
1402 1198 1289
662 335 610
610 335 662
335 610 662
571 226 411
226 411 571
411 226 571
115 112 403
112 115 403
403 112 115
1265 127 740
127 740 1265
740 127 1265
1351 636 666
666 636 1351
636 666 1351
503 272 525
525 272 503
272 503 525
1307 316 631
316 631 1307
631 316 1307
504 178 975
178 504 975
975 178 504
1290 106 824
824 106 1290
106 824 1290
596 554 849
849 554 596
554 596 849
273 519 917
917 273 519
519 273 917
284 354 978
354 284 978
978 284 354
1052 940 949
949 940 1052
940 949 1052
905 615 1359
1359 615 905
615 905 1359
1177 1100 1376
1376 1100 1177
1100 1177 1376
754 498 580
580 498 754
498 580 754
936 748 1301
748 936 1301
1301 748 936
286 960 1086
1086 286 960
960 286 1086
1034 592 744
744 592 1034
592 744 1034
1107 852 1470
1470 852 1107
852 1107 1470
1045 26 1361
26 1045 1361
1361 26 1045
209 359 1303
359 209 1303
1303 209 359
708 780 1381
1381 708 780
780 708 1381
937 1455 1488
1488 937 1455
1455 937 1488
340 215 889
889 215 340
215 340 889
305 1206 1255
1255 305 1206
1206 305 1255
590 137 1427
137 590 1427
1427 137 590
1355 321 804
804 321 1355
321 804 1355
792 1062 1245
1245 792 1062
1062 792 1245
553 346 1493
1493 346 553
346 553 1493
945 294 1345
294 945 1345
1345 294 945
1248 1112 1468
1112 1248 1468
1468 1112 1248
371 460 993
993 371 460
460 371 993
1004 746 1064
1064 746 1004
746 1004 1064
881 193 345
193 345 881
345 193 881
1485 665 1232
1232 665 1485
665 1232 1485
161 103 1302
1302 103 161
103 161 1302
117 73 606
606 73 117
73 117 606
722 339 718
718 339 722
339 718 722
1274 766 1341
1341 766 1274
766 1274 1341
236 920 1438
920 236 1438
1438 236 920
884 871 1039
871 884 1039
1039 871 884
509 545 1025
545 509 1025
1025 509 545
1452 319 868
319 868 1452
868 319 1452
427 548 1389
548 427 1389
1389 427 548
397 577 788
577 397 788
788 397 577
1414 313 1292
313 1292 1414
1292 313 1414
676 874 1323
874 676 1323
1323 676 874
1481 614 1218
614 1218 1481
1218 614 1481
908 125 173
173 125 908
125 173 908
469 3 914
3 469 914
914 3 469
607 189 1098
1098 189 607
189 607 1098
1247 1007 1134
1007 1134 1247
1134 1007 1247
1097 62 256
256 62 1097
62 256 1097
1105 69 843
843 69 1105
69 843 1105
492 355 588
355 492 588
588 355 492
1210 575 1179
1179 575 1210
575 1179 1210
1401 921 1155
921 1155 1401
1155 921 1401
159 1410 1430
1410 159 1430
1430 159 1410
415 67 776
67 415 776
776 67 415
1234 853 930
930 853 1234
853 930 1234
985 848 957
848 957 985
957 848 985
1258 524 1128
1128 524 1258
524 1128 1258
1054 478 1041
478 1041 1054
1041 478 1054
882 400 1496
400 882 1496
1496 400 882
188 59 878
878 59 188
59 188 878
886 823 939
939 823 886
823 886 939
1176 341 517
517 341 1176
341 517 1176
1445 230 1244
230 1244 1445
1244 230 1445
442 374 1263
1263 374 442
374 442 1263
1216 381 827
381 827 1216
827 381 1216
128 506 1254
506 128 1254
1254 128 506
1143 497 1141
1141 497 1143
497 1141 1143
1477 818 1207
1207 818 1477
818 1207 1477
1327 534 1116
534 1116 1327
1116 534 1327
771 276 300
276 300 771
300 276 771
329 1164 1338
1338 329 1164
1164 329 1338
1093 1060 1140
1060 1093 1140
1140 1060 1093
1209 1424 1464
1424 1209 1464
1464 1209 1424
41 61 172
172 41 61
61 41 172
1151 449 1454
449 1151 1454
1454 449 1151
858 153 1163
153 858 1163
1163 153 858
308 109 445
109 308 445
445 109 308
1442 314 996
996 314 1442
314 996 1442
988 703 1474
703 988 1474
1474 703 988
755 96 909
909 96 755
96 755 909
1152 632 796
796 632 1152
632 796 1152
969 702 721
721 702 969
702 721 969
841 203 347
347 203 841
203 347 841
719 815 1115
815 719 1115
1115 719 815
972 25 1276
25 972 1276
1276 25 972
582 759 1078
759 582 1078
1078 582 759
964 94 1005
94 964 1005
1005 94 964
451 363 688
688 363 451
363 451 688
639 399 1299
399 639 1299
1299 399 639
290 75 605
605 75 290
75 290 605
303 488 880
488 303 880
880 303 488
546 260 450
260 450 546
450 260 546
578 315 681
681 315 578
315 578 681
1436 538 737
538 737 1436
737 538 1436
1362 70 701
70 701 1362
701 70 1362
312 798 1074
1074 312 798
798 312 1074
263 196 586
586 196 263
196 263 586
287 648 863
863 287 648
648 287 863
57 902 1241
902 57 1241
1241 57 902
649 424 745
424 649 745
745 424 649
352 465 690
690 352 465
465 352 690
1238 1057 1222
1222 1057 1238
1057 1222 1238
489 182 1308
1308 182 489
182 489 1308
762 419 1314
1314 419 762
419 762 1314
529 767 933
767 529 933
933 529 767
637 616 1125
1125 616 637
616 637 1125
756 143 255
255 143 756
143 255 756
434 90 199
90 199 434
199 90 434
116 923 1109
923 116 1109
1109 116 923
270 474 694
694 270 474
474 270 694
227 493 1187
1187 227 493
493 227 1187
365 1072 1266
1072 365 1266
1266 365 1072
1336 385 1069
1069 385 1336
385 1069 1336
370 162 1476
162 370 1476
1476 162 370
638 169 981
169 638 981
981 169 638
1331 176 894
894 176 1331
176 894 1331
1478 298 1415
1415 298 1478
298 1415 1478
426 689 976
689 426 976
976 426 689
511 82 1374
1374 82 511
82 511 1374
1378 39 732
732 39 1378
39 732 1378
795 183 233
183 233 795
233 183 795
87 409 1286
1286 87 409
409 87 1286
261 289 1077
289 261 1077
1077 261 289
462 7 641
7 462 641
641 7 462
679 857 1002
857 679 1002
1002 679 857
1354 544 1190
544 1190 1354
1190 544 1354
1036 669 1457
669 1036 1457
1457 669 1036
663 280 1434
1434 280 663
280 663 1434
970 410 697
697 410 970
410 697 970
1160 320 362
320 362 1160
362 320 1160
166 139 1102
139 166 1102
1102 139 166
406 167 446
446 167 406
167 406 446
1368 165 535
535 165 1368
165 535 1368
526 86 453
453 86 526
86 453 526
536 244 1382
1382 244 536
244 536 1382
626 561 1441
1441 561 626
561 626 1441
691 274 736
274 691 736
736 274 691
1058 197 500
197 500 1058
500 197 1058
1375 296 989
296 989 1375
989 296 1375
508 825 1166
1166 508 825
825 508 1166
1398 79 672
672 79 1398
79 672 1398
1482 700 915
915 700 1482
700 915 1482
1088 149 1358
149 1088 1358
1358 149 1088
307 1135 1287
1287 307 1135
1135 307 1287
635 1068 1360
1068 635 1360
1360 635 1068
873 549 899
549 873 899
899 549 873
214 479 1346
479 214 1346
1346 214 479
876 157 928
928 157 876
157 876 928
1211 265 1217
265 1211 1217
1217 265 1211
1150 15 51
15 51 1150
51 15 1150
218 331 1343
331 218 1343
1343 218 331
113 416 1073
416 113 1073
1073 113 416
643 206 1404
1404 206 643
206 643 1404
822 628 682
628 682 822
682 628 822
982 344 541
344 541 982
541 344 982
1099 259 911
911 259 1099
259 911 1099
485 505 566
505 485 566
566 485 505
1403 4 455
4 455 1403
455 4 1403
557 440 830
440 557 830
830 440 557
651 326 1127
1127 326 651
326 651 1127
595 913 1050
913 595 1050
1050 595 913
1271 304 368
368 304 1271
304 368 1271
1397 29 338
29 338 1397
338 29 1397
619 141 1162
141 619 1162
1162 141 619
1053 195 328
195 328 1053
328 195 1053
950 268 447
447 268 950
268 447 950
1349 174 897
174 897 1349
897 174 1349
518 105 155
105 155 518
155 105 518
591 523 627
627 523 591
523 591 627
565 779 896
896 565 779
779 565 896
42 1396 1435
1435 42 1396
1396 42 1435
467 877 1371
877 467 1371
1371 467 877
1175 452 1460
452 1175 1460
1460 452 1175
1363 931 1233
931 1233 1363
1233 931 1363
1320 438 916
916 438 1320
438 916 1320
1067 88 1491
1491 88 1067
88 1067 1491
1049 118 602
602 118 1049
118 602 1049
918 243 1165
1165 243 918
243 918 1165
794 562 1416
1416 562 794
562 794 1416
351 428 470
428 351 470
470 351 428
864 1104 1367
1367 864 1104
1104 864 1367
1261 652 990
652 990 1261
990 652 1261
377 186 1106
186 377 1106
1106 186 377
353 715 1033
715 353 1033
1033 353 715
1185 275 1337
275 1185 1337
1337 275 1185
33 456 717
456 33 717
717 33 456
147 490 1183
1183 147 490
490 147 1183
787 634 1180
634 787 1180
1180 634 787
543 1186 1350
1186 543 1350
1350 543 1186
743 297 862
862 297 743
297 743 862
251 301 1419
301 251 1419
1419 251 301
151 769 954
954 151 769
769 151 954
102 72 192
192 72 102
72 102 192
444 278 310
310 278 444
278 310 444
1446 220 528
220 528 1446
528 220 1446
6 463 532
532 6 463
463 6 532
1194 527 1379
1379 527 1194
527 1194 1379
510 673 1144
1144 510 673
673 510 1144
425 454 570
570 425 454
454 425 570
1399 1373 1450
1450 1373 1399
1373 1399 1450
977 225 963
963 225 977
225 963 977
1145 357 1231
1231 357 1145
357 1145 1231
593 723 1059
1059 593 723
723 593 1059
968 375 801
801 375 968
375 801 968
12 664 891
664 12 891
891 12 664
1483 393 644
393 644 1483
644 393 1483
464 190 235
190 235 464
235 190 464
459 175 925
175 459 925
925 175 459
678 1000 1495
1000 678 1495
1495 678 1000
386 533 1063
1063 386 533
533 386 1063
1192 919 1370
1370 919 1192
919 1192 1370
1203 675 813
813 675 1203
675 813 1203
390 249 412
249 390 412
412 249 390
389 402 892
892 389 402
402 389 892
1130 55 1149
1149 55 1130
55 1130 1149
733 814 1480
1480 733 814
814 733 1480
943 966 1269
966 943 1269
1269 943 966
