707 81 101
101 81 707
81 101 707
1295 342 823
823 342 1295
342 823 1295
196 16 961
16 196 961
961 16 196
1419 724 1327
1327 724 1419
724 1327 1419
987 94 1186
94 987 1186
1186 94 987
89 1019 1076
1076 89 1019
1019 89 1076
84 851 1077
1077 84 851
851 84 1077
781 128 464
464 128 781
128 464 781
876 1038 1189
1189 876 1038
1038 876 1189
1375 131 1329
1329 131 1375
131 1329 1375
747 34 910
910 34 747
34 747 910
173 869 1363
869 173 1363
1363 173 869
660 565 1036
1036 565 660
565 660 1036
1226 76 1168
76 1168 1226
1168 76 1226
1097 306 508
508 306 1097
306 508 1097
1386 510 646
510 646 1386
646 510 1386
566 130 295
295 130 566
130 295 566
226 1187 1202
1187 226 1202
1202 226 1187
488 83 1234
1234 83 488
83 488 1234
839 583 1064
1064 583 839
583 839 1064
138 155 337
337 138 155
155 138 337
104 385 398
385 104 398
398 104 385
737 785 859
859 737 785
785 737 859
1431 112 1345
112 1345 1431
1345 112 1431
323 98 632
98 323 632
632 98 323
838 410 1011
1011 410 838
410 838 1011
368 174 587
587 174 368
174 368 587
428 11 842
842 11 428
11 428 842
345 714 1273
1273 345 714
714 345 1273
21 604 634
604 21 634
634 21 604
749 195 914
195 749 914
914 195 749
1387 633 1376
633 1376 1387
1376 633 1387
617 507 596
596 507 617
507 596 617
51 73 1282
73 51 1282
1282 51 73
425 293 354
354 293 425
293 354 425
1065 23 251
23 251 1065
251 23 1065
793 64 845
845 64 793
64 793 845
24 479 1269
1269 24 479
479 24 1269
1118 1095 1330
1095 1118 1330
1330 1095 1118
692 307 1374
1374 307 692
307 692 1374
1185 953 1170
953 1170 1185
1170 953 1185
154 982 1268
982 154 1268
1268 154 982
802 520 572
572 520 802
520 572 802
283 1103 1166
1103 283 1166
1166 283 1103
1458 594 1392
1392 594 1458
594 1392 1458
541 300 831
300 541 831
831 300 541
444 375 1109
375 444 1109
1109 375 444
867 4 388
388 4 867
4 388 867
937 621 1464
621 937 1464
1464 621 937
258 107 1253
107 258 1253
1253 107 258
970 200 969
969 200 970
200 969 970
1272 141 758
758 141 1272
141 758 1272
221 652 1048
1048 221 652
652 221 1048
1238 655 1394
655 1238 1394
1394 655 1238
1277 656 723
656 723 1277
723 656 1277
924 518 1201
518 924 1201
1201 518 924
881 408 1490
1490 408 881
408 881 1490
472 336 1045
1045 336 472
336 472 1045
788 376 730
376 730 788
730 376 788
686 511 1341
511 686 1341
1341 511 686
727 1287 1313
1313 727 1287
1287 727 1313
1261 480 513
480 513 1261
513 480 1261
22 91 405
91 22 405
405 22 91
1246 1356 1457
1356 1246 1457
1457 1246 1356
1429 129 1372
1372 129 1429
129 1372 1429
649 20 262
262 20 649
20 262 649
522 38 545
545 38 522
38 522 545
504 197 1300
1300 197 504
197 504 1300
1015 267 378
267 378 1015
378 267 1015
1204 744 1281
1281 744 1204
744 1204 1281
334 47 995
995 47 334
47 334 995
355 597 918
597 355 918
918 355 597
79 182 1402
1402 79 182
182 79 1402
523 60 1319
1319 60 523
60 523 1319
205 1122 1390
1390 205 1122
1122 205 1390
1055 394 415
394 415 1055
415 394 1055
220 230 853
853 220 230
230 220 853
1053 445 1279
1279 445 1053
445 1053 1279
48 54 653
653 48 54
54 48 653
778 1016 1034
1016 778 1034
1034 778 1016
297 824 1160
1160 297 824
824 297 1160
409 854 1217
854 409 1217
1217 409 854
1499 941 1027
1027 941 1499
941 1027 1499
458 429 797
797 429 458
429 458 797
616 400 973
973 400 616
400 616 973
1191 153 1230
153 1191 1230
1230 153 1191
1200 466 1248
466 1200 1248
1248 466 1200
247 119 207
119 207 247
207 119 247
5 312 945
945 5 312
312 5 945
1483 256 928
256 928 1483
928 256 1483
10 595 1056
595 10 1056
1056 10 595
546 471 798
471 546 798
798 471 546
629 626 1487
626 629 1487
1487 626 629
539 630 872
630 539 872
872 539 630
159 357 1493
357 159 1493
1493 159 357
344 909 942
909 344 942
942 344 909
685 420 1206
1206 420 685
420 685 1206
397 194 556
194 397 556
556 194 397
1042 192 499
192 499 1042
499 192 1042
670 635 850
850 635 670
635 670 850
443 58 456
58 443 456
456 58 443
1004 294 1391
294 1004 1391
1391 294 1004
1216 917 1101
917 1101 1216
1101 917 1216
120 25 1436
25 120 1436
1436 25 120
255 212 862
212 255 862
862 212 255
1340 70 902
902 70 1340
70 902 1340
955 449 1075
449 955 1075
1075 449 955
87 1275 1418
1275 87 1418
1418 87 1275
768 1317 1318
1318 768 1317
1317 768 1318
896 610 663
663 610 896
610 663 896
1416 80 137
80 137 1416
137 80 1416
49 280 288
288 49 280
280 49 288
326 669 1228
669 326 1228
1228 326 669
559 484 735
484 559 735
735 484 559
612 346 1292
346 612 1292
1292 346 612
426 19 952
19 426 952
952 19 426
393 380 1087
1087 380 393
380 393 1087
243 658 1163
658 243 1163
1163 243 658
1337 3 1377
3 1337 1377
1377 3 1337
369 12 519
519 12 369
12 369 519
1323 638 753
753 638 1323
638 753 1323
673 548 906
548 673 906
906 548 673
925 35 1308
35 925 1308
1308 35 925
448 905 1256
905 448 1256
1256 448 905
163 254 1485
1485 163 254
254 163 1485
1115 474 844
474 844 1115
844 474 1115
1037 29 1469
29 1037 1469
1469 29 1037
625 891 1153
1153 625 891
891 625 1153
1404 1025 1382
1025 1382 1404
1382 1025 1404
177 661 752
661 177 752
752 177 661
1022 921 1398
1398 921 1022
921 1022 1398
601 235 1479
235 601 1479
1479 235 601
190 59 432
59 190 432
432 59 190
489 206 387
387 206 489
206 387 489
986 244 908
244 908 986
908 244 986
1283 1325 1482
1482 1283 1325
1325 1283 1482
1459 1140 1280
1140 1280 1459
1280 1140 1459
948 836 1370
836 948 1370
1370 836 948
1009 55 1365
55 1009 1365
1365 55 1009
503 490 988
988 490 503
490 503 988
990 533 1346
1346 533 990
533 990 1346
275 15 573
573 15 275
15 275 573
1333 1146 1165
1146 1165 1333
1165 1146 1333
1203 77 1179
77 1179 1203
1179 77 1203
651 109 517
517 109 651
109 517 651
6 114 1157
1157 6 114
114 6 1157
373 1255 1294
1294 373 1255
1255 373 1294
648 972 1321
1321 648 972
972 648 1321
931 149 756
149 756 931
756 149 931
1362 887 1213
1213 887 1362
887 1213 1362
225 407 1242
407 225 1242
1242 225 407
1441 495 946
495 946 1441
946 495 1441
461 795 1368
795 461 1368
1368 461 795
782 574 1218
574 782 1218
1218 574 782
531 158 1326
158 531 1326
1326 158 531
962 185 1492
185 962 1492
1492 185 962
1223 901 1079
901 1079 1223
1079 901 1223
743 1351 1438
1351 743 1438
1438 743 1351
90 347 1303
347 90 1303
1303 90 347
771 1060 1241
1241 771 1060
1060 771 1241
711 411 535
535 411 711
411 535 711
1236 374 1073
374 1073 1236
1073 374 1236
1067 134 763
134 763 1067
763 134 1067
695 693 801
693 695 801
801 693 695
1498 1043 1052
1052 1043 1498
1043 1052 1498
840 72 718
72 718 840
718 72 840
547 856 1078
856 547 1078
1078 547 856
1450 1039 1051
1051 1039 1450
1039 1051 1450
241 257 1156
257 241 1156
1156 241 257
733 399 722
722 399 733
399 722 733
808 93 438
438 93 808
93 438 808
689 416 684
684 416 689
416 684 689
482 708 1307
708 482 1307
1307 482 708
1008 1120 1379
1120 1008 1379
1379 1008 1120
8 142 1123
1123 8 142
142 8 1123
582 366 893
893 366 582
366 582 893
296 13 772
13 296 772
772 13 296
320 841 1229
841 320 1229
1229 320 841
994 330 1114
1114 330 994
330 994 1114
799 102 1445
102 799 1445
1445 102 799
417 42 1357
1357 42 417
42 417 1357
999 44 586
586 44 999
44 586 999
600 938 1125
938 600 1125
1125 600 938
1408 377 1344
1344 377 1408
377 1344 1408
960 796 1107
796 960 1107
1107 796 960
732 832 1304
1304 732 832
832 732 1304
492 391 1298
1298 391 492
391 492 1298
1171 451 916
916 451 1171
451 916 1171
1026 199 1158
1158 199 1026
199 1026 1158
150 715 1214
1214 150 715
715 150 1214
231 469 491
469 231 491
491 231 469
191 500 847
847 191 500
500 191 847
1373 106 915
106 915 1373
915 106 1373
290 210 431
431 210 290
210 290 431
1471 475 1423
475 1423 1471
1423 475 1471
277 1007 1257
1257 277 1007
1007 277 1257
675 115 1232
115 675 1232
1232 115 675
1040 265 1121
1121 265 1040
265 1040 1121
39 502 966
966 39 502
502 39 966
1023 473 1221
1221 473 1023
473 1023 1221
770 815 922
815 770 922
922 770 815
750 317 562
562 317 750
317 562 750
827 1145 1412
1145 827 1412
1412 827 1145
172 189 215
189 172 215
215 172 189
1364 1403 1426
1426 1364 1403
1403 1364 1426
493 699 852
852 493 699
699 493 852
806 36 991
991 36 806
36 806 991
1406 40 1491
40 1406 1491
1491 40 1406
303 1069 1352
1352 303 1069
1069 303 1352
731 775 1188
1188 731 775
775 731 1188
879 157 442
442 157 879
157 442 879
1385 542 701
701 542 1385
542 701 1385
404 406 1080
1080 404 406
406 404 1080
829 143 598
143 598 829
598 143 829
1254 642 819
819 642 1254
642 819 1254
1421 67 757
757 67 1421
67 757 1421
1481 170 427
170 427 1481
427 170 1481
631 460 1096
1096 460 631
460 631 1096
665 877 964
877 665 964
964 665 877
866 111 140
140 111 866
111 140 866
882 108 459
459 108 882
108 459 882
1240 314 1150
1150 314 1240
314 1150 1240
349 169 716
716 169 349
169 349 716
1070 100 245
245 100 1070
100 245 1070
1006 261 390
261 390 1006
390 261 1006
186 1220 1289
1220 186 1289
1289 186 1220
1054 110 219
110 219 1054
219 110 1054
1264 1035 1467
1035 1264 1467
1467 1035 1264
286 564 1384
1384 286 564
564 286 1384
605 558 1143
1143 558 605
558 605 1143
1148 486 524
486 524 1148
524 486 1148
1059 950 1320
950 1059 1320
1320 950 1059
983 700 1161
700 983 1161
1161 700 983
688 328 494
494 328 688
328 494 688
1284 45 645
45 645 1284
645 45 1284
551 1314 1427
1427 551 1314
1314 551 1427
46 525 678
525 46 678
678 46 525
383 1147 1190
1147 383 1190
1190 383 1147
676 936 971
936 676 971
971 676 936
1089 734 1243
1243 734 1089
734 1089 1243
27 213 389
213 27 389
389 27 213
1119 414 1152
1152 414 1119
414 1119 1152
151 822 1401
822 151 1401
1401 151 822
1071 644 1252
1252 644 1071
644 1071 1252
365 1013 1136
1013 365 1136
1136 365 1013
17 687 759
759 17 687
687 17 759
424 117 865
117 424 865
865 117 424
833 1174 1239
1239 833 1174
1174 833 1239
726 1072 1424
1424 726 1072
1072 726 1424
1271 453 1173
453 1173 1271
1173 453 1271
1029 809 958
809 958 1029
958 809 1029
454 939 1266
939 454 1266
1266 454 939
602 228 935
935 228 602
228 602 935
667 777 985
985 667 777
777 667 985
1137 593 1371
1371 593 1137
593 1137 1371
1296 622 1074
1074 622 1296
622 1074 1296
780 892 1149
1149 780 892
892 780 1149
628 498 818
818 498 628
498 628 818
229 82 776
776 82 229
82 229 776
1005 124 1489
124 1005 1489
1489 124 1005
1389 640 1478
640 1389 1478
1478 640 1389
1315 61 828
828 61 1315
61 828 1315
1178 291 706
291 706 1178
706 291 1178
860 33 585
585 33 860
33 585 860
1332 760 975
760 975 1332
975 760 1332
1105 287 855
287 855 1105
855 287 1105
1131 607 997
997 607 1131
607 997 1131
783 767 1301
1301 767 783
767 783 1301
1032 654 1420
1420 654 1032
654 1032 1420
1324 97 360
360 97 1324
97 360 1324
681 419 1135
419 681 1135
1135 419 681
1494 805 1126
805 1126 1494
1126 805 1494
57 534 1422
1422 57 534
534 57 1422
713 324 1193
1193 324 713
324 713 1193
1353 1018 1139
1139 1018 1353
1018 1139 1353
825 606 1496
1496 606 825
606 825 1496
1046 933 1260
933 1046 1260
1260 933 1046
671 506 1472
1472 506 671
506 671 1472
298 167 384
167 298 384
384 167 298
350 271 650
650 271 350
271 350 650
1155 641 807
641 807 1155
807 641 1155
560 50 637
637 50 560
50 560 637
1061 800 1183
800 1061 1183
1183 800 1061
222 930 1470
1470 222 930
930 222 1470
1297 147 1012
147 1012 1297
1012 147 1297
1020 957 1182
957 1020 1182
1182 957 1020
1175 437 1410
437 1175 1410
1410 437 1175
532 588 1044
1044 532 588
588 532 1044
878 919 1383
919 878 1383
1383 878 919
1405 567 1172
1172 567 1405
567 1172 1405
509 263 351
351 263 509
263 351 509
1316 69 863
69 863 1316
863 69 1316
99 362 1100
362 99 1100
1100 99 362
791 264 497
264 497 791
497 264 791
339 923 1306
923 339 1306
1306 339 923
75 680 741
741 75 680
680 75 741
536 789 926
789 536 926
926 536 789
1176 485 886
886 485 1176
485 886 1176
1086 1030 1244
1244 1030 1086
1030 1086 1244
180 440 1093
440 180 1093
1093 180 440
1461 216 321
321 216 1461
216 321 1461
1285 279 1358
279 1285 1358
1358 279 1285
694 478 1360
478 694 1360
1360 478 694
830 647 1138
1138 647 830
647 830 1138
1110 677 1395
677 1110 1395
1395 677 1110
1063 1010 1192
1192 1010 1063
1010 1063 1192
874 592 803
803 592 874
592 803 874
552 1258 1442
1258 552 1442
1442 552 1258
259 864 1349
864 259 1349
1349 259 864
557 353 435
353 435 557
435 353 557
341 31 356
31 341 356
356 31 341
580 161 812
812 161 580
161 580 812
1205 266 563
563 266 1205
266 563 1205
1293 570 1378
1378 570 1293
570 1293 1378
870 74 318
318 74 870
74 318 870
1195 381 748
748 381 1195
381 748 1195
1369 496 561
561 496 1369
496 561 1369
871 181 367
367 181 871
181 367 871
834 873 885
885 834 873
873 834 885
717 236 1041
1041 236 717
236 717 1041
224 370 1130
1130 224 370
370 224 1130
1312 68 1262
68 1262 1312
1262 68 1312
386 751 963
751 386 963
963 386 751
483 43 1497
1497 43 483
43 483 1497
890 63 421
421 63 890
63 421 890
165 103 1354
103 165 1354
1354 103 165
697 705 721
721 697 705
705 697 721
514 316 1331
1331 316 514
316 514 1331
875 41 1099
41 875 1099
1099 41 875
1342 246 505
505 246 1342
246 505 1342
816 105 889
105 816 889
889 105 816
814 835 1409
835 814 1409
1409 814 835
338 311 911
311 338 911
911 311 338
740 784 1031
1031 740 784
784 740 1031
980 947 992
992 947 980
947 980 992
883 1014 1367
1367 883 1014
1014 883 1367
133 372 1164
1164 133 372
372 133 1164
1322 333 447
333 447 1322
447 333 1322
325 762 858
858 325 762
762 325 858
465 183 899
183 465 899
899 183 465
305 912 1259
912 305 1259
1259 305 912
274 703 1021
703 274 1021
1021 274 703
359 358 913
358 359 913
913 358 359
1207 233 529
233 529 1207
529 233 1207
729 116 979
979 116 729
116 729 979
441 396 1127
1127 396 441
396 441 1127
268 1017 1049
1017 268 1049
1049 268 1017
581 299 361
299 361 581
361 299 581
1486 512 627
512 627 1486
627 512 1486
1432 745 1111
1111 745 1432
745 1111 1432
555 849 1001
849 555 1001
1001 555 849
794 739 1091
739 794 1091
1091 739 794
710 162 422
422 162 710
162 422 710
301 184 702
184 301 702
702 184 301
1435 71 176
176 71 1435
71 176 1435
932 430 1092
1092 430 932
430 932 1092
1355 125 467
125 467 1355
467 125 1355
123 217 537
217 123 537
537 123 217
1058 468 636
636 468 1058
468 636 1058
269 168 211
168 211 269
211 168 269
343 639 709
709 343 639
639 343 709
423 145 1251
145 423 1251
1251 145 423
308 249 260
260 249 308
249 260 308
1347 579 965
965 579 1347
579 965 1347
1336 37 719
37 719 1336
719 37 1336
1290 7 549
549 7 1290
7 549 1290
1267 527 846
527 846 1267
846 527 1267
613 929 1090
929 613 1090
1090 613 929
861 30 331
331 30 861
30 331 861
954 446 1050
446 954 1050
1050 446 954
981 1159 1465
1465 981 1159
1159 981 1465
1249 538 577
577 538 1249
538 577 1249
1434 943 967
943 967 1434
967 943 1434
679 470 1210
1210 470 679
470 679 1210
86 1245 1335
1245 86 1335
1335 86 1245
1066 121 738
121 738 1066
738 121 1066
544 412 1443
412 544 1443
1443 412 544
209 135 223
135 209 223
223 135 209
160 96 1334
1334 96 160
96 160 1334
166 65 1177
1177 65 166
65 166 1177
164 26 252
26 164 252
252 26 164
690 720 977
977 690 720
720 690 977
1466 282 322
322 282 1466
282 322 1466
1169 993 1197
1197 993 1169
993 1169 1197
603 335 1305
1305 335 603
335 603 1305
1134 270 1117
270 1117 1134
1117 270 1134
242 1181 1393
1181 242 1393
1393 242 1181
550 227 315
227 315 550
315 227 550
897 608 1024
1024 608 897
608 897 1024
904 327 1343
327 904 1343
1343 327 904
1463 554 1397
1397 554 1463
554 1397 1463
476 868 1440
1440 476 868
868 476 1440
1085 201 1437
201 1085 1437
1437 201 1085
1348 543 820
543 820 1348
820 543 1348
481 773 1113
773 481 1113
1113 481 773
248 250 888
250 248 888
888 248 250
452 712 1449
1449 452 712
712 452 1449
1311 1002 1088
1002 1088 1311
1088 1002 1311
755 568 728
728 568 755
568 728 755
132 623 1451
623 132 1451
1451 132 623
940 136 1198
1198 136 940
136 940 1198
1359 1233 1460
1233 1359 1460
1460 1233 1359
1112 643 1162
643 1112 1162
1162 643 1112
1102 92 1462
1462 92 1102
92 1102 1462
611 204 787
204 611 787
787 204 611
1196 609 1286
609 1196 1286
1286 609 1196
817 146 1194
1194 146 817
146 817 1194
1132 826 1106
1106 826 1132
826 1106 1132
1339 208 666
666 208 1339
208 666 1339
779 214 668
214 668 779
668 214 779
1000 477 619
477 619 1000
619 477 1000
895 998 1047
1047 895 998
998 895 1047
951 392 996
392 951 996
996 392 951
857 984 1381
984 857 1381
1381 857 984
1278 14 1291
1291 14 1278
14 1278 1291
1208 501 1484
1484 501 1208
501 1208 1484
1276 382 907
382 907 1276
907 382 1276
1068 1227 1446
1227 1068 1446
1446 1068 1227
968 144 1144
1144 144 968
144 968 1144
439 232 278
278 232 439
232 278 439
1448 672 1473
1473 672 1448
672 1448 1473
1361 786 848
786 848 1361
848 786 1361
1302 253 436
253 436 1302
436 253 1302
203 234 1476
1476 203 234
234 203 1476
1224 1237 1366
1237 1224 1366
1366 1224 1237
1453 1129 1199
1199 1129 1453
1129 1199 1453
1116 122 599
599 122 1116
122 599 1116
1299 657 1495
657 1299 1495
1495 657 1299
1003 401 1474
401 1003 1474
1474 401 1003
615 664 1328
664 615 1328
1328 615 664
457 696 1274
1274 457 696
696 457 1274
198 272 591
272 198 591
591 198 272
821 769 1094
1094 769 821
769 821 1094
1425 884 1447
884 1425 1447
1447 884 1425
1488 434 1288
434 1288 1488
1288 434 1488
765 754 1270
754 765 1270
1270 754 765
1 187 683
187 1 683
683 1 187
487 455 1212
1212 455 487
455 487 1212
66 959 976
959 66 976
976 66 959
521 418 575
418 521 575
575 418 521
1500 540 590
590 540 1500
540 590 1500
62 78 1468
78 62 1468
1468 62 78
927 118 662
662 118 927
118 662 927
553 156 402
156 402 553
402 156 553
1411 148 903
148 903 1411
903 148 1411
292 1033 1222
1222 292 1033
1033 292 1222
1415 1184 1454
1184 1415 1454
1454 1184 1415
894 289 450
289 450 894
450 289 894
843 880 1057
880 843 1057
1057 843 880
736 462 900
900 462 736
462 736 900
934 18 1141
1141 18 934
18 934 1141
837 2 989
2 837 989
989 2 837
1480 52 363
363 52 1480
52 363 1480
1452 309 766
309 766 1452
766 309 1452
1417 691 1250
1250 691 1417
691 1250 1417
237 313 571
571 237 313
313 237 571
1083 281 516
516 281 1083
281 516 1083
530 371 526
526 371 530
371 526 530
746 674 974
674 746 974
974 674 746
790 273 1263
1263 273 790
273 790 1263
1104 193 1098
1098 193 1104
193 1098 1104
1428 811 1265
811 1265 1428
1265 811 1428
85 395 1209
1209 85 395
395 85 1209
1225 88 1477
88 1225 1477
1477 88 1225
285 682 1433
1433 285 682
682 285 1433
178 179 1154
1154 178 179
179 178 1154
1108 620 1133
620 1108 1133
1133 620 1108
139 413 978
413 139 978
978 139 413
126 9 1414
1414 9 126
9 126 1414
1400 218 1309
1309 218 1400
218 1309 1400
28 284 332
284 28 332
332 28 284
364 569 944
569 364 944
944 364 569
659 1124 1399
1399 659 1124
1124 659 1399
813 340 1028
1028 340 813
340 813 1028
1439 152 1151
1151 152 1439
152 1151 1439
764 202 239
239 202 764
202 239 764
614 53 584
584 53 614
53 584 614
352 188 1142
1142 188 352
188 352 1142
761 403 463
463 403 761
403 463 761
1231 433 589
433 589 1231
589 433 1231
742 1247 1388
1388 742 1247
1247 742 1388
515 113 1456
113 515 1456
1456 113 515
1430 276 810
810 276 1430
276 810 1430
1062 804 1211
1211 804 1062
804 1062 1211
1455 956 1475
1475 956 1455
956 1455 1475
1310 56 949
949 56 1310
56 949 1310
1444 1081 1082
1081 1082 1444
1082 1081 1444
1219 127 348
127 348 1219
348 127 1219
725 698 1413
698 725 1413
1413 698 725
304 528 774
528 304 774
774 304 528
1396 32 171
32 171 1396
171 32 1396
240 618 1167
1167 240 618
618 240 1167
238 1215 1350
1215 238 1350
1350 238 1215
1235 95 1407
95 1235 1407
1407 95 1235
792 329 898
898 329 792
329 792 898
1180 175 704
704 175 1180
175 704 1180
1084 319 578
319 578 1084
578 319 1084
624 302 1128
302 624 1128
1128 302 624
1338 576 920
920 576 1338
576 920 1338
310 379 1380
1380 310 379
379 310 1380
