14563 7025 7701
7025 7701 14563
7701 7025 14563
3141 6672 11225
6672 3141 11225
11225 3141 6672
3572 793 9853
9853 793 3572
793 3572 9853
1341 1533 2956
2956 1341 1533
1533 1341 2956
14298 7265 14008
14008 7265 14298
7265 14008 14298
9797 866 10503
866 9797 10503
10503 866 9797
10357 1680 3872
3872 1680 10357
1680 3872 10357
13034 4986 10469
4986 10469 13034
10469 4986 13034
13643 9508 12834
12834 9508 13643
9508 12834 13643
13730 1464 10641
1464 10641 13730
10641 1464 13730
12581 2466 12704
12704 2466 12581
2466 12581 12704
12424 7410 9674
7410 9674 12424
9674 7410 12424
7614 2972 12378
2972 7614 12378
12378 2972 7614
13523 1224 8278
1224 8278 13523
8278 1224 13523
11944 4296 8982
4296 8982 11944
8982 4296 11944
5118 7132 12929
7132 5118 12929
12929 5118 7132
4953 11215 12994
11215 4953 12994
12994 4953 11215
2892 5227 8584
8584 2892 5227
5227 2892 8584
192 5078 7200
5078 192 7200
7200 192 5078
8647 360 7714
7714 360 8647
360 7714 8647
12617 871 13626
13626 871 12617
871 12617 13626
13615 2505 3471
2505 3471 13615
3471 2505 13615
13882 9887 10457
9887 10457 13882
10457 9887 13882
9603 9883 11893
11893 9603 9883
9883 9603 11893
11299 2769 3252
3252 2769 11299
2769 3252 11299
4450 6364 7343
6364 4450 7343
7343 4450 6364
6952 2793 7416
7416 2793 6952
2793 6952 7416
2323 1725 10922
1725 2323 10922
10922 1725 2323
4751 7658 11645
7658 4751 11645
11645 4751 7658
3770 1194 10267
10267 1194 3770
1194 3770 10267
7648 14042 14622
14622 7648 14042
14042 7648 14622
11429 4150 6817
4150 6817 11429
6817 4150 11429
14910 1930 12821
12821 1930 14910
1930 12821 14910
7537 292 8090
8090 292 7537
292 7537 8090
9637 7063 7304
7304 7063 9637
7063 7304 9637
12067 10255 13748
10255 12067 13748
13748 10255 12067
638 4792 13042
4792 638 13042
13042 638 4792
5847 9217 13693
13693 5847 9217
9217 5847 13693
9358 3886 4152
3886 4152 9358
4152 3886 9358
4481 10388 11555
10388 4481 11555
11555 4481 10388
2678 6009 9634
9634 2678 6009
6009 2678 9634
11343 6405 11780
11780 6405 11343
6405 11343 11780
5593 7320 13194
13194 5593 7320
7320 5593 13194
1283 6209 14335
14335 1283 6209
6209 1283 14335
6601 8570 11269
11269 6601 8570
8570 6601 11269
12745 10917 12407
12407 10917 12745
10917 12407 12745
4062 4905 11286
4905 4062 11286
11286 4062 4905
2843 9615 10591
9615 2843 10591
10591 2843 9615
6938 2752 5556
5556 2752 6938
2752 5556 6938
3019 1005 1079
1005 1079 3019
1079 1005 3019
5923 3918 12044
12044 3918 5923
3918 5923 12044
6787 3095 8030
3095 6787 8030
8030 3095 6787
3438 8172 9304
9304 3438 8172
8172 3438 9304
10906 4434 14077
4434 10906 14077
14077 4434 10906
2319 1434 12716
1434 2319 12716
12716 1434 2319
2115 1626 14686
14686 1626 2115
1626 2115 14686
7890 5938 7019
7019 5938 7890
5938 7019 7890
14885 1169 5833
5833 1169 14885
1169 5833 14885
5011 7991 8178
7991 5011 8178
8178 5011 7991
12991 581 6164
6164 581 12991
581 6164 12991
8423 1894 8141
1894 8141 8423
8141 1894 8423
9082 11329 13609
11329 9082 13609
13609 9082 11329
14863 29 5320
29 5320 14863
5320 29 14863
14414 5159 14483
5159 14414 14483
14483 5159 14414
3621 4074 4412
4412 3621 4074
4074 3621 4412
13038 1834 4778
4778 1834 13038
1834 4778 13038
7716 4082 13675
4082 7716 13675
13675 4082 7716
11567 10956 12829
10956 11567 12829
12829 10956 11567
4936 7331 11710
7331 4936 11710
11710 4936 7331
8184 8091 8646
8646 8091 8184
8091 8184 8646
5425 8187 14159
14159 5425 8187
8187 5425 14159
878 4159 13706
13706 878 4159
4159 878 13706
13261 890 10822
10822 890 13261
890 10822 13261
505 5183 8259
8259 505 5183
5183 505 8259
10815 2362 8780
8780 2362 10815
2362 8780 10815
13506 832 9203
832 9203 13506
9203 832 13506
8912 9960 13459
13459 8912 9960
9960 8912 13459
4310 1099 6021
6021 1099 4310
1099 4310 6021
11962 9121 14918
9121 11962 14918
14918 9121 11962
10111 1121 10630
1121 10111 10630
10630 1121 10111
4347 480 11405
11405 480 4347
480 4347 11405
10992 1148 1479
1479 1148 10992
1148 1479 10992
2446 30 14177
14177 30 2446
30 2446 14177
11997 1751 11197
11197 1751 11997
1751 11197 11997
7985 1265 9967
1265 7985 9967
9967 1265 7985
14730 386 4743
386 4743 14730
4743 386 14730
8168 8574 8719
8574 8168 8719
8719 8168 8574
7823 8308 14199
8308 7823 14199
14199 7823 8308
76 10819 14120
10819 76 14120
14120 76 10819
14366 3307 5211
5211 3307 14366
3307 5211 14366
10083 6321 14293
14293 6321 10083
6321 10083 14293
12766 1535 6750
6750 1535 12766
1535 6750 12766
9835 6654 6783
6654 6783 9835
6783 6654 9835
995 11355 11717
11355 995 11717
11717 995 11355
839 4524 7673
4524 839 7673
7673 839 4524
7832 1558 2023
1558 2023 7832
2023 1558 7832
13089 5668 12943
5668 12943 13089
12943 5668 13089
6901 10168 10249
10249 6901 10168
10168 6901 10249
5062 9160 14497
9160 5062 14497
14497 5062 9160
8696 1995 3643
1995 3643 8696
3643 1995 8696
6203 7289 11965
11965 6203 7289
7289 6203 11965
13918 4837 9578
9578 4837 13918
4837 9578 13918
9948 8602 11457
11457 8602 9948
8602 9948 11457
11031 2183 10578
10578 2183 11031
2183 10578 11031
10719 10204 12009
10204 10719 12009
12009 10204 10719
12927 11748 12436
12436 11748 12927
11748 12436 12927
11668 8110 12717
8110 11668 12717
12717 8110 11668
14426 4348 8376
8376 4348 14426
4348 8376 14426
10891 154 10597
154 10597 10891
10597 154 10891
5280 84 5683
84 5280 5683
5683 84 5280
10758 5302 8325
8325 5302 10758
5302 8325 10758
13802 2702 6941
2702 6941 13802
6941 2702 13802
10658 9557 12663
9557 10658 12663
12663 9557 10658
8354 5025 11733
5025 8354 11733
11733 5025 8354
3589 2528 7471
7471 2528 3589
2528 3589 7471
8755 3858 11781
11781 3858 8755
3858 8755 11781
8587 2562 9315
9315 2562 8587
2562 8587 9315
1049 3173 3615
3615 1049 3173
3173 1049 3615
6653 8514 11467
8514 6653 11467
11467 6653 8514
3714 3759 13296
13296 3714 3759
3759 3714 13296
4886 2064 8282
2064 4886 8282
8282 2064 4886
350 2430 7340
2430 350 7340
7340 350 2430
584 7961 8208
7961 584 8208
8208 584 7961
214 5865 11480
11480 214 5865
5865 214 11480
14859 8964 10903
10903 8964 14859
8964 10903 14859
7811 1979 6542
6542 1979 7811
1979 6542 7811
10993 4723 11381
4723 10993 11381
11381 4723 10993
11367 11615 13808
13808 11367 11615
11615 11367 13808
1181 5361 11127
5361 1181 11127
11127 1181 5361
4840 248 11388
248 4840 11388
11388 248 4840
4645 8969 9001
8969 4645 9001
9001 4645 8969
6944 7780 14476
14476 6944 7780
7780 6944 14476
10729 6720 12742
12742 6720 10729
6720 10729 12742
4712 10104 12188
10104 4712 12188
12188 4712 10104
7224 11550 12619
12619 7224 11550
11550 7224 12619
1130 410 846
410 846 1130
846 410 1130
351 358 14516
14516 351 358
358 351 14516
9730 8591 9860
9860 8591 9730
8591 9730 9860
3099 4302 6508
6508 3099 4302
4302 3099 6508
14061 8721 10704
8721 10704 14061
10704 8721 14061
3791 7430 13474
13474 3791 7430
7430 3791 13474
8015 2050 4134
2050 4134 8015
4134 2050 8015
953 110 1395
1395 110 953
110 953 1395
8292 8579 9658
9658 8292 8579
8579 8292 9658
5077 8355 12620
12620 5077 8355
8355 5077 12620
6565 6249 14191
6249 6565 14191
14191 6249 6565
8472 5654 14695
14695 5654 8472
5654 8472 14695
13826 6596 9976
9976 6596 13826
6596 9976 13826
8243 8678 10981
10981 8243 8678
8678 8243 10981
10310 5308 8745
8745 5308 10310
5308 8745 10310
3544 7495 7790
7790 3544 7495
7495 3544 7790
13787 3955 9762
3955 9762 13787
9762 3955 13787
264 2904 13503
2904 264 13503
13503 264 2904
2051 6276 9110
6276 2051 9110
9110 2051 6276
10502 2247 9646
2247 9646 10502
9646 2247 10502
14429 1266 4394
1266 4394 14429
4394 1266 14429
1247 9093 11297
11297 1247 9093
9093 1247 11297
6438 9098 12721
9098 6438 12721
12721 6438 9098
1969 2406 8899
8899 1969 2406
2406 1969 8899
2776 5599 14702
5599 2776 14702
14702 2776 5599
10807 3040 3861
3040 3861 10807
3861 3040 10807
7721 4714 7884
4714 7721 7884
7884 4714 7721
10321 5358 9099
5358 9099 10321
9099 5358 10321
1415 3204 6692
6692 1415 3204
3204 1415 6692
6181 8795 11425
8795 6181 11425
11425 6181 8795
4282 2755 2996
2755 2996 4282
2996 2755 4282
4516 7169 14583
14583 4516 7169
7169 4516 14583
5627 184 6848
6848 184 5627
184 5627 6848
10931 1518 7464
7464 1518 10931
1518 7464 10931
8996 5471 8781
8781 5471 8996
5471 8781 8996
12913 3370 7254
3370 7254 12913
7254 3370 12913
2426 12634 13091
12634 2426 13091
13091 2426 12634
1844 10402 14980
10402 1844 14980
14980 1844 10402
341 3742 10748
3742 341 10748
10748 341 3742
5695 556 5054
5054 556 5695
556 5054 5695
14839 3669 8161
8161 3669 14839
3669 8161 14839
2160 5944 9433
9433 2160 5944
5944 2160 9433
3189 12109 14376
14376 3189 12109
12109 3189 14376
11485 1274 14983
1274 11485 14983
14983 1274 11485
13975 1961 14322
1961 13975 14322
14322 1961 13975
7793 5125 6909
5125 6909 7793
6909 5125 7793
4331 5383 10801
5383 4331 10801
10801 4331 5383
14160 9487 13677
9487 13677 14160
13677 9487 14160
10762 7928 13010
7928 10762 13010
13010 7928 10762
12267 1737 12492
1737 12267 12492
12492 1737 12267
5760 1459 12734
12734 1459 5760
1459 5760 12734
5801 7012 13079
7012 5801 13079
13079 5801 7012
6250 2971 8331
8331 2971 6250
2971 6250 8331
5348 4861 9676
9676 4861 5348
4861 5348 9676
7681 2875 3660
3660 2875 7681
2875 3660 7681
10580 2619 12150
12150 2619 10580
2619 10580 12150
14662 1793 5858
5858 1793 14662
1793 5858 14662
3215 6754 10013
10013 3215 6754
6754 3215 10013
2342 1119 12105
12105 1119 2342
1119 2342 12105
10405 7479 9298
9298 7479 10405
7479 9298 10405
14810 845 14577
14577 845 14810
845 14577 14810
1295 2790 5898
2790 1295 5898
5898 1295 2790
9559 12389 13648
13648 9559 12389
12389 9559 13648
4042 11080 13895
11080 4042 13895
13895 4042 11080
7184 1118 6216
6216 1118 7184
1118 6216 7184
572 9747 10774
10774 572 9747
9747 572 10774
11011 7124 11431
7124 11011 11431
11431 7124 11011
12146 4177 5964
5964 4177 12146
4177 5964 12146
14220 6862 12333
6862 12333 14220
12333 6862 14220
1107 45 10999
45 1107 10999
10999 45 1107
4354 9258 9379
9258 4354 9379
9379 4354 9258
608 10477 13087
13087 608 10477
10477 608 13087
636 1120 5430
1120 636 5430
5430 636 1120
3587 639 9178
9178 639 3587
639 3587 9178
13822 4546 7201
4546 7201 13822
7201 4546 13822
4255 3356 13334
13334 3356 4255
3356 4255 13334
5379 246 5736
246 5379 5736
5736 246 5379
12372 6232 11784
11784 6232 12372
6232 11784 12372
13420 208 9399
208 9399 13420
9399 208 13420
7152 4887 6967
4887 6967 7152
6967 4887 7152
10222 9393 12879
9393 10222 12879
12879 9393 10222
5632 9212 10552
9212 5632 10552
10552 5632 9212
9678 8177 11932
8177 9678 11932
11932 8177 9678
3256 763 10796
10796 763 3256
763 3256 10796
1897 14135 14311
14135 1897 14311
14311 1897 14135
392 8933 12778
12778 392 8933
8933 392 12778
13969 5903 14342
5903 13969 14342
14342 5903 13969
9594 525 4414
525 4414 9594
4414 525 9594
5566 6427 9661
6427 5566 9661
9661 5566 6427
7696 8043 12286
12286 7696 8043
8043 7696 12286
3657 2529 11797
2529 3657 11797
11797 2529 3657
11866 668 3138
668 3138 11866
3138 668 11866
12471 5416 14088
14088 5416 12471
5416 12471 14088
10860 5203 6255
5203 6255 10860
6255 5203 10860
11903 7745 8749
7745 8749 11903
8749 7745 11903
182 2238 11546
11546 182 2238
2238 182 11546
2225 5376 9568
5376 2225 9568
9568 2225 5376
7532 12329 12945
12329 7532 12945
12945 7532 12329
7521 6607 12970
6607 7521 12970
12970 6607 7521
1790 4427 12219
12219 1790 4427
4427 1790 12219
10521 772 13588
772 10521 13588
13588 772 10521
1176 14101 14202
14101 1176 14202
14202 1176 14101
6741 7861 14807
14807 6741 7861
7861 6741 14807
6393 5615 6835
6835 5615 6393
5615 6393 6835
5048 1237 12586
12586 1237 5048
1237 5048 12586
6676 2855 13344
2855 6676 13344
13344 2855 6676
11358 1508 12729
12729 1508 11358
1508 11358 12729
9141 2468 14561
2468 9141 14561
14561 2468 9141
6949 10635 13606
10635 6949 13606
13606 6949 10635
4632 8742 11761
8742 4632 11761
11761 4632 8742
13742 9576 12102
12102 9576 13742
9576 12102 13742
6375 746 2534
746 2534 6375
2534 746 6375
14990 4836 7244
4836 7244 14990
7244 4836 14990
11762 1368 6794
6794 1368 11762
1368 6794 11762
3108 3330 5138
5138 3108 3330
3330 3108 5138
7603 2081 9898
2081 7603 9898
9898 2081 7603
620 2010 11369
11369 620 2010
2010 620 11369
6543 2201 7554
2201 6543 7554
7554 2201 6543
5509 8274 13762
13762 5509 8274
8274 5509 13762
11456 10115 10464
10464 10115 11456
10115 10464 11456
13680 10361 12054
12054 10361 13680
10361 12054 13680
5647 4566 7845
7845 4566 5647
4566 5647 7845
9027 12983 13513
12983 9027 13513
13513 9027 12983
12832 5079 14878
5079 12832 14878
14878 5079 12832
8268 3435 7911
7911 3435 8268
3435 7911 8268
2569 4798 9519
9519 2569 4798
4798 2569 9519
1865 8106 8353
8106 1865 8353
8353 1865 8106
826 427 10989
10989 427 826
427 826 10989
14314 565 11184
565 11184 14314
11184 565 14314
5277 1097 3140
1097 3140 5277
3140 1097 5277
3400 7934 12671
7934 3400 12671
12671 3400 7934
3375 3127 13925
13925 3127 3375
3127 3375 13925
13076 3873 5335
3873 5335 13076
5335 3873 13076
8571 5997 6391
5997 6391 8571
6391 5997 8571
7452 10653 14955
10653 7452 14955
14955 7452 10653
11627 6472 7502
7502 6472 11627
6472 7502 11627
5527 3336 13452
13452 3336 5527
3336 5527 13452
7027 3610 10885
10885 3610 7027
3610 7027 10885
12658 11153 13835
13835 11153 12658
11153 12658 13835
8700 4070 5366
5366 4070 8700
4070 5366 8700
1135 3887 11553
3887 1135 11553
11553 1135 3887
3752 1688 2668
1688 2668 3752
2668 1688 3752
5493 1733 14383
1733 5493 14383
14383 1733 5493
9581 3494 11477
11477 3494 9581
3494 9581 11477
11882 1400 1672
1400 1672 11882
1672 1400 11882
7000 4918 5148
4918 5148 7000
5148 4918 7000
4737 139 10559
139 4737 10559
10559 139 4737
10303 2604 11516
11516 2604 10303
2604 10303 11516
2243 8201 13398
13398 2243 8201
8201 2243 13398
4315 2025 2765
2765 2025 4315
2025 2765 4315
2513 4254 8020
4254 2513 8020
8020 2513 4254
7353 4726 8987
8987 4726 7353
4726 7353 8987
3446 1575 7445
1575 3446 7445
7445 1575 3446
12774 9306 11131
9306 11131 12774
11131 9306 12774
6306 11069 11461
11069 6306 11461
11461 6306 11069
14744 5286 14136
5286 14136 14744
14136 5286 14744
14010 6600 8815
6600 8815 14010
8815 6600 14010
14720 7512 8499
7512 8499 14720
8499 7512 14720
5885 8148 11119
8148 5885 11119
11119 5885 8148
742 7332 7404
7332 742 7404
7404 742 7332
11729 2974 3001
3001 2974 11729
2974 3001 11729
689 6577 8883
8883 689 6577
6577 689 8883
13964 9867 12706
9867 12706 13964
12706 9867 13964
7670 8870 9427
9427 7670 8870
8870 7670 9427
4328 7317 11530
11530 4328 7317
7317 4328 11530
10929 665 11833
665 10929 11833
11833 665 10929
822 8640 12725
12725 822 8640
8640 822 12725
11318 1324 9247
1324 9247 11318
9247 1324 11318
7389 1319 8976
8976 1319 7389
1319 7389 8976
3578 13175 14689
13175 3578 14689
14689 3578 13175
12590 675 10888
675 10888 12590
10888 675 12590
3269 318 12900
318 3269 12900
12900 318 3269
931 12174 14390
12174 931 14390
14390 931 12174
3598 8005 10413
8005 3598 10413
10413 3598 8005
6462 9713 12081
12081 6462 9713
9713 6462 12081
8320 2610 4109
4109 2610 8320
2610 4109 8320
1278 6110 12447
12447 1278 6110
6110 1278 12447
11544 1403 2934
2934 1403 11544
1403 2934 11544
8138 6273 9454
6273 8138 9454
9454 6273 8138
5460 1537 11462
1537 5460 11462
11462 1537 5460
1579 11931 13637
11931 1579 13637
13637 1579 11931
12481 6975 8234
6975 8234 12481
8234 6975 12481
8367 6264 7466
7466 6264 8367
6264 7466 8367
4407 3831 14464
14464 3831 4407
3831 4407 14464
2533 3623 5223
5223 2533 3623
3623 2533 5223
10718 2024 3525
2024 3525 10718
3525 2024 10718
1458 879 9986
9986 879 1458
879 1458 9986
8312 8661 13998
8661 8312 13998
13998 8312 8661
13881 9569 9690
9690 9569 13881
9569 9690 13881
12696 2357 4340
4340 2357 12696
2357 4340 12696
7083 9504 10242
10242 7083 9504
9504 7083 10242
4468 4826 14570
4826 4468 14570
14570 4468 4826
3790 5193 11060
5193 3790 11060
11060 3790 5193
12190 9033 13558
9033 12190 13558
13558 9033 12190
6455 7666 12414
7666 6455 12414
12414 6455 7666
5104 2684 12252
2684 5104 12252
12252 2684 5104
14284 3804 7413
3804 7413 14284
7413 3804 14284
12160 5110 12162
5110 12160 12162
12162 5110 12160
4488 1156 2321
2321 1156 4488
1156 2321 4488
592 3839 11446
3839 592 11446
11446 592 3839
12589 3229 10979
3229 10979 12589
10979 3229 12589
2332 4186 12169
4186 2332 12169
12169 2332 4186
5823 13110 13136
13110 5823 13136
13136 5823 13110
11233 3452 8776
3452 8776 11233
8776 3452 11233
13911 12907 13791
12907 13791 13911
13791 12907 13911
973 7242 11271
7242 973 11271
11271 973 7242
14712 10550 12833
12833 10550 14712
10550 12833 14712
11541 9859 12864
9859 11541 12864
12864 9859 11541
6042 6464 10373
10373 6042 6464
6464 6042 10373
3811 250 12237
250 3811 12237
12237 250 3811
12177 8405 9541
8405 9541 12177
9541 8405 12177
2056 2449 11610
11610 2056 2449
2449 2056 11610
11637 7944 10184
7944 10184 11637
10184 7944 11637
10926 9553 14474
9553 10926 14474
14474 9553 10926
7421 11158 12683
12683 7421 11158
11158 7421 12683
6152 5386 14933
5386 6152 14933
14933 5386 6152
7159 1520 9824
9824 1520 7159
1520 7159 9824
12068 1257 13470
13470 1257 12068
1257 12068 13470
4549 5696 8855
8855 4549 5696
5696 4549 8855
1430 3650 5888
5888 1430 3650
3650 1430 5888
2242 9210 14258
14258 2242 9210
9210 2242 14258
14581 13614 14012
14012 13614 14581
13614 14012 14581
12277 2665 12031
2665 12031 12277
12031 2665 12277
9561 2777 6461
2777 6461 9561
6461 2777 9561
52 3224 14773
14773 52 3224
3224 52 14773
3157 2584 12804
12804 2584 3157
2584 3157 12804
7108 11697 12084
12084 7108 11697
11697 7108 12084
8257 6212 12344
6212 8257 12344
12344 6212 8257
8212 7460 9314
9314 7460 8212
7460 8212 9314
1747 1196 10857
10857 1196 1747
1196 1747 10857
998 5533 7910
5533 998 7910
7910 998 5533
12529 2273 8729
8729 2273 12529
2273 8729 12529
10786 902 10690
902 10690 10786
10690 902 10786
7433 2061 13728
13728 2061 7433
2061 7433 13728
14734 12196 14511
14511 12196 14734
12196 14511 14734
4598 2169 10793
10793 2169 4598
2169 4598 10793
5180 1870 7778
1870 5180 7778
7778 1870 5180
759 6443 11424
11424 759 6443
6443 759 11424
13944 4892 6547
4892 6547 13944
6547 4892 13944
3343 11942 13246
11942 3343 13246
13246 3343 11942
13054 3655 7828
7828 3655 13054
3655 7828 13054
8266 4191 9389
4191 8266 9389
9389 4191 8266
12536 900 4190
4190 900 12536
900 4190 12536
6080 3964 11054
3964 6080 11054
11054 3964 6080
4430 89 11693
89 4430 11693
11693 89 4430
14221 2940 8350
8350 2940 14221
2940 8350 14221
74 5135 12744
12744 74 5135
5135 74 12744
3935 716 12371
716 3935 12371
12371 716 3935
390 5289 6707
5289 390 6707
6707 390 5289
1262 10898 13594
13594 1262 10898
10898 1262 13594
9530 5958 6899
5958 6899 9530
6899 5958 9530
13864 4593 12988
4593 12988 13864
12988 4593 13864
14126 3042 10370
3042 10370 14126
10370 3042 14126
1394 1572 3694
1572 1394 3694
3694 1394 1572
1360 10188 11519
11519 1360 10188
10188 1360 11519
7248 2241 3314
3314 2241 7248
2241 3314 7248
3619 1596 13919
13919 1596 3619
1596 3619 13919
7003 6095 14696
14696 6095 7003
6095 7003 14696
12593 5829 8841
5829 8841 12593
8841 5829 12593
12956 2292 4448
4448 2292 12956
2292 4448 12956
8009 2577 6687
2577 6687 8009
6687 2577 8009
10775 5329 12812
5329 10775 12812
12812 5329 10775
7983 3005 10171
3005 7983 10171
10171 3005 7983
11363 8496 8607
8607 8496 11363
8496 8607 11363
13423 4400 10213
4400 10213 13423
10213 4400 13423
9348 4475 5895
4475 5895 9348
5895 4475 9348
8031 5022 6554
6554 5022 8031
5022 6554 8031
12448 7296 7839
7839 7296 12448
7296 7839 12448
10772 893 13627
13627 893 10772
893 10772 13627
13395 305 5536
305 5536 13395
5536 305 13395
10065 9803 12575
12575 9803 10065
9803 10065 12575
2304 3030 13218
3030 2304 13218
13218 2304 3030
11291 13332 14915
13332 11291 14915
14915 11291 13332
11581 4460 14984
4460 11581 14984
14984 4460 11581
3456 1483 12050
12050 1483 3456
1483 3456 12050
9786 8703 13116
8703 9786 13116
13116 8703 9786
13327 2110 8418
8418 2110 13327
2110 8418 13327
9224 8467 13920
13920 8467 9224
8467 9224 13920
10160 3139 12271
3139 10160 12271
12271 3139 10160
10691 7955 12645
7955 10691 12645
12645 7955 10691
14047 399 4842
399 4842 14047
4842 399 14047
7605 7740 12112
7740 7605 12112
12112 7605 7740
4554 5426 10443
10443 4554 5426
5426 4554 10443
13636 4086 10215
10215 4086 13636
4086 10215 13636
8037 6727 6869
6869 6727 8037
6727 6869 8037
7912 3451 8576
3451 7912 8576
8576 3451 7912
8323 10237 10939
10939 8323 10237
10237 8323 10939
2157 1015 9124
9124 1015 2157
1015 2157 9124
2272 12923 13957
12923 2272 13957
13957 2272 12923
14132 7354 8435
8435 7354 14132
7354 8435 14132
9626 13430 14407
13430 9626 14407
14407 9626 13430
2127 8677 13358
13358 2127 8677
8677 2127 13358
1594 9325 13613
9325 1594 13613
13613 1594 9325
6837 3600 11953
11953 3600 6837
3600 6837 11953
11970 3160 14481
3160 11970 14481
14481 3160 11970
1634 988 12691
988 1634 12691
12691 988 1634
12980 4399 12346
4399 12346 12980
12346 4399 12980
5171 11469 14409
11469 5171 14409
14409 5171 11469
17 1127 7302
7302 17 1127
1127 17 7302
12546 4232 4539
4539 4232 12546
4232 4539 12546
13689 3315 14865
14865 3315 13689
3315 13689 14865
7805 2804 6401
6401 2804 7805
2804 6401 7805
812 1470 2894
2894 812 1470
1470 812 2894
3305 1542 5026
1542 3305 5026
5026 1542 3305
7260 2638 7044
2638 7044 7260
7044 2638 7260
982 7756 12359
12359 982 7756
7756 982 12359
11422 2133 9934
9934 2133 11422
2133 9934 11422
12767 2310 13365
13365 2310 12767
2310 12767 13365
8190 2539 11923
2539 8190 11923
11923 2539 8190
10355 4944 14380
4944 10355 14380
14380 4944 10355
6463 2223 12246
2223 6463 12246
12246 2223 6463
14477 5866 7443
5866 7443 14477
7443 5866 14477
14326 12598 12911
12911 12598 14326
12598 12911 14326
8989 5446 13817
5446 8989 13817
13817 5446 8989
1315 13032 14697
13032 1315 14697
14697 1315 13032
14731 4002 6145
6145 4002 14731
4002 6145 14731
4474 5373 6857
5373 4474 6857
6857 4474 5373
5612 6502 13109
13109 5612 6502
6502 5612 13109
9143 10178 12197
10178 9143 12197
12197 9143 10178
7411 1222 9088
1222 7411 9088
9088 1222 7411
781 5925 8501
8501 781 5925
5925 781 8501
3658 4884 8083
8083 3658 4884
4884 3658 8083
2781 5616 10590
5616 2781 10590
10590 2781 5616
13553 2396 12730
12730 2396 13553
2396 12730 13553
7913 3067 9172
3067 7913 9172
9172 3067 7913
4529 1065 14540
14540 1065 4529
1065 4529 14540
7183 9479 12710
9479 7183 12710
12710 7183 9479
8322 2522 9643
2522 8322 9643
9643 2522 8322
841 6016 10163
10163 841 6016
6016 841 10163
8071 2893 3528
2893 3528 8071
3528 2893 8071
13274 1997 2200
2200 1997 13274
1997 2200 13274
6287 1326 10611
10611 1326 6287
1326 6287 10611
13451 1663 4058
1663 4058 13451
4058 1663 13451
5164 4136 10430
4136 5164 10430
10430 4136 5164
10990 1998 11053
11053 1998 10990
1998 10990 11053
14133 1393 5798
1393 5798 14133
5798 1393 14133
11774 284 8363
284 8363 11774
8363 284 11774
11041 6388 7475
6388 7475 11041
7475 6388 11041
1933 2774 4763
2774 1933 4763
4763 1933 2774
3625 3932 7625
3932 3625 7625
7625 3625 3932
8121 11222 11755
11222 8121 11755
11755 8121 11222
13142 9895 13807
13807 9895 13142
9895 13142 13807
10139 2948 12055
12055 2948 10139
2948 10139 12055
12182 10482 10617
10617 10482 12182
10482 10617 12182
14934 9372 10519
9372 10519 14934
10519 9372 14934
5051 7546 12482
12482 5051 7546
7546 5051 12482
155 3316 12403
12403 155 3316
3316 155 12403
12323 14590 14889
14889 12323 14590
14590 12323 14889
5212 3039 4517
3039 4517 5212
4517 3039 5212
5986 13556 14759
13556 5986 14759
14759 5986 13556
9117 601 6184
6184 601 9117
601 6184 9117
13169 3038 13213
13213 3038 13169
3038 13169 13213
654 3051 8398
8398 654 3051
3051 654 8398
6682 5070 8256
8256 5070 6682
5070 6682 8256
10833 6769 14922
14922 6769 10833
6769 10833 14922
159 4660 10745
10745 159 4660
4660 159 10745
14069 6347 14779
6347 14069 14779
14779 6347 14069
8539 3882 5024
5024 3882 8539
3882 5024 8539
2542 2233 8937
8937 2233 2542
2233 2542 8937
2764 6903 7506
7506 2764 6903
6903 2764 7506
9659 2415 7297
7297 2415 9659
2415 7297 9659
132 13644 14034
14034 132 13644
13644 132 14034
1898 2572 12099
12099 1898 2572
2572 1898 12099
7611 10670 10834
10670 7611 10834
10834 7611 10670
6154 623 14216
14216 623 6154
623 6154 14216
14038 5421 14876
14876 5421 14038
5421 14038 14876
9255 3509 7843
3509 7843 9255
7843 3509 9255
6872 4256 10507
4256 6872 10507
10507 4256 6872
3721 4383 9586
4383 3721 9586
9586 3721 4383
8183 3573 10808
3573 8183 10808
10808 3573 8183
9413 11342 13780
11342 9413 13780
13780 9413 11342
1021 6552 12458
12458 1021 6552
6552 1021 12458
1570 4993 13341
13341 1570 4993
4993 1570 13341
8971 2473 11487
2473 8971 11487
11487 2473 8971
10708 4708 5047
4708 5047 10708
5047 4708 10708
3119 9772 13642
13642 3119 9772
9772 3119 13642
10450 599 1686
599 1686 10450
1686 599 10450
3596 7426 9126
9126 3596 7426
7426 3596 9126
12425 6778 7593
7593 6778 12425
6778 7593 12425
2048 9432 12993
9432 2048 12993
12993 2048 9432
4542 4075 5943
5943 4075 4542
4075 4542 5943
417 3396 6214
6214 417 3396
3396 417 6214
13933 11003 13872
11003 13872 13933
13872 11003 13933
4336 5703 12818
5703 4336 12818
12818 4336 5703
3991 6195 7707
7707 3991 6195
6195 3991 7707
1025 7543 13841
13841 1025 7543
7543 1025 13841
14661 436 7440
436 7440 14661
7440 436 14661
702 5085 7891
7891 702 5085
5085 702 7891
11981 10648 11108
11108 10648 11981
10648 11108 11981
10282 5202 5874
5874 5202 10282
5202 5874 10282
5 5448 12123
5448 5 12123
12123 5 5448
8656 1547 7052
1547 7052 8656
7052 1547 8656
14049 3418 14149
14149 3418 14049
3418 14049 14149
5605 1987 10980
10980 1987 5605
1987 5605 10980
6295 12892 12942
12942 6295 12892
12892 6295 12942
7449 1802 7267
7267 1802 7449
1802 7267 7449
6128 404 7918
404 6128 7918
7918 404 6128
12023 6588 11070
6588 11070 12023
11070 6588 12023
5317 3433 13844
13844 3433 5317
3433 5317 13844
11731 10538 11314
10538 11314 11731
11314 10538 11731
10195 3915 9373
9373 3915 10195
3915 9373 10195
782 3023 10684
10684 782 3023
3023 782 10684
8616 1183 10175
1183 8616 10175
10175 1183 8616
3302 6816 7971
7971 3302 6816
6816 3302 7971
403 11384 13823
11384 403 13823
13823 403 11384
13540 1651 6143
6143 1651 13540
1651 6143 13540
12754 1014 1379
1014 1379 12754
1379 1014 12754
6698 4351 9438
9438 4351 6698
4351 6698 9438
14782 549 5977
549 5977 14782
5977 549 14782
3361 7419 11106
7419 3361 11106
11106 3361 7419
10329 3112 5672
5672 3112 10329
3112 5672 10329
1162 6323 10473
6323 1162 10473
10473 1162 6323
5222 5980 6423
5980 5222 6423
6423 5222 5980
14998 3753 10187
10187 3753 14998
3753 10187 14998
4311 11540 14767
11540 4311 14767
14767 4311 11540
7336 152 13133
13133 152 7336
152 7336 13133
10325 697 5247
697 5247 10325
5247 697 10325
7754 7450 9694
7450 7754 9694
9694 7450 7754
4764 11894 13231
13231 4764 11894
11894 4764 13231
4445 9443 10958
10958 4445 9443
9443 4445 10958
10612 13244 14831
13244 10612 14831
14831 10612 13244
8305 4527 6193
6193 4527 8305
4527 6193 8305
11122 13013 13197
13197 11122 13013
13013 11122 13197
2121 5189 6413
5189 2121 6413
6413 2121 5189
3254 8440 9510
8440 3254 9510
9510 3254 8440
4808 7299 7623
7623 4808 7299
7299 4808 7623
7789 11830 14703
11830 7789 14703
14703 7789 11830
12394 1116 4477
4477 1116 12394
1116 4477 12394
13904 3709 11804
11804 3709 13904
3709 11804 13904
14096 1592 8263
8263 1592 14096
1592 8263 14096
11877 10652 14275
10652 11877 14275
14275 10652 11877
4759 3819 13221
13221 3819 4759
3819 4759 13221
12554 1092 8422
1092 8422 12554
8422 1092 12554
4286 9259 14864
14864 4286 9259
9259 4286 14864
5432 6853 9897
9897 5432 6853
6853 5432 9897
13771 4532 7651
7651 4532 13771
4532 7651 13771
6442 3995 12433
12433 3995 6442
3995 6442 12433
2817 6440 14319
6440 2817 14319
14319 2817 6440
3720 12576 13638
13638 3720 12576
12576 3720 13638
10859 77 6257
6257 77 10859
77 6257 10859
8240 105 4920
105 4920 8240
4920 105 8240
9779 4452 13407
13407 4452 9779
4452 9779 13407
9453 1212 4121
4121 1212 9453
1212 4121 9453
12777 2117 14388
2117 12777 14388
14388 2117 12777
5252 10492 12400
12400 5252 10492
10492 5252 12400
1112 981 8650
981 1112 8650
8650 981 1112
12520 2791 13281
13281 2791 12520
2791 12520 13281
14447 3383 7167
7167 3383 14447
3383 7167 14447
5045 5940 6517
6517 5045 5940
5940 5045 6517
4835 2666 6655
6655 2666 4835
2666 4835 6655
8095 272 4084
272 4084 8095
4084 272 8095
8239 4535 7695
7695 4535 8239
4535 7695 8239
6104 5069 11441
11441 5069 6104
5069 6104 11441
11685 9193 10995
9193 10995 11685
10995 9193 11685
5041 4911 12464
12464 4911 5041
4911 5041 12464
14815 1095 6634
1095 6634 14815
6634 1095 14815
12399 6327 13902
6327 12399 13902
13902 6327 12399
11406 1435 5990
1435 5990 11406
5990 1435 11406
8171 5266 8734
5266 8171 8734
8734 5266 8171
8690 1796 7691
1796 7691 8690
7691 1796 8690
9970 9696 13453
9696 9970 13453
13453 9696 9970
8261 441 14772
441 8261 14772
14772 441 8261
6458 4831 10058
4831 6458 10058
10058 4831 6458
6372 3718 6373
6373 3718 6372
3718 6372 6373
13657 8134 13022
13022 8134 13657
8134 13022 13657
13906 7145 12583
7145 12583 13906
12583 7145 13906
1571 10362 12226
12226 1571 10362
10362 1571 12226
9627 1526 7059
7059 1526 9627
1526 7059 9627
12638 2090 12423
2090 12423 12638
12423 2090 12638
3584 4518 7054
4518 3584 7054
7054 3584 4518
2245 3503 11059
3503 2245 11059
11059 2245 3503
10843 293 8182
293 8182 10843
8182 293 10843
12357 5640 9225
9225 5640 12357
5640 9225 12357
685 1287 12939
12939 685 1287
1287 685 12939
1451 8279 12933
8279 1451 12933
12933 1451 8279
11819 312 837
837 312 11819
312 837 11819
13410 276 11387
276 11387 13410
11387 276 13410
4437 2461 13761
13761 2461 4437
2461 4437 13761
12573 2949 8356
8356 2949 12573
2949 8356 12573
14300 1098 11117
11117 1098 14300
1098 11117 14300
5807 8772 9709
8772 5807 9709
9709 5807 8772
13478 885 5111
5111 885 13478
885 5111 13478
4368 1253 7271
1253 4368 7271
7271 1253 4368
12472 7493 9349
9349 7493 12472
7493 9349 12472
2336 4099 6926
6926 2336 4099
4099 2336 6926
8559 8717 12640
12640 8559 8717
8717 8559 12640
7990 23 9337
23 7990 9337
9337 23 7990
14989 2036 11719
2036 11719 14989
11719 2036 14989
11987 186 7046
7046 186 11987
186 7046 11987
5232 2300 7368
7368 2300 5232
2300 5232 7368
4273 6886 14006
6886 4273 14006
14006 4273 6886
7627 5752 8555
8555 5752 7627
5752 7627 8555
5284 8546 9937
8546 5284 9937
9937 5284 8546
6709 9492 11639
11639 6709 9492
9492 6709 11639
9275 6495 8891
8891 6495 9275
6495 8891 9275
14833 1270 6982
1270 6982 14833
6982 1270 14833
13177 7042 13216
7042 13177 13216
13216 7042 13177
10040 791 12361
791 10040 12361
12361 791 10040
12259 5100 7377
5100 7377 12259
7377 5100 12259
6749 4752 13568
4752 6749 13568
13568 4752 6749
1994 1159 3765
3765 1159 1994
1159 1994 3765
712 10290 11705
10290 712 11705
11705 712 10290
8597 648 1436
648 1436 8597
1436 648 8597
8060 349 4946
349 4946 8060
4946 349 8060
10554 5357 12165
5357 10554 12165
12165 5357 10554
10789 50 7288
50 7288 10789
7288 50 10789
5613 586 8115
8115 586 5613
586 5613 8115
13986 5442 11734
11734 5442 13986
5442 11734 13986
9825 10056 11929
11929 9825 10056
10056 9825 11929
6970 558 5229
558 5229 6970
5229 558 6970
5233 10587 13862
13862 5233 10587
10587 5233 13862
4431 8456 9396
9396 4431 8456
8456 4431 9396
10070 4691 9352
4691 9352 10070
9352 4691 10070
12176 2858 12025
2858 12025 12176
12025 2858 12176
14282 971 8688
8688 971 14282
971 8688 14282
5835 1198 3758
1198 3758 5835
3758 1198 5835
12060 2761 5076
2761 5076 12060
5076 2761 12060
2719 5290 10845
5290 2719 10845
10845 2719 5290
1541 5849 8859
5849 1541 8859
8859 1541 5849
2849 3930 10337
3930 2849 10337
10337 2849 3930
1477 8778 14367
8778 1477 14367
14367 1477 8778
6649 4391 13754
13754 4391 6649
4391 6649 13754
5275 8673 12587
12587 5275 8673
8673 5275 12587
10703 4169 12180
12180 4169 10703
4169 10703 12180
7327 8998 12963
8998 7327 12963
12963 7327 8998
14459 688 12129
12129 688 14459
688 12129 14459
3200 2070 4881
2070 3200 4881
4881 2070 3200
14129 7904 11349
7904 11349 14129
11349 7904 14129
14524 9865 14708
9865 14524 14708
14708 9865 14524
10712 1402 4519
4519 1402 10712
1402 4519 10712
2305 28 2495
28 2305 2495
2495 28 2305
6987 5080 5220
5220 5080 6987
5080 5220 6987
7176 3840 5403
3840 5403 7176
5403 3840 7176
10458 11156 12398
11156 10458 12398
12398 10458 11156
3347 2211 11229
2211 3347 11229
11229 2211 3347
12364 7656 7887
7656 7887 12364
7887 7656 12364
1193 11078 11511
11511 1193 11078
11078 1193 11511
8705 6047 14921
14921 6047 8705
6047 8705 14921
13299 4838 12459
4838 12459 13299
12459 4838 13299
7505 1482 11006
11006 1482 7505
1482 7505 11006
9364 3490 11722
3490 9364 11722
11722 3490 9364
13635 223 3717
3717 223 13635
223 3717 13635
7207 12909 14569
12909 7207 14569
14569 7207 12909
3998 618 7182
7182 618 3998
618 3998 7182
2197 727 14352
14352 727 2197
727 2197 14352
2994 1384 4762
4762 1384 2994
1384 2994 4762
7826 9400 14646
14646 7826 9400
9400 7826 14646
2733 9087 9115
9115 2733 9087
9087 2733 9115
14509 4832 4914
4914 4832 14509
4832 4914 14509
14486 7055 7801
7055 7801 14486
7801 7055 14486
3063 12210 14139
14139 3063 12210
12210 3063 14139
11064 2874 3385
3385 2874 11064
2874 3385 11064
516 4511 7799
4511 516 7799
7799 516 4511
14514 8785 10049
10049 8785 14514
8785 10049 14514
3084 7580 14273
7580 3084 14273
14273 3084 7580
13942 1999 7518
7518 1999 13942
1999 7518 13942
14140 7427 12697
7427 12697 14140
12697 7427 14140
409 9219 14866
14866 409 9219
9219 409 14866
98 6913 10654
10654 98 6913
6913 98 10654
1197 3683 4815
3683 1197 4815
4815 1197 3683
2496 6704 10841
6704 2496 10841
10841 2496 6704
5789 2429 9620
9620 2429 5789
2429 5789 9620
465 4373 8270
8270 465 4373
4373 465 8270
5243 2451 3807
2451 3807 5243
3807 2451 5243
1457 9879 14279
9879 1457 14279
14279 1457 9879
5712 11635 14941
14941 5712 11635
11635 5712 14941
5333 3507 14421
3507 5333 14421
14421 3507 5333
13329 3102 3821
3102 3821 13329
3821 3102 13329
1617 3123 7771
3123 1617 7771
7771 1617 3123
6679 290 13804
290 6679 13804
13804 290 6679
13842 2906 11124
11124 2906 13842
2906 11124 13842
6722 2 7508
2 6722 7508
7508 2 6722
8262 11468 12272
11468 8262 12272
12272 8262 11468
7239 2999 10531
2999 7239 10531
10531 2999 7239
12890 4180 12646
4180 12646 12890
12646 4180 12890
1583 2462 2629
2462 1583 2629
2629 1583 2462
6772 5620 12673
5620 6772 12673
12673 5620 6772
8583 10604 13254
13254 8583 10604
10604 8583 13254
8017 6820 11386
6820 8017 11386
11386 6820 8017
9248 62 11753
11753 62 9248
62 9248 11753
1450 10193 11585
11585 1450 10193
10193 1450 11585
4746 10332 13276
13276 4746 10332
10332 4746 13276
14044 406 9582
9582 406 14044
406 9582 14044
6623 1950 4126
4126 1950 6623
1950 4126 6623
10033 1947 9593
9593 1947 10033
1947 9593 10033
6566 6963 6972
6963 6566 6972
6972 6566 6963
13134 5771 9394
9394 5771 13134
5771 9394 13134
10022 8059 12201
12201 8059 10022
8059 10022 12201
12021 9357 11032
11032 9357 12021
9357 11032 12021
2068 9790 12844
12844 2068 9790
9790 2068 12844
7874 432 4030
4030 432 7874
432 4030 7874
6827 3914 10330
3914 6827 10330
10330 3914 6827
8086 49 3768
49 3768 8086
3768 49 8086
12098 2123 7739
7739 2123 12098
2123 7739 12098
14450 3576 3884
3576 3884 14450
3884 3576 14450
2288 6719 13284
13284 2288 6719
6719 2288 13284
8889 1720 8289
8289 1720 8889
1720 8289 8889
2711 185 7924
185 2711 7924
7924 185 2711
13517 12434 14743
12434 13517 14743
14743 12434 13517
14682 4906 7959
4906 7959 14682
7959 4906 14682
14871 6888 12783
6888 12783 14871
12783 6888 14871
12233 3415 14092
3415 12233 14092
14092 3415 12233
13413 1635 8158
1635 8158 13413
8158 1635 13413
1293 6758 10994
6758 1293 10994
10994 1293 6758
6555 2518 13446
13446 2518 6555
2518 6555 13446
8756 2428 11345
11345 2428 8756
2428 8756 11345
14289 8683 13595
13595 8683 14289
8683 13595 14289
2568 10813 14218
14218 2568 10813
10813 2568 14218
9170 188 1138
188 1138 9170
1138 188 9170
5909 8248 13187
8248 5909 13187
13187 5909 8248
14557 7072 11025
11025 7072 14557
7072 11025 14557
8288 32 2816
2816 32 8288
32 2816 8288
14813 1105 8328
8328 1105 14813
1105 8328 14813
5870 4867 11404
4867 5870 11404
11404 4867 5870
5862 12317 14549
14549 5862 12317
12317 5862 14549
13605 2814 14573
2814 13605 14573
14573 2814 13605
13063 3428 12849
3428 12849 13063
12849 3428 13063
13381 4183 14650
4183 13381 14650
14650 4183 13381
11852 2364 12637
12637 2364 11852
2364 11852 12637
3010 8760 9066
8760 3010 9066
9066 3010 8760
5822 4470 6407
4470 5822 6407
6407 4470 5822
11956 259 1938
259 1938 11956
1938 259 11956
8768 10987 13441
13441 8768 10987
10987 8768 13441
13310 220 10183
10183 220 13310
220 10183 13310
12040 6478 7093
6478 7093 12040
7093 6478 12040
7737 33 1412
33 1412 7737
1412 33 7737
14799 4983 11280
4983 11280 14799
11280 4983 14799
5706 5651 11317
11317 5651 5706
5651 5706 11317
4997 1173 2389
1173 2389 4997
2389 1173 4997
9605 8453 11730
8453 9605 11730
11730 8453 9605
8084 3179 7641
7641 3179 8084
3179 7641 8084
7276 6860 13359
6860 7276 13359
13359 6860 7276
11641 1227 2287
2287 1227 11641
1227 2287 11641
12605 12194 14295
12194 12605 14295
14295 12194 12605
7109 2455 3335
3335 2455 7109
2455 3335 7109
9622 6487 8021
8021 6487 9622
6487 8021 9622
4415 5367 11029
11029 4415 5367
5367 4415 11029
8342 8403 13717
8403 8342 13717
13717 8342 8403
4771 6293 8384
8384 4771 6293
6293 4771 8384
12772 6953 14489
14489 6953 12772
6953 12772 14489
8519 3212 6102
6102 3212 8519
3212 6102 8519
4117 7570 12478
7570 4117 12478
12478 4117 7570
12077 4360 11940
4360 11940 12077
11940 4360 12077
8008 6341 13106
6341 8008 13106
13106 6341 8008
8893 2957 13031
2957 8893 13031
13031 2957 8893
10436 11473 13130
13130 10436 11473
11473 10436 13130
14709 535 4292
4292 535 14709
535 4292 14709
9067 4988 6168
4988 6168 9067
6168 4988 9067
8047 7238 12419
7238 8047 12419
12419 7238 8047
2640 3570 14636
14636 2640 3570
3570 2640 14636
11963 896 6506
896 6506 11963
6506 896 11963
1706 455 8506
455 1706 8506
8506 455 1706
11180 11809 12705
12705 11180 11809
11809 11180 12705
2309 8283 11038
11038 2309 8283
8283 2309 11038
1835 1812 4550
1812 1835 4550
4550 1812 1835
9672 6706 14142
6706 9672 14142
14142 6706 9672
4176 63 7211
63 4176 7211
7211 63 4176
9798 3126 9789
9789 3126 9798
3126 9789 9798
14094 8381 9206
8381 9206 14094
9206 8381 14094
10197 9813 14244
9813 10197 14244
14244 9813 10197
4217 1214 1750
1214 1750 4217
1750 1214 4217
14966 8380 11361
8380 11361 14966
11361 8380 14966
9081 740 12752
12752 740 9081
740 9081 12752
734 3484 13053
13053 734 3484
3484 734 13053
7447 3808 9446
3808 7447 9446
9446 3808 7447
6238 7865 12015
7865 6238 12015
12015 6238 7865
10601 10679 11285
10679 10601 11285
11285 10601 10679
11910 1642 2982
1642 2982 11910
2982 1642 11910
710 7004 9209
7004 710 9209
9209 710 7004
2979 7369 12268
12268 2979 7369
7369 2979 12268
11912 78 1397
78 1397 11912
1397 78 11912
907 334 1532
1532 334 907
334 907 1532
7679 4956 13577
4956 7679 13577
13577 4956 7679
9820 7462 10910
10910 7462 9820
7462 9820 10910
2824 11766 12017
11766 2824 12017
12017 2824 11766
4931 856 6713
6713 856 4931
856 4931 6713
14290 7307 10836
10836 7307 14290
7307 10836 14290
6602 3203 9592
9592 3203 6602
3203 6602 9592
14904 6334 9355
9355 6334 14904
6334 9355 14904
8314 2296 5408
5408 2296 8314
2296 5408 8314
3942 1209 4416
1209 3942 4416
4416 1209 3942
4683 5270 6789
6789 4683 5270
5270 4683 6789
4279 5140 10227
5140 4279 10227
10227 4279 5140
6064 2295 12039
2295 6064 12039
12039 2295 6064
6299 4024 12241
12241 4024 6299
4024 6299 12241
6755 10640 12230
10640 6755 12230
12230 6755 10640
5747 8648 10265
8648 5747 10265
10265 5747 8648
419 1220 2032
1220 419 2032
2032 419 1220
8142 11350 12635
11350 8142 12635
12635 8142 11350
6014 481 1069
1069 481 6014
481 1069 6014
12295 4962 10542
10542 4962 12295
4962 10542 12295
5642 2318 11743
2318 5642 11743
11743 2318 5642
6445 7809 14940
14940 6445 7809
7809 6445 14940
6669 4334 12074
12074 4334 6669
4334 6669 12074
9246 8538 13412
13412 8538 9246
8538 9246 13412
9020 2113 11050
2113 9020 11050
11050 2113 9020
14439 1692 9289
1692 9289 14439
9289 1692 14439
6297 3951 7481
3951 6297 7481
7481 3951 6297
13084 4046 6573
6573 4046 13084
4046 6573 13084
13319 3559 5134
3559 5134 13319
5134 3559 13319
7556 2598 6474
6474 2598 7556
2598 6474 7556
6237 3071 9149
3071 6237 9149
9149 3071 6237
2527 2694 13485
13485 2527 2694
2694 2527 13485
843 511 7478
7478 511 843
511 843 7478
2646 576 2811
2811 576 2646
576 2646 2811
86 4230 12606
12606 86 4230
4230 86 12606
2437 303 9538
9538 303 2437
303 2437 9538
11692 207 6665
6665 207 11692
207 6665 11692
983 3664 3973
3973 983 3664
3664 983 3973
