562 105 237
237 105 562
105 237 562
1113 1187 1376
1376 1113 1187
1187 1113 1376
103 74 259
74 103 259
259 74 103
914 594 1125
594 914 1125
1125 594 914
747 109 281
109 281 747
281 109 747
1067 290 1315
1315 290 1067
290 1067 1315
1424 664 932
932 664 1424
664 932 1424
866 236 1226
236 866 1226
1226 236 866
1466 605 1257
605 1257 1466
1257 605 1466
1442 84 1336
1336 84 1442
84 1336 1442
1322 472 613
472 613 1322
613 472 1322
972 276 877
877 276 972
276 877 972
1354 470 1473
1473 470 1354
470 1354 1473
1347 926 985
926 985 1347
985 926 1347
1297 339 1009
339 1009 1297
1009 339 1297
946 620 1004
620 946 1004
1004 620 946
211 1201 1449
1201 211 1449
1449 211 1201
1145 634 1458
1458 634 1145
634 1145 1458
189 411 1141
1141 189 411
411 189 1141
941 150 678
678 150 941
150 678 941
1231 714 778
778 714 1231
714 778 1231
1465 612 1339
1339 612 1465
612 1339 1465
375 1123 1461
1123 375 1461
1461 375 1123
1408 568 601
601 568 1408
568 601 1408
710 1128 1372
1128 710 1372
1372 710 1128
183 632 1431
632 183 1431
1431 183 632
1491 643 694
694 643 1491
643 694 1491
176 732 814
732 176 814
814 176 732
1147 956 1029
956 1029 1147
1029 956 1147
928 1294 1342
1294 928 1342
1342 928 1294
1296 99 679
679 99 1296
99 679 1296
513 391 1105
391 513 1105
1105 391 513
1314 446 1070
446 1070 1314
1070 446 1314
742 1075 1091
1075 742 1091
1091 742 1075
1218 735 1497
735 1218 1497
1497 735 1218
143 410 1202
1202 143 410
410 143 1202
1107 761 1085
1085 761 1107
761 1085 1107
1247 66 892
66 892 1247
892 66 1247
843 127 1214
1214 127 843
127 843 1214
746 609 770
609 746 770
770 609 746
137 343 1203
1203 137 343
343 137 1203
442 546 1397
1397 442 546
546 442 1397
523 108 865
865 108 523
108 523 865
749 162 773
162 749 773
773 162 749
660 18 1256
1256 18 660
18 660 1256
879 849 1350
849 879 1350
1350 849 879
1361 510 548
510 548 1361
548 510 1361
130 529 640
529 130 640
640 130 529
1325 87 1248
1248 87 1325
87 1248 1325
57 617 812
812 57 617
617 57 812
140 145 1451
1451 140 145
145 140 1451
1422 31 1150
1150 31 1422
31 1150 1422
1054 72 1276
1276 72 1054
72 1054 1276
279 73 685
73 279 685
685 73 279
999 443 1136
443 999 1136
1136 443 999
1094 292 1140
1140 292 1094
292 1094 1140
1407 795 1084
1084 795 1407
795 1084 1407
1472 76 274
274 76 1472
76 274 1472
56 496 915
915 56 496
496 56 915
1096 89 262
89 262 1096
262 89 1096
718 277 745
745 277 718
277 718 745
221 1073 1101
1073 221 1101
1101 221 1073
945 268 1132
268 945 1132
1132 268 945
1287 121 647
647 121 1287
121 647 1287
1284 826 1011
826 1011 1284
1011 826 1284
626 456 1260
1260 456 626
456 626 1260
334 468 779
779 334 468
468 334 779
1184 166 365
365 166 1184
166 365 1184
875 254 657
657 254 875
254 657 875
459 228 957
228 459 957
957 228 459
881 628 831
628 831 881
831 628 881
289 377 646
377 289 646
646 289 377
796 524 1493
524 796 1493
1493 524 796
317 653 975
653 317 975
975 317 653
550 861 1293
861 550 1293
1293 550 861
311 240 978
240 311 978
978 240 311
559 204 501
204 501 559
501 204 559
177 532 1423
532 177 1423
1423 177 532
1030 1117 1330
1117 1030 1330
1330 1030 1117
850 1139 1335
1335 850 1139
1139 850 1335
1476 953 1332
1332 953 1476
953 1332 1476
995 359 869
359 869 995
869 359 995
923 53 586
586 53 923
53 586 923
1369 624 1213
1213 624 1369
624 1213 1369
38 1042 1496
1496 38 1042
1042 38 1496
1151 512 690
690 512 1151
512 690 1151
696 226 984
984 226 696
226 696 984
780 516 1498
1498 516 780
516 780 1498
820 740 858
740 820 858
858 740 820
1043 227 1116
227 1043 1116
1116 227 1043
589 464 1124
464 589 1124
1124 464 589
1064 539 551
551 539 1064
539 551 1064
380 58 412
58 380 412
412 58 380
713 480 774
774 480 713
480 713 774
1337 59 752
59 752 1337
752 59 1337
1174 146 178
178 146 1174
146 178 1174
614 526 870
526 614 870
870 526 614
886 581 1426
1426 581 886
581 886 1426
1385 96 754
96 754 1385
754 96 1385
603 500 791
500 603 791
791 500 603
1430 641 738
738 641 1430
641 738 1430
39 1166 1341
1341 39 1166
1166 39 1341
1153 560 1031
1031 560 1153
560 1031 1153
310 319 481
481 310 319
319 310 481
888 474 1023
1023 474 888
474 888 1023
650 1047 1069
1069 650 1047
1047 650 1069
1417 489 1090
1090 489 1417
489 1090 1417
748 426 1482
1482 426 748
426 748 1482
1051 19 275
19 275 1051
275 19 1051
1272 156 810
156 810 1272
810 156 1272
1302 373 756
373 756 1302
756 373 1302
83 255 1163
255 83 1163
1163 83 255
75 107 376
376 75 107
107 75 376
304 564 1119
564 304 1119
1119 304 564
1290 205 1388
205 1290 1388
1388 205 1290
151 114 842
842 114 151
114 151 842
325 238 921
238 325 921
921 238 325
395 666 938
938 395 666
666 395 938
431 301 585
301 431 585
585 301 431
266 688 755
688 266 755
755 266 688
1364 1063 1464
1063 1364 1464
1464 1063 1364
1475 439 894
439 894 1475
894 439 1475
313 736 1484
736 313 1484
1484 313 736
1249 420 890
890 420 1249
420 890 1249
543 520 608
608 520 543
520 543 608
337 163 1379
163 337 1379
1379 163 337
429 248 618
248 429 618
618 248 429
1377 197 731
197 731 1377
731 197 1377
535 200 1242
1242 200 535
200 535 1242
132 23 126
126 23 132
23 126 132
1378 33 980
33 980 1378
980 33 1378
920 700 777
777 700 920
700 777 920
460 161 971
971 161 460
161 460 971
899 328 1198
328 899 1198
1198 328 899
1170 148 1254
1254 148 1170
148 1170 1254
423 445 1002
1002 423 445
445 423 1002
168 1180 1205
1180 168 1205
1205 168 1180
1437 219 1000
219 1000 1437
1000 219 1437
122 1159 1387
1159 122 1387
1387 122 1159
913 656 1082
656 913 1082
1082 656 913
116 1439 1470
1470 116 1439
1439 116 1470
1078 598 1088
1088 598 1078
598 1078 1088
578 907 1380
1380 578 907
907 578 1380
41 124 1008
1008 41 124
124 41 1008
1349 91 1135
91 1135 1349
1135 91 1349
1122 190 288
190 288 1122
288 190 1122
619 1129 1489
1489 619 1129
1129 619 1489
24 638 644
644 24 638
638 24 644
246 147 1223
147 246 1223
1223 147 246
1049 703 709
709 703 1049
703 709 1049
1086 210 772
210 772 1086
772 210 1086
10 381 998
998 10 381
381 10 998
234 952 1403
952 234 1403
1403 234 952
101 135 533
135 101 533
533 101 135
880 330 1488
1488 330 880
330 880 1488
331 514 794
514 331 794
794 331 514
1131 220 508
220 508 1131
508 220 1131
239 904 997
904 239 997
997 239 904
12 81 1111
1111 12 81
81 12 1111
764 253 435
253 435 764
435 253 764
739 386 944
944 386 739
386 739 944
348 610 951
610 348 951
951 348 610
874 473 1037
473 874 1037
1037 473 874
370 309 1168
309 370 1168
1168 309 370
683 9 911
911 9 683
9 683 911
544 28 387
28 387 544
387 28 544
1415 1331 1456
1456 1331 1415
1331 1415 1456
1148 361 836
836 361 1148
361 836 1148
354 684 823
823 354 684
684 354 823
1362 629 1194
629 1194 1362
1194 629 1362
282 25 593
25 282 593
593 25 282
111 206 1480
1480 111 206
206 111 1480
1200 616 1219
616 1200 1219
1219 616 1200
351 737 991
991 351 737
737 351 991
1382 492 579
492 579 1382
579 492 1382
615 729 1252
1252 615 729
729 615 1252
883 582 900
582 883 900
900 582 883
235 155 479
479 155 235
155 235 479
1329 1420 1462
1420 1329 1462
1462 1329 1420
725 433 558
558 433 725
433 558 725
450 129 1435
129 450 1435
1435 129 450
68 393 903
903 68 393
393 68 903
1326 188 1485
188 1326 1485
1485 188 1326
1359 699 734
699 734 1359
734 699 1359
98 149 1081
1081 98 149
149 98 1081
743 340 1189
1189 340 743
340 743 1189
1146 407 896
407 896 1146
896 407 1146
988 440 716
440 716 988
716 440 988
1483 80 986
80 986 1483
986 80 1483
1025 35 1236
1236 35 1025
35 1025 1236
1092 307 497
307 497 1092
497 307 1092
1261 136 950
950 136 1261
136 950 1261
1278 592 1468
1468 592 1278
592 1278 1468
396 203 241
203 241 396
241 203 396
160 51 573
573 51 160
51 160 573
1321 707 1152
707 1152 1321
1152 707 1321
1421 602 744
744 602 1421
602 744 1421
201 182 357
357 182 201
182 201 357
1055 1173 1175
1175 1055 1173
1173 1055 1175
270 394 977
977 270 394
394 270 977
485 5 1481
5 485 1481
1481 5 485
193 243 902
902 193 243
243 193 902
741 60 872
60 741 872
872 60 741
347 955 1301
1301 347 955
955 347 1301
1046 209 212
209 212 1046
212 209 1046
927 1097 1500
1097 927 1500
1500 927 1097
830 1216 1410
1410 830 1216
1216 830 1410
1127 1057 1355
1057 1127 1355
1355 1057 1127
1227 314 712
314 712 1227
712 314 1227
452 179 1434
179 452 1434
1434 179 452
929 799 1283
799 929 1283
1283 799 929
711 1192 1345
1345 711 1192
1192 711 1345
706 100 876
100 706 876
876 100 706
199 1181 1233
1181 199 1233
1233 199 1181
198 213 912
213 198 912
912 198 213
521 1340 1441
1340 521 1441
1441 521 1340
349 727 1291
1291 349 727
727 349 1291
4 26 857
26 4 857
857 4 26
106 1018 1246
1246 106 1018
1018 106 1246
798 525 649
649 525 798
525 649 798
1244 263 1072
1072 263 1244
263 1072 1244
802 128 247
128 247 802
247 128 802
663 250 757
757 250 663
250 663 757
192 467 873
873 192 467
467 192 873
947 574 1460
574 947 1460
1460 574 947
208 522 790
522 208 790
790 208 522
366 346 1056
346 366 1056
1056 346 366
451 528 963
528 451 963
963 451 528
561 47 863
47 561 863
863 47 561
771 887 1126
1126 771 887
887 771 1126
1045 817 1106
817 1045 1106
1106 817 1045
476 372 503
372 476 503
503 372 476
655 517 1344
517 655 1344
1344 517 655
825 171 1022
171 825 1022
1022 171 825
1196 782 1454
782 1196 1454
1454 782 1196
252 575 1255
575 252 1255
1255 252 575
1438 67 437
67 437 1438
437 67 1438
1108 363 1239
363 1108 1239
1239 363 1108
572 1061 1142
1142 572 1061
1061 572 1142
444 385 832
385 444 832
832 385 444
1169 408 1211
1211 408 1169
408 1169 1211
280 342 545
342 280 545
545 280 342
856 329 1160
1160 329 856
329 856 1160
430 809 1348
1348 430 809
809 430 1348
1399 50 306
50 306 1399
306 50 1399
878 379 860
379 860 878
860 379 878
133 1167 1394
1167 133 1394
1394 133 1167
1034 414 490
414 490 1034
490 414 1034
965 230 404
404 230 965
230 404 965
800 668 1143
1143 668 800
668 800 1143
1265 71 403
403 71 1265
71 403 1265
565 463 1289
463 565 1289
1289 463 565
1210 930 1471
1471 930 1210
930 1210 1471
159 368 852
852 159 368
368 159 852
390 436 702
436 390 702
702 390 436
1209 591 960
591 960 1209
960 591 1209
1479 1190 1224
1190 1224 1479
1224 1190 1479
54 662 1333
662 54 1333
1333 54 662
1440 222 1250
1250 222 1440
222 1250 1440
571 488 1027
488 571 1027
1027 488 571
788 400 515
400 515 788
515 400 788
85 769 898
769 85 898
898 85 769
897 967 1225
1225 897 967
967 897 1225
1220 134 689
134 689 1220
689 134 1220
332 157 256
157 256 332
256 157 332
144 1130 1259
1259 144 1130
1130 144 1259
320 828 1327
1327 320 828
828 320 1327
398 327 1038
1038 327 398
327 398 1038
14 1311 1389
1389 14 1311
1311 14 1389
399 1274 1446
1446 399 1274
1274 399 1446
424 265 555
265 424 555
555 265 424
1450 29 1457
29 1450 1457
1457 29 1450
1195 174 413
413 174 1195
174 413 1195
184 118 693
118 184 693
693 118 184
834 218 839
218 834 839
839 218 834
1371 61 1310
1310 61 1371
61 1310 1371
669 427 665
427 665 669
665 427 669
676 471 1390
471 676 1390
1390 471 676
1453 345 552
552 345 1453
345 552 1453
1258 434 1251
1251 434 1258
434 1251 1258
993 13 1418
13 993 1418
1418 13 993
670 1020 1059
1059 670 1020
1020 670 1059
284 785 1306
785 284 1306
1306 284 785
841 1188 1427
1188 841 1427
1427 841 1188
291 968 1080
968 291 1080
1080 291 968
1281 27 1071
27 1071 1281
1071 27 1281
1016 64 816
64 816 1016
816 64 1016
362 996 1419
1419 362 996
996 362 1419
1115 478 854
478 854 1115
854 478 1115
962 462 1395
462 962 1395
1395 462 962
322 677 889
889 322 677
677 322 889
1005 261 326
261 326 1005
326 261 1005
461 806 1433
806 461 1433
1433 461 806
1183 1058 1351
1351 1058 1183
1058 1183 1351
48 389 1404
389 48 1404
1404 48 389
916 16 882
882 16 916
16 882 916
1478 805 924
805 924 1478
924 805 1478
6 79 1398
1398 6 79
79 6 1398
37 167 958
958 37 167
167 37 958
415 392 1469
392 415 1469
1469 392 415
32 973 1032
973 32 1032
1032 32 973
751 46 1074
46 751 1074
1074 46 751
1199 55 457
55 457 1199
457 55 1199
43 229 1353
229 43 1353
1353 43 229
633 88 1416
1416 88 633
88 633 1416
336 527 1308
527 336 1308
1308 336 527
1087 104 981
104 981 1087
981 104 1087
1015 139 910
139 910 1015
910 139 1015
1262 502 838
838 502 1262
502 838 1262
447 454 868
868 447 454
454 447 868
448 840 1391
840 448 1391
1391 448 840
63 648 884
648 63 884
884 63 648
784 153 1157
1157 153 784
153 784 1157
519 352 848
352 519 848
848 352 519
1100 1095 1429
1095 1100 1429
1429 1095 1100
1240 191 1245
1245 191 1240
191 1240 1245
138 511 1374
511 138 1374
1374 138 511
576 588 908
908 576 588
588 576 908
1 919 1182
919 1 1182
1182 1 919
1324 20 82
82 20 1324
20 82 1324
335 705 1040
1040 335 705
705 335 1040
1298 611 948
611 948 1298
948 611 1298
871 202 1346
202 871 1346
1346 202 871
1448 600 1299
600 1299 1448
1299 600 1448
1044 767 1323
1323 767 1044
767 1044 1323
477 417 750
750 417 477
417 477 750
30 635 1452
635 30 1452
1452 30 635
244 305 504
504 244 305
305 244 504
1358 1093 1109
1093 1109 1358
1109 1093 1358
1271 324 1006
1006 324 1271
324 1006 1271
233 1017 1334
1017 233 1334
1334 233 1017
1338 402 891
891 402 1338
402 891 1338
1208 789 1279
1279 789 1208
789 1208 1279
353 507 982
507 353 982
982 353 507
885 397 1386
1386 397 885
397 885 1386
659 287 475
287 475 659
475 287 659
299 344 704
704 299 344
344 299 704
804 90 822
90 804 822
822 90 804
1381 484 1266
484 1266 1381
1266 484 1381
895 15 232
232 15 895
15 232 895
316 242 1396
1396 242 316
242 316 1396
2 164 547
164 2 547
547 2 164
294 449 1215
449 294 1215
1215 294 449
1217 360 570
360 570 1217
570 360 1217
285 323 621
323 285 621
621 285 323
312 797 1176
1176 312 797
797 312 1176
231 78 597
597 78 231
78 231 597
753 483 1229
483 753 1229
1229 483 753
1104 216 1492
216 1104 1492
1492 216 1104
1295 17 1443
1443 17 1295
17 1295 1443
717 542 1076
1076 542 717
542 717 1076
918 1138 1313
1138 918 1313
1313 918 1138
827 833 1445
1445 827 833
833 827 1445
356 674 864
674 356 864
864 356 674
1013 185 652
652 185 1013
185 652 1013
819 925 933
933 819 925
925 819 933
1021 1028 1312
1312 1021 1028
1028 1021 1312
1392 1065 1316
1065 1316 1392
1316 1065 1392
102 419 862
419 102 862
862 102 419
976 62 245
62 245 976
245 62 976
518 645 1162
645 518 1162
1162 518 645
901 123 829
123 829 901
829 123 901
607 278 1156
1156 278 607
278 607 1156
813 1102 1463
1463 813 1102
1102 813 1463
165 580 658
658 165 580
580 165 658
1425 172 1280
1280 172 1425
172 1280 1425
367 851 989
851 367 989
989 367 851
170 249 1494
1494 170 249
249 170 1494
350 590 672
672 350 590
590 350 672
369 724 1243
724 369 1243
1243 369 724
1277 3 36
3 36 1277
36 3 1277
374 469 1402
469 374 1402
1402 374 469
1432 52 1264
52 1264 1432
1264 52 1432
1068 267 931
931 267 1068
267 931 1068
1477 22 695
695 22 1477
22 695 1477
486 959 1303
1303 486 959
959 486 1303
1367 225 1268
1268 225 1367
225 1268 1367
781 661 1204
661 781 1204
1204 661 781
733 1232 1375
1232 733 1375
1375 733 1232
49 11 169
11 49 169
169 11 49
1459 549 974
549 974 1459
974 549 1459
214 506 940
506 214 940
940 214 506
673 1079 1309
1079 673 1309
1309 673 1079
623 154 273
273 154 623
154 273 623
922 428 1285
428 922 1285
1285 428 922
498 1366 1495
1495 498 1366
1366 498 1495
432 1012 1193
1012 432 1193
1193 432 1012
935 1083 1165
1083 935 1165
1165 935 1083
505 728 1222
728 505 1222
1222 505 728
455 630 1273
1273 455 630
630 455 1273
409 119 1406
1406 119 409
119 409 1406
859 1177 1221
1177 859 1221
1221 859 1177
917 21 682
682 21 917
21 682 917
257 675 1014
675 257 1014
1014 257 675
1486 1263 1328
1263 1328 1486
1328 1263 1486
1357 70 1158
1158 70 1357
70 1158 1357
458 355 553
355 458 553
553 355 458
117 939 1024
939 117 1024
1024 117 939
687 302 654
302 654 687
654 302 687
803 491 1300
491 803 1300
1300 491 803
1234 622 1411
622 1234 1411
1411 622 1234
196 1304 1444
1304 196 1444
1444 196 1304
992 1003 1197
1003 992 1197
1197 992 1003
300 438 596
596 300 438
438 300 596
1282 388 606
606 388 1282
388 606 1282
186 763 936
763 186 936
936 186 763
40 422 1172
1172 40 422
422 40 1172
1317 416 680
680 416 1317
416 680 1317
909 1033 1171
1171 909 1033
1033 909 1171
1228 269 401
269 401 1228
401 269 1228
499 158 943
158 499 943
943 158 499
1041 453 708
708 453 1041
453 708 1041
1053 341 766
766 341 1053
341 766 1053
338 540 583
583 338 540
540 338 583
251 692 987
987 251 692
692 251 987
837 723 1467
723 837 1467
1467 723 837
934 258 625
258 625 934
625 258 934
642 1447 1474
1474 642 1447
1447 642 1474
1110 44 333
333 44 1110
44 333 1110
905 175 1235
1235 175 905
175 905 1235
815 384 1409
384 815 1409
1409 384 815
152 853 1318
853 152 1318
1318 152 853
847 77 378
378 77 847
77 378 847
34 495 1455
1455 34 495
495 34 1455
1288 720 1363
1363 720 1288
720 1288 1363
563 223 759
223 563 759
759 223 563
194 112 983
983 112 194
112 194 983
599 867 1191
1191 599 867
867 599 1191
1414 466 942
942 466 1414
466 942 1414
534 298 1154
298 534 1154
1154 298 534
97 792 1384
1384 97 792
792 97 1384
793 1343 1352
1343 793 1352
1352 793 1343
45 715 1048
715 45 1048
1048 45 715
1137 556 1487
556 1137 1487
1487 556 1137
846 554 1365
1365 554 846
554 846 1365
807 42 821
42 807 821
821 42 807
1161 69 173
173 69 1161
69 173 1161
358 465 1368
1368 358 465
465 358 1368
264 406 1400
1400 264 406
406 264 1400
701 296 383
296 383 701
383 296 701
1118 8 315
8 315 1118
315 8 1118
954 142 1112
142 954 1112
1112 142 954
722 587 1405
587 722 1405
1405 587 722
537 405 595
595 405 537
405 537 595
93 120 1383
120 93 1383
1383 93 120
949 1098 1401
1098 949 1401
1401 949 1098
1036 538 557
538 557 1036
557 538 1036
1207 207 808
808 207 1207
207 808 1207
1001 271 979
979 271 1001
271 979 1001
493 567 1292
1292 493 567
567 493 1292
1238 541 1253
1253 541 1238
541 1238 1253
1241 260 964
260 964 1241
964 260 1241
531 835 906
906 531 835
835 531 906
1077 1007 1103
1103 1007 1077
1007 1077 1103
811 371 1412
371 811 1412
1412 371 811
441 721 1060
721 441 1060
1060 441 721
1134 92 1185
92 1134 1185
1185 92 1134
969 966 1039
966 969 1039
1039 966 969
1370 636 1133
1133 636 1370
636 1133 1370
686 1267 1286
1267 686 1286
1286 686 1267
697 1089 1356
1089 697 1356
1356 697 1089
726 95 195
195 95 726
95 195 726
110 824 1120
824 110 1120
1120 110 824
321 297 818
297 321 818
818 297 321
1179 1164 1436
1436 1164 1179
1164 1179 1436
1275 1144 1319
1319 1144 1275
1144 1275 1319
787 584 698
698 584 787
584 698 787
131 893 970
970 131 893
893 131 970
786 577 845
845 577 786
577 786 845
691 667 1393
1393 667 691
667 691 1393
1050 760 1186
760 1050 1186
1186 760 1050
217 283 762
762 217 283
283 217 762
1035 937 1428
1428 937 1035
937 1035 1428
783 115 961
961 115 783
115 783 961
1066 730 1155
1155 730 1066
730 1066 1155
1149 1019 1230
1019 1149 1230
1230 1019 1149
855 65 141
141 65 855
65 141 855
94 990 1026
990 94 1026
1026 94 990
418 382 566
566 382 418
382 418 566
1062 113 272
113 272 1062
272 113 1062
509 187 494
494 187 509
187 494 509
801 308 1270
308 801 1270
1270 308 801
671 530 1360
530 671 1360
1360 530 671
425 994 1121
994 425 1121
1121 425 994
758 1305 1499
1499 758 1305
1305 758 1499
421 639 1206
1206 421 639
639 421 1206
1490 569 776
776 569 1490
569 776 1490
286 775 1320
1320 286 775
775 286 1320
1099 295 1373
1373 295 1099
295 1099 1373
844 604 765
604 765 844
765 604 844
719 180 1052
1052 180 719
180 719 1052
318 637 1413
1413 318 637
637 318 1413
681 215 1237
1237 215 681
215 681 1237
1212 487 1010
487 1010 1212
1010 487 1212
536 181 651
651 181 536
181 536 651
364 293 631
293 364 631
631 293 364
627 1114 1269
1114 627 1269
1269 627 1114
768 7 303
303 7 768
7 303 768
86 482 1178
482 86 1178
1178 86 482
224 125 1307
1307 125 224
125 224 1307
