2350 9368 11210
11210 2350 9368
9368 2350 11210
14115 1946 11041
1946 11041 14115
11041 1946 14115
79 6168 7231
7231 79 6168
6168 79 7231
7002 2264 9323
2264 7002 9323
9323 2264 7002
1091 10452 14506
14506 1091 10452
10452 1091 14506
5573 4110 6244
4110 5573 6244
6244 4110 5573
13271 2917 11145
11145 2917 13271
2917 11145 13271
5950 2063 3109
2063 3109 5950
3109 2063 5950
12816 1638 9246
1638 9246 12816
9246 1638 12816
10992 4046 7245
7245 4046 10992
4046 7245 10992
1895 4332 7174
4332 1895 7174
7174 1895 4332
6187 8653 10725
10725 6187 8653
8653 6187 10725
7037 9496 12399
12399 7037 9496
9496 7037 12399
3935 131 5483
131 3935 5483
5483 131 3935
13460 1436 2054
2054 1436 13460
1436 2054 13460
11011 5610 7803
5610 7803 11011
7803 5610 11011
5230 537 13904
13904 537 5230
537 5230 13904
3274 2197 11307
11307 2197 3274
2197 3274 11307
10889 10029 11082
10029 10889 11082
11082 10029 10889
9753 2357 7460
7460 2357 9753
2357 7460 9753
4591 11410 13479
13479 4591 11410
11410 4591 13479
11388 13127 13555
13127 11388 13555
13555 11388 13127
7987 1008 3054
3054 1008 7987
1008 3054 7987
10755 4576 14935
14935 4576 10755
4576 10755 14935
4973 11129 12658
11129 4973 12658
12658 4973 11129
14264 8037 8559
8037 8559 14264
8559 8037 14264
6152 5155 11076
5155 6152 11076
11076 5155 6152
4758 4007 5759
4007 4758 5759
5759 4007 4758
4403 605 12156
12156 605 4403
605 4403 12156
10665 3067 13418
13418 3067 10665
3067 10665 13418
1534 6478 11259
6478 1534 11259
11259 1534 6478
4186 6596 11713
6596 4186 11713
11713 4186 6596
13931 11150 14672
14672 11150 13931
11150 13931 14672
14944 2140 9546
9546 2140 14944
2140 9546 14944
1044 9019 11484
9019 1044 11484
11484 1044 9019
1174 10737 13664
13664 1174 10737
10737 1174 13664
211 5225 14427
14427 211 5225
5225 211 14427
3478 4422 14011
14011 3478 4422
4422 3478 14011
13216 4333 4941
4333 4941 13216
4941 4333 13216
8100 11396 14899
11396 8100 14899
14899 8100 11396
11330 1551 3552
3552 1551 11330
1551 3552 11330
1776 5708 12535
12535 1776 5708
5708 1776 12535
417 3705 9822
9822 417 3705
3705 417 9822
12027 1324 3608
1324 3608 12027
3608 1324 12027
8071 4070 6737
6737 4070 8071
4070 6737 8071
7780 4974 7455
7455 4974 7780
4974 7455 7780
5144 2398 6414
6414 2398 5144
2398 5144 6414
3675 5046 6844
5046 3675 6844
6844 3675 5046
2325 612 14375
612 2325 14375
14375 612 2325
7580 3450 12847
12847 3450 7580
3450 7580 12847
9050 2091 11376
11376 2091 9050
2091 9050 11376
4684 9063 9316
9063 4684 9316
9316 4684 9063
9920 363 708
363 708 9920
708 363 9920
5349 8402 13996
13996 5349 8402
8402 5349 13996
11483 1609 6062
1609 6062 11483
6062 1609 11483
4584 7350 8901
7350 4584 8901
8901 4584 7350
14068 10105 14465
10105 14068 14465
14465 10105 14068
538 6199 6732
6199 538 6732
6732 538 6199
1455 2343 5364
2343 1455 5364
5364 1455 2343
1574 1765 7341
1765 1574 7341
7341 1574 1765
94 3536 8504
3536 94 8504
8504 94 3536
7441 6555 14738
14738 6555 7441
6555 7441 14738
6432 3280 7062
3280 6432 7062
7062 3280 6432
11279 2874 5023
5023 2874 11279
2874 5023 11279
1137 9936 11576
11576 1137 9936
9936 1137 11576
1256 6912 11413
6912 1256 11413
11413 1256 6912
12075 590 10772
10772 590 12075
590 10772 12075
2094 8670 8683
8683 2094 8670
8670 2094 8683
10738 2422 7847
7847 2422 10738
2422 7847 10738
2464 2963 11835
11835 2464 2963
2963 2464 11835
2652 255 5904
5904 255 2652
255 2652 5904
12221 5662 13371
13371 5662 12221
5662 12221 13371
11481 4280 11001
4280 11001 11481
11001 4280 11481
13734 135 4044
4044 135 13734
135 4044 13734
5604 5401 9653
5401 5604 9653
9653 5401 5604
3836 1509 7105
7105 1509 3836
1509 3836 7105
11065 5884 12253
5884 11065 12253
12253 5884 11065
918 8093 10377
8093 918 10377
10377 918 8093
10019 4045 7426
4045 7426 10019
7426 4045 10019
4091 206 11751
11751 206 4091
206 4091 11751
1321 8750 13407
13407 1321 8750
8750 1321 13407
3261 4889 7841
4889 3261 7841
7841 3261 4889
7068 1202 7005
1202 7005 7068
7005 1202 7068
2958 6967 10703
10703 2958 6967
6967 2958 10703
2849 3973 9305
9305 2849 3973
3973 2849 9305
3758 7160 7404
7160 3758 7404
7404 3758 7160
14567 870 2531
2531 870 14567
870 2531 14567
13112 5817 11092
5817 11092 13112
11092 5817 13112
1580 10777 11532
11532 1580 10777
10777 1580 11532
14443 7469 14104
7469 14104 14443
14104 7469 14443
9043 7861 9760
9760 7861 9043
7861 9043 9760
9158 5661 14295
5661 9158 14295
14295 5661 9158
12891 803 9040
9040 803 12891
803 9040 12891
405 4983 5532
5532 405 4983
4983 405 5532
8834 9593 13795
13795 8834 9593
9593 8834 13795
8953 6636 11573
6636 8953 11573
11573 6636 8953
6342 8295 9709
9709 6342 8295
8295 6342 9709
11348 5642 14230
5642 11348 14230
14230 5642 11348
14665 11770 11863
11863 11770 14665
11770 11863 14665
12220 6911 11856
6911 11856 12220
11856 6911 12220
2184 2025 6117
6117 2025 2184
2025 2184 6117
9075 438 9462
9462 438 9075
438 9075 9462
10903 10051 10550
10051 10550 10903
10550 10051 10903
11387 6506 10514
6506 10514 11387
10514 6506 11387
4888 5351 6040
6040 4888 5351
5351 4888 6040
13507 1812 9632
1812 9632 13507
9632 1812 13507
2440 5906 10063
5906 2440 10063
10063 2440 5906
12405 2328 9181
2328 9181 12405
9181 2328 12405
14910 2230 2263
2230 2263 14910
2263 2230 14910
7728 1213 4491
1213 4491 7728
4491 1213 7728
12636 7748 14251
14251 7748 12636
7748 12636 14251
2609 7904 10967
7904 2609 10967
10967 2609 7904
1696 659 6039
659 1696 6039
6039 659 1696
3864 7481 11904
7481 3864 11904
11904 3864 7481
3153 5814 6546
6546 3153 5814
5814 3153 6546
1596 428 8336
8336 428 1596
428 1596 8336
12804 5081 8090
5081 8090 12804
8090 5081 12804
9811 548 7463
7463 548 9811
548 7463 9811
11597 2104 11588
2104 11588 11597
11588 2104 11597
14469 8924 11029
8924 11029 14469
11029 8924 14469
8399 6012 12706
6012 8399 12706
12706 6012 8399
6034 2696 13907
2696 6034 13907
13907 2696 6034
203 3923 13779
13779 203 3923
3923 203 13779
3640 9189 12547
12547 3640 9189
9189 3640 12547
11926 1400 1836
1400 1836 11926
1836 1400 11926
4730 2655 8650
2655 4730 8650
8650 2655 4730
4909 287 12238
287 4909 12238
12238 287 4909
10590 175 9375
175 9375 10590
9375 175 10590
5258 1474 13777
1474 5258 13777
13777 1474 5258
5885 3818 4603
4603 3818 5885
3818 4603 5885
7678 7648 10599
10599 7648 7678
7648 7678 10599
3174 5553 13104
5553 3174 13104
13104 3174 5553
329 5235 5804
5804 329 5235
5235 329 5804
14432 1760 7698
7698 1760 14432
1760 7698 14432
536 9396 11688
9396 536 11688
11688 536 9396
2969 1928 14175
1928 2969 14175
14175 1928 2969
7942 682 1685
682 1685 7942
1685 682 7942
3122 691 3495
3495 691 3122
691 3122 3495
3492 1738 13964
13964 1738 3492
1738 3492 13964
8902 3639 13998
3639 8902 13998
13998 3639 8902
8034 7828 13330
13330 7828 8034
7828 8034 13330
2088 11107 14907
11107 2088 14907
14907 2088 11107
1943 6426 11471
6426 1943 11471
11471 1943 6426
10658 866 6652
866 6652 10658
6652 866 10658
5105 256 276
276 256 5105
256 276 5105
8194 628 14232
14232 628 8194
628 8194 14232
13048 5414 5982
5982 5414 13048
5414 5982 13048
9020 5680 14866
5680 9020 14866
14866 5680 9020
12068 6989 10076
10076 6989 12068
6989 10076 12068
7055 6173 7374
7374 6173 7055
6173 7055 7374
12922 1543 7767
1543 7767 12922
7767 1543 12922
8346 4739 8544
4739 8346 8544
8544 4739 8346
2693 7633 9710
7633 2693 9710
9710 2693 7633
2591 146 4834
4834 146 2591
146 2591 4834
7239 1732 3960
1732 3960 7239
3960 1732 7239
7694 4 6457
6457 4 7694
4 6457 7694
2128 2790 12599
12599 2128 2790
2790 2128 12599
13655 5908 7916
5908 7916 13655
7916 5908 13655
10608 11607 12179
11607 10608 12179
12179 10608 11607
2365 2480 13981
2480 2365 13981
13981 2365 2480
10962 7071 13658
13658 7071 10962
7071 10962 13658
10419 760 11120
760 10419 11120
11120 760 10419
3927 12763 13262
13262 3927 12763
12763 3927 13262
2539 2205 7057
2205 2539 7057
7057 2205 2539
9159 4271 14226
14226 4271 9159
4271 9159 14226
7551 5762 10178
5762 7551 10178
10178 5762 7551
1435 82 14431
82 1435 14431
14431 82 1435
12561 4386 8040
8040 4386 12561
4386 8040 12561
9284 1715 10641
1715 9284 10641
10641 1715 9284
4868 3990 10752
3990 4868 10752
10752 3990 4868
12794 1055 2707
2707 1055 12794
1055 2707 12794
9646 1388 1492
1492 1388 9646
1388 1492 9646
6014 9568 10515
10515 6014 9568
9568 6014 10515
2523 2080 12368
12368 2080 2523
2080 2523 12368
4914 2194 8357
2194 4914 8357
8357 2194 4914
1979 5550 6358
5550 1979 6358
6358 1979 5550
13036 5196 9460
5196 9460 13036
9460 5196 13036
9391 3744 14448
14448 3744 9391
3744 9391 14448
3526 349 10695
349 3526 10695
10695 349 3526
8438 1161 5674
5674 1161 8438
1161 5674 8438
3284 11672 12575
12575 3284 11672
11672 3284 12575
7497 3907 6389
6389 3907 7497
3907 6389 7497
4244 10107 11641
11641 4244 10107
10107 4244 11641
4393 2537 12004
12004 2537 4393
2537 4393 12004
7993 810 5267
810 5267 7993
5267 810 7993
7007 7795 14189
7795 7007 14189
14189 7007 7795
11137 3041 14172
3041 11137 14172
14172 3041 11137
2389 1734 7251
1734 2389 7251
7251 1734 2389
13693 11140 13535
11140 13535 13693
13535 11140 13693
13651 5397 11987
11987 5397 13651
5397 11987 13651
5448 2253 6706
2253 5448 6706
6706 2253 5448
9868 2236 9867
2236 9867 9868
9867 2236 9868
2112 4304 9424
4304 2112 9424
9424 2112 4304
841 9455 14591
14591 841 9455
9455 841 14591
8031 2772 13710
2772 8031 13710
13710 2772 8031
9370 12452 12861
12861 9370 12452
12452 9370 12861
10727 455 8434
8434 455 10727
455 8434 10727
6003 2324 3480
2324 3480 6003
3480 2324 6003
2406 9803 10426
10426 2406 9803
9803 2406 10426
8111 5409 14512
5409 8111 14512
14512 5409 8111
6538 3865 10647
10647 3865 6538
3865 6538 10647
13894 2268 13198
13198 2268 13894
2268 13198 13894
12225 5529 7205
5529 7205 12225
7205 5529 12225
8041 3452 8025
8025 3452 8041
3452 8025 8041
2053 4217 4592
4592 2053 4217
4217 2053 4592
8727 1754 2728
2728 1754 8727
1754 2728 8727
11887 2020 8574
8574 2020 11887
2020 8574 11887
13414 10812 14869
14869 10812 13414
10812 13414 14869
8260 6154 7822
6154 7822 8260
7822 6154 8260
4308 7978 11436
7978 4308 11436
11436 4308 7978
13352 729 9078
729 9078 13352
9078 729 13352
9531 2296 12369
2296 9531 12369
12369 2296 9531
3505 13726 14119
14119 3505 13726
13726 3505 14119
199 3579 11331
3579 199 11331
11331 199 3579
1788 8121 12750
12750 1788 8121
8121 1788 12750
11347 4358 7739
7739 4358 11347
4358 7739 11347
5650 2067 2129
2129 2067 5650
2067 2129 5650
7378 10908 14921
14921 7378 10908
10908 7378 14921
10337 12071 14641
14641 10337 12071
12071 10337 14641
5621 6105 7179
7179 5621 6105
6105 5621 7179
12656 4024 4872
4024 4872 12656
4872 4024 12656
5565 3523 14811
14811 3523 5565
3523 5565 14811
14863 10523 12588
10523 12588 14863
12588 10523 14863
8880 11921 14760
14760 8880 11921
11921 8880 14760
5594 2713 8626
8626 2713 5594
2713 5594 8626
12302 9400 13131
9400 12302 13131
13131 9400 12302
11152 2659 5107
2659 5107 11152
5107 2659 11152
10046 1148 8535
8535 1148 10046
1148 8535 10046
10823 2967 14302
2967 10823 14302
14302 2967 10823
10671 1642 4650
4650 1642 10671
1642 4650 10671
9266 1802 12095
1802 9266 12095
12095 1802 9266
3298 5620 11220
11220 3298 5620
5620 3298 11220
10167 2244 14538
14538 2244 10167
2244 10167 14538
9254 8045 11288
11288 8045 9254
8045 9254 11288
7836 4922 13470
13470 4922 7836
4922 7836 13470
1694 403 11909
403 1694 11909
11909 403 1694
657 6696 14950
14950 657 6696
6696 657 14950
11004 6693 14933
6693 11004 14933
14933 6693 11004
1712 13056 13621
13056 1712 13621
13621 1712 13056
7582 10995 13833
10995 7582 13833
13833 7582 10995
13921 10955 11114
11114 10955 13921
10955 11114 13921
2759 118 4949
118 2759 4949
4949 118 2759
13993 7 8076
8076 7 13993
7 8076 13993
6416 6549 10942
10942 6416 6549
6549 6416 10942
9690 3775 6052
6052 3775 9690
3775 6052 9690
7236 2927 9968
2927 7236 9968
9968 2927 7236
14734 6745 9490
9490 6745 14734
6745 9490 14734
14581 4254 5251
4254 5251 14581
5251 4254 14581
4992 318 10553
318 4992 10553
10553 318 4992
1164 9185 14772
14772 1164 9185
9185 1164 14772
12314 7581 13054
13054 7581 12314
7581 12314 13054
7411 1451 11437
1451 7411 11437
11437 1451 7411
3417 4494 8507
8507 3417 4494
4494 3417 8507
6033 5288 8203
5288 6033 8203
8203 5288 6033
9000 8163 9741
9741 8163 9000
8163 9000 9741
1582 2404 5404
2404 1582 5404
5404 1582 2404
13340 655 4193
4193 655 13340
655 4193 13340
14297 6179 8534
6179 8534 14297
8534 6179 14297
6300 6725 10390
6725 6300 10390
10390 6300 6725
3902 6345 12193
6345 3902 12193
12193 3902 6345
8634 7028 10205
10205 7028 8634
7028 8634 10205
8078 9671 11616
11616 8078 9671
9671 8078 11616
3148 5031 5188
5031 3148 5188
5188 3148 5031
12822 6378 14909
14909 6378 12822
6378 12822 14909
2946 8098 12008
12008 2946 8098
8098 2946 12008
10357 2453 8226
2453 8226 10357
8226 2453 10357
9761 789 10747
789 9761 10747
10747 789 9761
9253 8805 8825
8805 8825 9253
8825 8805 9253
10120 3493 13125
3493 10120 13125
13125 3493 10120
6655 5536 9259
9259 5536 6655
5536 6655 9259
9750 8422 13220
13220 8422 9750
8422 9750 13220
12323 8706 12130
12130 8706 12323
8706 12130 12323
13027 4943 7172
7172 4943 13027
4943 7172 13027
9733 7573 13934
13934 7573 9733
7573 9733 13934
12480 1611 5011
1611 5011 12480
5011 1611 12480
10115 7222 12729
7222 10115 12729
12729 7222 10115
7794 847 1675
847 1675 7794
1675 847 7794
9642 5684 7380
5684 7380 9642
7380 5684 9642
5966 4419 7788
4419 5966 7788
7788 4419 5966
909 678 6701
678 909 6701
6701 678 909
10670 865 12069
865 10670 12069
12069 865 10670
4966 1363 9731
1363 4966 9731
9731 1363 4966
3173 1243 1823
1243 1823 3173
1823 1243 3173
3065 4016 12643
12643 3065 4016
4016 3065 12643
8030 4937 13144
4937 8030 13144
13144 4937 8030
9472 1589 7786
1589 7786 9472
7786 1589 9472
14995 380 11715
11715 380 14995
380 11715 14995
1702 3788 8640
8640 1702 3788
3788 1702 8640
212 681 8315
681 212 8315
8315 212 681
14017 2102 7180
7180 2102 14017
2102 7180 14017
2677 1607 7712
7712 1607 2677
1607 2677 7712
7798 9157 9515
9515 7798 9157
9157 7798 9515
10370 10126 14472
14472 10126 10370
10126 10370 14472
1973 6831 10416
10416 1973 6831
6831 1973 10416
1693 8943 11487
8943 1693 11487
11487 1693 8943
11233 5867 11372
11372 5867 11233
5867 11233 11372
14212 5852 11346
5852 11346 14212
11346 5852 14212
3373 8424 12920
8424 3373 12920
12920 3373 8424
1446 756 6381
756 1446 6381
6381 756 1446
3683 5649 6769
5649 3683 6769
6769 3683 5649
8253 2812 8621
2812 8253 8621
8621 2812 8253
13490 5955 14137
5955 13490 14137
14137 5955 13490
13464 12496 14614
14614 12496 13464
12496 13464 14614
649 10008 11239
10008 649 11239
11239 649 10008
1048 1550 8449
1550 1048 8449
8449 1048 1550
10828 11580 12540
11580 10828 12540
12540 10828 11580
5042 6491 8230
8230 5042 6491
6491 5042 8230
14058 675 6661
675 6661 14058
6661 675 14058
11714 5683 10879
5683 10879 11714
10879 5683 11714
10077 742 3007
742 3007 10077
3007 742 10077
12688 3928 7539
3928 7539 12688
7539 3928 12688
193 6016 12226
12226 193 6016
6016 193 12226
3676 3005 6637
6637 3005 3676
3005 3676 6637
12648 1011 14543
14543 1011 12648
1011 12648 14543
4874 2111 10974
2111 4874 10974
10974 2111 4874
33 3588 13617
3588 33 13617
13617 33 3588
13458 6019 10201
10201 6019 13458
6019 10201 13458
11936 1701 3946
1701 3946 11936
3946 1701 11936
1743 1759 11250
1759 1743 11250
11250 1743 1759
14577 4756 14132
4756 14132 14577
14132 4756 14577
406 10277 10373
10373 406 10277
10277 406 10373
6326 5368 7518
5368 6326 7518
7518 5368 6326
5143 4012 5633
4012 5143 5633
5633 4012 5143
5657 1237 4502
1237 4502 5657
4502 1237 5657
11229 3520 8345
8345 3520 11229
3520 8345 11229
4443 1562 5481
1562 4443 5481
5481 1562 4443
11338 4493 5942
4493 5942 11338
5942 4493 11338
4496 6621 8493
6621 4496 8493
8493 4496 6621
6193 2255 6583
2255 6193 6583
6583 2255 6193
13877 6542 10021
10021 6542 13877
6542 10021 13877
7259 2294 4993
4993 2294 7259
2294 4993 7259
540 4161 8793
8793 540 4161
4161 540 8793
6036 13254 13685
13685 6036 13254
13254 6036 13685
38 6803 9913
9913 38 6803
6803 38 9913
13467 10558 13814
13814 10558 13467
10558 13467 13814
6209 11262 14487
14487 6209 11262
11262 6209 14487
11771 3432 9818
9818 3432 11771
3432 9818 11771
3601 13369 14216
14216 3601 13369
13369 3601 14216
9901 4506 11646
4506 9901 11646
11646 4506 9901
6116 400 2550
2550 400 6116
400 2550 6116
3542 8380 11085
8380 3542 11085
11085 3542 8380
14393 9004 13510
9004 13510 14393
13510 9004 14393
5262 8264 13558
13558 5262 8264
8264 5262 13558
11868 1422 8887
1422 8887 11868
8887 1422 11868
9346 738 7982
7982 738 9346
738 7982 9346
9878 1978 9603
1978 9603 9878
9603 1978 9878
6431 1123 5840
1123 5840 6431
5840 1123 6431
1039 8982 11206
8982 1039 11206
11206 1039 8982
10529 5098 8934
8934 5098 10529
5098 8934 10529
1707 1144 4753
4753 1144 1707
1144 1707 4753
4234 12187 12203
12203 4234 12187
12187 4234 12203
2662 2527 6515
2527 2662 6515
6515 2527 2662
3587 390 14084
390 3587 14084
14084 390 3587
5350 1381 12773
12773 1381 5350
1381 5350 12773
6157 6010 6981
6010 6157 6981
6981 6010 6157
594 13918 14423
13918 594 14423
14423 594 13918
2856 9459 11441
11441 2856 9459
9459 2856 11441
11231 4276 12327
4276 11231 12327
12327 4276 11231
4101 8039 14125
8039 4101 14125
14125 4101 8039
1336 2469 8023
8023 1336 2469
2469 1336 8023
12941 12993 14078
14078 12941 12993
12993 12941 14078
12320 10708 13723
10708 12320 13723
13723 10708 12320
20 3199 9148
9148 20 3199
3199 20 9148
5383 216 11188
11188 216 5383
216 5383 11188
14778 10095 10918
10095 10918 14778
10918 10095 14778
9545 4256 14858
14858 4256 9545
4256 9545 14858
12259 10117 12292
10117 12259 12292
12292 10117 12259
3642 532 12817
532 3642 12817
12817 532 3642
13529 3799 8220
8220 3799 13529
3799 8220 13529
14080 11226 13761
13761 11226 14080
11226 13761 14080
5461 2000 5887
2000 5461 5887
5887 2000 5461
11075 6750 10780
10780 6750 11075
6750 10780 11075
5086 7027 14304
7027 5086 14304
14304 5086 7027
13469 689 7687
689 7687 13469
7687 689 13469
10423 8003 9471
8003 9471 10423
9471 8003 10423
4141 9849 13031
9849 4141 13031
13031 4141 9849
3013 258 12017
258 3013 12017
12017 258 3013
7254 1880 9486
1880 7254 9486
9486 1880 7254
14669 8696 10329
8696 10329 14669
10329 8696 14669
12558 3941 12096
12096 3941 12558
3941 12096 12558
8949 3457 10219
10219 3457 8949
3457 8949 10219
196 3868 11759
11759 196 3868
3868 196 11759
9115 447 1680
447 1680 9115
1680 447 9115
14215 1078 14242
1078 14215 14242
14242 1078 14215
1774 13053 14006
13053 1774 14006
14006 1774 13053
3948 2066 8724
2066 3948 8724
8724 2066 3948
13191 221 4772
221 4772 13191
4772 221 13191
4384 11242 11496
11242 4384 11496
11496 4384 11242
10454 13274 13299
13274 10454 13299
13299 10454 13274
10225 10187 11703
11703 10187 10225
10187 10225 11703
7522 3003 6802
6802 3003 7522
3003 6802 7522
14000 1663 4759
1663 4759 14000
4759 1663 14000
1145 2950 14583
2950 1145 14583
14583 1145 2950
12586 8590 11651
11651 8590 12586
8590 11651 12586
5077 2715 5339
5339 2715 5077
2715 5077 5339
9198 3365 5725
5725 3365 9198
3365 5725 9198
12224 4636 14424
14424 4636 12224
4636 12224 14424
13500 6933 10867
6933 10867 13500
10867 6933 13500
8690 7622 14932
14932 7622 8690
7622 8690 14932
10118 1215 2682
2682 1215 10118
1215 2682 10118
9609 9677 12466
9677 9609 12466
12466 9609 9677
6499 11745 14632
11745 6499 14632
14632 6499 11745
11687 4729 13055
13055 4729 11687
4729 11687 13055
7034 1698 2729
1698 2729 7034
2729 1698 7034
10383 275 6697
6697 275 10383
275 6697 10383
4162 5876 8159
5876 4162 8159
8159 4162 5876
4033 9930 11286
9930 4033 11286
11286 4033 9930
4870 4835 6360
6360 4835 4870
4835 4870 6360
1061 10645 13081
13081 1061 10645
10645 1061 13081
8652 1639 4910
4910 1639 8652
1639 4910 8652
7114 1483 9885
1483 7114 9885
9885 1483 7114
3210 10409 14260
10409 3210 14260
14260 3210 10409
6314 3351 9654
3351 6314 9654
9654 3351 6314
1300 1306 9162
9162 1300 1306
1306 1300 9162
6250 1105 12845
1105 6250 12845
12845 1105 6250
3340 7734 14099
7734 3340 14099
14099 3340 7734
12814 9015 11177
9015 11177 12814
11177 9015 12814
323 1269 6635
1269 323 6635
6635 323 1269
13523 3703 9651
9651 3703 13523
3703 9651 13523
4143 4153 11830
4153 4143 11830
11830 4143 4153
3073 6554 7517
7517 3073 6554
6554 3073 7517
5651 1530 6382
6382 1530 5651
1530 5651 6382
5087 2106 2421
2421 2106 5087
2106 2421 5087
11774 12690 14636
14636 11774 12690
12690 11774 14636
11730 5655 8148
5655 8148 11730
8148 5655 11730
7461 12380 12823
12823 7461 12380
12380 7461 12823
14289 8599 13411
8599 13411 14289
13411 8599 14289
13149 129 12038
129 12038 13149
12038 129 13149
5681 6951 9824
9824 5681 6951
6951 5681 9824
2618 631 13602
631 2618 13602
13602 631 2618
14182 1920 12374
1920 12374 14182
12374 1920 14182
11382 8856 9280
8856 9280 11382
9280 8856 11382
11379 3085 8816
8816 3085 11379
3085 8816 11379
11068 6256 12659
12659 6256 11068
6256 11068 12659
6106 6889 10938
6889 6106 10938
10938 6106 6889
6916 2979 5158
2979 5158 6916
5158 2979 6916
8497 2248 12942
12942 2248 8497
2248 8497 12942
7210 7936 8911
7936 7210 8911
8911 7210 7936
13615 259 1990
259 1990 13615
1990 259 13615
313 5528 8283
5528 313 8283
8283 313 5528
1149 6971 7014
7014 1149 6971
6971 1149 7014
8768 9994 12552
12552 8768 9994
9994 8768 12552
3453 7771 12894
7771 3453 12894
12894 3453 7771
3140 375 7227
7227 375 3140
375 3140 7227
1147 3562 14240
14240 1147 3562
3562 1147 14240
1854 10893 14094
14094 1854 10893
10893 1854 14094
6171 3674 13718
3674 6171 13718
13718 3674 6171
14947 5635 9696
9696 5635 14947
5635 9696 14947
3903 1025 3816
3816 1025 3903
1025 3816 3903
8155 1232 2712
1232 2712 8155
2712 1232 8155
11174 6746 8697
6746 8697 11174
8697 6746 11174
12469 7161 14008
14008 7161 12469
7161 12469 14008
8839 5221 11757
5221 8839 11757
11757 5221 8839
3618 2952 14647
2952 3618 14647
14647 2952 3618
2208 3038 9668
9668 2208 3038
3038 2208 9668
8363 2305 7132
2305 7132 8363
7132 2305 8363
14395 3673 4840
4840 3673 14395
3673 4840 14395
2433 7971 13626
7971 2433 13626
13626 2433 7971
14712 3571 6587
6587 3571 14712
3571 6587 14712
9748 2908 4189
2908 4189 9748
4189 2908 9748
10121 6972 10760
6972 10121 10760
10760 6972 10121
1575 4150 10855
4150 1575 10855
10855 1575 4150
6508 1805 4407
1805 4407 6508
4407 1805 6508
6585 1842 11170
1842 6585 11170
11170 1842 6585
12463 11841 13187
11841 12463 13187
13187 11841 12463
12792 4953 5841
5841 4953 12792
4953 5841 12792
10365 10217 10424
10217 10365 10424
10424 10217 10365
12120 3605 6594
3605 6594 12120
6594 3605 12120
14963 5192 11846
5192 11846 14963
11846 5192 14963
7321 9328 9457
9457 7321 9328
9328 7321 9457
8567 14045 14610
14610 8567 14045
14045 8567 14610
3998 3583 14597
3583 3998 14597
14597 3583 3998
5981 1925 2318
1925 2318 5981
2318 1925 5981
1631 871 2423
871 1631 2423
2423 871 1631
8932 397 7382
397 7382 8932
7382 397 8932
8916 62 8142
8142 62 8916
62 8142 8916
14067 1876 14678
1876 14067 14678
14678 1876 14067
2071 9866 14780
9866 2071 14780
14780 2071 9866
3733 7617 10733
10733 3733 7617
7617 3733 10733
14120 638 4177
4177 638 14120
638 4177 14120
6962 4979 13534
4979 6962 13534
13534 4979 6962
2945 9301 13147
13147 2945 9301
9301 2945 13147
9129 6995 14751
6995 9129 14751
14751 6995 9129
486 2181 10443
10443 486 2181
2181 486 10443
10317 1086 11136
1086 10317 11136
11136 1086 10317
1500 2777 6077
2777 1500 6077
6077 1500 2777
11845 8876 11443
8876 11443 11845
11443 8876 11845
734 3862 8287
3862 734 8287
8287 734 3862
12833 6540 14629
14629 6540 12833
6540 12833 14629
262 3615 7886
3615 262 7886
7886 262 3615
13077 2704 5664
5664 2704 13077
2704 5664 13077
5310 5164 7723
5164 5310 7723
7723 5164 5310
1560 5303 8483
8483 1560 5303
5303 1560 8483
7166 3071 10088
3071 7166 10088
10088 3071 7166
9062 5881 8356
5881 8356 9062
8356 5881 9062
10340 9963 14217
9963 10340 14217
14217 9963 10340
142 4946 9068
4946 142 9068
9068 142 4946
2370 3156 6604
3156 2370 6604
6604 2370 3156
8509 716 1318
1318 716 8509
716 1318 8509
7550 4701 8293
4701 7550 8293
8293 4701 7550
12383 13277 14241
14241 12383 13277
13277 12383 14241
5309 7162 7467
7162 5309 7467
7467 5309 7162
11191 7063 12093
12093 7063 11191
7063 11191 12093
5944 3012 3053
3012 3053 5944
3053 3012 5944
12282 271 3555
271 3555 12282
3555 271 12282
8327 3531 10067
10067 3531 8327
3531 8327 10067
2835 7495 7533
7495 2835 7533
7533 2835 7495
12819 2557 12451
2557 12451 12819
12451 2557 12819
5535 6424 7143
6424 5535 7143
7143 5535 6424
8942 100 7081
100 7081 8942
7081 100 8942
14072 4547 5571
4547 5571 14072
5571 4547 14072
7990 1360 13114
1360 7990 13114
13114 1360 7990
2781 4801 7080
7080 2781 4801
4801 2781 7080
4965 7870 14913
7870 4965 14913
14913 4965 7870
7078 3819 6633
6633 3819 7078
3819 6633 7078
5792 710 11737
11737 710 5792
710 5792 11737
6445 11994 12403
11994 6445 12403
12403 6445 11994
11516 3949 14151
3949 11516 14151
14151 3949 11516
5223 2251 9465
9465 2251 5223
2251 5223 9465
4416 2201 13879
13879 2201 4416
2201 4416 13879
13930 1081 4682
4682 1081 13930
1081 4682 13930
12651 4709 14501
14501 4709 12651
4709 12651 14501
1004 470 10145
10145 470 1004
470 1004 10145
10428 3279 11579
11579 3279 10428
3279 10428 11579
1349 5549 13773
13773 1349 5549
5549 1349 13773
6485 4382 11310
11310 4382 6485
4382 6485 11310
7208 8713 12726
12726 7208 8713
8713 7208 12726
12195 579 2373
2373 579 12195
579 2373 12195
11153 2125 3316
2125 3316 11153
3316 2125 11153
13721 244 14207
14207 244 13721
244 13721 14207
10139 10536 11725
11725 10139 10536
10536 10139 11725
7744 2298 6753
2298 6753 7744
6753 2298 7744
6871 6452 9520
6452 6871 9520
9520 6452 6871
9443 13541 13661
13541 9443 13661
13661 9443 13541
11758 3256 3355
3355 3256 11758
3256 3355 11758
9788 190 9752
9752 190 9788
190 9752 9788
985 6503 9364
6503 985 9364
9364 985 6503
1166 3858 14188
3858 1166 14188
14188 1166 3858
14479 8784 9118
8784 9118 14479
9118 8784 14479
6777 1000 7243
1000 6777 7243
7243 1000 6777
698 7127 14495
7127 698 14495
14495 698 7127
3856 9695 14998
14998 3856 9695
9695 3856 14998
1956 1592 3292
3292 1592 1956
1592 1956 3292
12431 8479 10215
8479 10215 12431
10215 8479 12431
886 1417 5278
5278 886 1417
1417 886 5278
2995 10249 10312
10312 2995 10249
10249 2995 10312
9723 3717 4708
3717 4708 9723
4708 3717 9723
10593 3835 11058
3835 10593 11058
11058 3835 10593
462 10338 12940
10338 462 12940
12940 462 10338
3287 977 6316
977 3287 6316
6316 977 3287
4220 9933 13955
13955 4220 9933
9933 4220 13955
9848 4775 9757
4775 9757 9848
9757 4775 9848
6569 8637 13648
13648 6569 8637
8637 6569 13648
9838 6665 9317
6665 9317 9838
9317 6665 9838
6945 13295 14387
14387 6945 13295
13295 6945 14387
23 6944 7330
6944 23 7330
7330 23 6944
9893 8579 13026
8579 9893 13026
13026 8579 9893
13979 4536 11953
11953 4536 13979
4536 11953 13979
12438 5658 6087
6087 5658 12438
5658 6087 12438
12807 1033 7838
7838 1033 12807
1033 7838 12807
2103 11088 14871
11088 2103 14871
14871 2103 11088
13567 7074 12089
12089 7074 13567
7074 12089 13567
10984 4370 13838
4370 10984 13838
13838 4370 10984
8777 7742 9279
7742 8777 9279
9279 7742 8777
14192 10517 12748
12748 10517 14192
10517 12748 14192
9768 9091 11741
9091 9768 11741
11741 9091 9768
5005 6610 11650
6610 5005 11650
11650 5005 6610
7627 251 1068
1068 251 7627
251 1068 7627
12006 3119 14319
3119 12006 14319
14319 3119 12006
9855 5929 12967
12967 5929 9855
5929 9855 12967
14063 5961 13915
5961 13915 14063
13915 5961 14063
7031 273 11476
11476 273 7031
273 7031 11476
2611 4923 7815
7815 2611 4923
4923 2611 7815
1577 4557 12542
12542 1577 4557
4557 1577 12542
14071 9601 11618
9601 11618 14071
11618 9601 14071
1114 11332 13310
11332 1114 13310
13310 1114 11332
14070 7149 11267
11267 7149 14070
7149 11267 14070
5522 5344 9998
9998 5344 5522
5344 5522 9998
11575 8340 9418
9418 8340 11575
8340 9418 11575
5801 3711 9182
9182 3711 5801
3711 5801 9182
929 2858 5503
2858 929 5503
5503 929 2858
10227 815 14250
14250 815 10227
815 10227 14250
11095 5994 6537
5994 6537 11095
6537 5994 11095
4750 8444 10332
10332 4750 8444
8444 4750 10332
3250 2972 14843
14843 2972 3250
2972 3250 14843
10434 4511 5685
4511 5685 10434
5685 4511 10434
3626 4791 13582
13582 3626 4791
4791 3626 13582
1831 6436 12863
12863 1831 6436
6436 1831 12863
8776 6789 10458
10458 6789 8776
6789 8776 10458
9355 8460 14709
14709 8460 9355
8460 9355 14709
330 8948 9521
8948 330 9521
9521 330 8948
8803 2021 5074
2021 5074 8803
5074 2021 8803
5552 3762 12697
12697 3762 5552
3762 5552 12697
9153 2246 10147
2246 9153 10147
10147 2246 9153
12630 3111 3487
3111 3487 12630
3487 3111 12630
5870 8789 12441
12441 5870 8789
8789 5870 12441
719 7045 9856
9856 719 7045
7045 719 9856
11735 4588 5871
4588 5871 11735
5871 4588 11735
10354 5097 12150
5097 10354 12150
12150 5097 10354
5120 1120 12668
12668 1120 5120
1120 5120 12668
3339 2167 4740
4740 2167 3339
2167 3339 4740
5136 5177 14247
5177 5136 14247
14247 5136 5177
7882 1469 7745
7745 1469 7882
1469 7745 7882
5984 817 10266
10266 817 5984
817 5984 10266
11726 2336 9191
9191 2336 11726
2336 9191 11726
14595 230 2701
2701 230 14595
230 2701 14595
11426 9409 12331
12331 9409 11426
9409 11426 12331
12306 1650 12045
1650 12045 12306
12045 1650 12306
10683 1459 7335
7335 1459 10683
1459 7335 10683
2878 13763 14887
13763 2878 14887
14887 2878 13763
480 730 12885
12885 480 730
730 480 12885
11908 5248 6239
6239 5248 11908
5248 6239 11908
7753 10712 11619
10712 7753 11619
11619 7753 10712
14803 7320 8241
8241 7320 14803
7320 8241 14803
8757 7848 11417
11417 7848 8757
7848 8757 11417
9387 10134 11556
11556 9387 10134
10134 9387 11556
2030 9611 14510
14510 2030 9611
9611 2030 14510
4287 4062 5492
4062 4287 5492
5492 4062 4287
69 857 6674
857 69 6674
6674 69 857
8292 7509 14758
7509 8292 14758
14758 7509 8292
4223 310 8247
8247 310 4223
310 4223 8247
5269 6211 8103
6211 5269 8103
8103 5269 6211
3216 430 11632
430 3216 11632
11632 430 3216
10632 10673 13844
10673 10632 13844
13844 10632 10673
8278 13134 13255
13134 8278 13255
13255 8278 13134
8881 1645 4076
4076 1645 8881
1645 4076 8881
4058 5844 10825
10825 4058 5844
5844 4058 10825
9123 6939 11309
6939 9123 11309
11309 6939 9123
12791 11677 13402
13402 11677 12791
11677 12791 13402
6425 3372 10744
10744 3372 6425
3372 6425 10744
7316 14477 14975
14477 7316 14975
14975 7316 14477
10913 1623 12624
12624 1623 10913
1623 10913 12624
5864 4844 13279
4844 5864 13279
13279 4844 5864
64 1737 11879
1737 64 11879
11879 64 1737
10996 750 5931
750 5931 10996
5931 750 10996
13072 845 12421
845 12421 13072
12421 845 13072
9362 13511 14386
14386 9362 13511
13511 9362 14386
13759 6728 14834
6728 13759 14834
14834 6728 13759
1948 565 9995
9995 565 1948
565 1948 9995
5208 11843 14100
14100 5208 11843
11843 5208 14100
14588 4866 5807
5807 4866 14588
4866 5807 14588
1234 1722 2331
1722 1234 2331
2331 1234 1722
143 5090 11368
5090 143 11368
11368 143 5090
10319 1874 9485
9485 1874 10319
1874 9485 10319
8893 9865 11257
11257 8893 9865
9865 8893 11257
9507 6194 14941
6194 9507 14941
14941 6194 9507
14398 4550 12543
4550 12543 14398
12543 4550 14398
14328 4423 14310
14310 4423 14328
4423 14310 14328
8971 3022 5601
3022 5601 8971
5601 3022 8971
1043 6308 12538
12538 1043 6308
6308 1043 12538
11418 1590 7082
1590 7082 11418
7082 1590 11418
5829 6373 11897
11897 5829 6373
6373 5829 11897
10004 3187 6999
3187 6999 10004
6999 3187 10004
12211 5182 14576
14576 5182 12211
5182 12211 14576
13707 8629 12661
12661 8629 13707
8629 12661 13707
9493 1128 11401
1128 9493 11401
11401 1128 9493
8128 1800 6586
1800 6586 8128
6586 1800 8128
1140 5009 11258
5009 1140 11258
11258 1140 5009
3651 13386 14505
13386 3651 14505
14505 3651 13386
1820 1593 10569
10569 1593 1820
1593 1820 10569
4904 4595 13176
13176 4595 4904
4595 4904 13176
2876 6948 7092
7092 2876 6948
6948 2876 7092
6874 8269 14110
8269 6874 14110
14110 6874 8269
1301 9737 11952
11952 1301 9737
9737 1301 11952
9993 4635 6359
6359 4635 9993
4635 6359 9993
5338 3787 12989
3787 5338 12989
12989 3787 5338
7183 1505 5220
5220 1505 7183
1505 5220 7183
13916 6410 12229
12229 6410 13916
6410 12229 13916
9192 8894 11329
11329 8894 9192
8894 9192 11329
2552 6743 14722
6743 2552 14722
14722 2552 6743
2912 3834 5224
5224 2912 3834
3834 2912 5224
187 6276 8565
8565 187 6276
6276 187 8565
5639 3196 8440
3196 5639 8440
8440 3196 5639
618 3755 10728
3755 618 10728
10728 618 3755
4747 1268 9808
9808 1268 4747
1268 4747 9808
9173 4574 10894
4574 9173 10894
10894 4574 9173
9303 4279 10556
10556 4279 9303
4279 9303 10556
10676 11295 11935
11935 10676 11295
11295 10676 11935
4129 3578 13142
3578 4129 13142
13142 3578 4129
1670 3092 4448
3092 1670 4448
4448 1670 3092
459 6810 10819
10819 459 6810
6810 459 10819
418 5660 9445
5660 418 9445
9445 418 5660
6128 987 4864
4864 987 6128
987 4864 6128
2007 11301 11530
11301 2007 11530
11530 2007 11301
17 2752 4211
4211 17 2752
2752 17 4211
14244 311 6041
6041 311 14244
311 6041 14244
13928 3088 9779
9779 3088 13928
3088 9779 13928
2938 3936 9883
3936 2938 9883
9883 2938 3936
3532 2107 6888
6888 2107 3532
2107 3532 6888
9383 9235 13966
13966 9235 9383
9235 9383 13966
1961 7286 12050
12050 1961 7286
7286 1961 12050
4811 1006 3833
3833 1006 4811
1006 3833 4811
8088 2151 4450
2151 4450 8088
4450 2151 8088
9410 7326 14467
14467 7326 9410
7326 9410 14467
10596 3332 7765
7765 3332 10596
3332 7765 10596
10054 9638 14450
9638 10054 14450
14450 9638 10054
6161 7510 10822
10822 6161 7510
7510 6161 10822
2024 1901 8906
1901 2024 8906
8906 1901 2024
10262 6891 14700
6891 10262 14700
14700 6891 10262
1263 732 3045
732 1263 3045
3045 732 1263
12951 3246 7686
3246 7686 12951
7686 3246 12951
11813 8064 10336
10336 8064 11813
8064 10336 11813
14082 1878 3418
3418 1878 14082
1878 3418 14082
14822 2614 12049
2614 12049 14822
12049 2614 14822
1988 5486 9012
9012 1988 5486
5486 1988 9012
11540 4637 9939
9939 4637 11540
4637 9939 11540
11754 1127 13601
1127 11754 13601
13601 1127 11754
6210 6015 11386
6015 6210 11386
11386 6015 6210
776 436 4373
4373 436 776
436 776 4373
9405 5296 13706
13706 5296 9405
5296 9405 13706
5721 8021 10269
8021 5721 10269
10269 5721 8021
6748 964 2400
2400 964 6748
964 2400 6748
9226 5548 10935
5548 9226 10935
10935 5548 9226
12631 9258 13604
13604 9258 12631
9258 12631 13604
9563 1109 5389
1109 5389 9563
5389 1109 9563
8899 3724 13503
3724 8899 13503
13503 3724 8899
6847 8605 12562
8605 6847 12562
12562 6847 8605
2120 13023 14704
13023 2120 14704
14704 2120 13023
4936 1841 2349
1841 2349 4936
2349 1841 4936
4817 7309 14347
14347 4817 7309
7309 4817 14347
8764 1556 3780
3780 1556 8764
1556 3780 8764
8868 3669 7379
7379 3669 8868
3669 7379 8868
8769 5166 6215
6215 5166 8769
5166 6215 8769
10750 1962 2819
2819 1962 10750
1962 2819 10750
12751 3416 4564
3416 4564 12751
4564 3416 12751
11634 8515 11138
8515 11138 11634
11138 8515 11634
6169 10532 13909
13909 6169 10532
10532 6169 13909
85 3573 6836
3573 85 6836
6836 85 3573
13587 960 14444
14444 960 13587
960 13587 14444
2602 3869 12577
3869 2602 12577
12577 2602 3869
1691 9475 13181
9475 1691 13181
13181 1691 9475
3528 2694 8140
8140 2694 3528
2694 3528 8140
2280 10729 12568
10729 2280 12568
12568 2280 10729
13280 3347 14270
3347 13280 14270
14270 3347 13280
1554 1385 6532
1385 1554 6532
6532 1385 1554
11077 10586 11960
11960 10586 11077
10586 11077 11960
6993 3593 12938
12938 3593 6993
3593 6993 12938
8240 8281 13627
13627 8240 8281
8281 8240 13627
13839 4306 6406
6406 4306 13839
4306 6406 13839
11353 9074 13680
13680 9074 11353
9074 11353 13680
9072 9711 14341
14341 9072 9711
9711 9072 14341
2732 10410 14243
10410 2732 14243
14243 2732 10410
12346 8471 10700
8471 10700 12346
10700 8471 12346
6078 9599 10320
9599 6078 10320
10320 6078 9599
5986 6025 10718
10718 5986 6025
6025 5986 10718
13267 7541 13268
7541 13267 13268
13268 7541 13267
9001 772 11951
772 9001 11951
11951 772 9001
7840 4871 10233
10233 4871 7840
4871 7840 10233
2105 2723 3115
2723 2105 3115
3115 2105 2723
11143 7927 9550
9550 7927 11143
7927 9550 11143
4568 10881 14237
14237 4568 10881
10881 4568 14237
3150 5711 6190
5711 3150 6190
6190 3150 5711
2867 13132 13532
13132 2867 13532
13532 2867 13132
3158 1341 12288
1341 3158 12288
12288 1341 3158
9232 869 10154
10154 869 9232
869 9232 10154
14214 479 8202
479 8202 14214
8202 479 14214
45 6060 14459
6060 45 14459
14459 45 6060
6523 731 5316
5316 731 6523
731 5316 6523
3617 13521 14820
14820 3617 13521
13521 3617 14820
14920 4887 14007
4887 14007 14920
14007 4887 14920
3464 4415 12616
4415 3464 12616
12616 3464 4415
639 10403 14203
14203 639 10403
10403 639 14203
7919 3189 11298
3189 7919 11298
11298 3189 7919
3496 1581 6286
1581 3496 6286
6286 1581 3496
3162 12675 14526
12675 3162 14526
14526 3162 12675
11819 482 6220
482 6220 11819
6220 482 11819
14449 1224 3748
3748 1224 14449
1224 3748 14449
13373 4921 13970
13970 4921 13373
4921 13373 13970
12945 4156 10359
4156 10359 12945
10359 4156 12945
6675 10993 13158
10993 6675 13158
13158 6675 10993
5786 11334 12287
11334 5786 12287
12287 5786 11334
9955 3812 8814
3812 8814 9955
8814 3812 9955
4814 12727 13533
13533 4814 12727
12727 4814 13533
1450 3378 10948
10948 1450 3378
3378 1450 10948
12530 8480 11448
8480 11448 12530
11448 8480 12530
14691 2966 4206
2966 4206 14691
4206 2966 14691
14360 8153 12507
12507 8153 14360
8153 12507 14360
14880 12430 14155
14155 12430 14880
12430 14155 14880
4237 6811 14689
14689 4237 6811
6811 4237 14689
8056 14697 14723
14697 8056 14723
14723 8056 14697
1845 3288 13646
13646 1845 3288
3288 1845 13646
13315 4981 9590
4981 9590 13315
9590 4981 13315
1618 7001 7040
7001 1618 7040
7040 1618 7001
9598 1356 14496
1356 9598 14496
14496 1356 9598
1860 9384 14703
9384 1860 14703
14703 1860 9384
3604 7996 11602
7996 3604 11602
11602 3604 7996
4677 105 6281
105 4677 6281
6281 105 4677
6334 6742 11637
11637 6334 6742
6742 6334 11637
10293 434 5173
434 5173 10293
5173 434 10293
13193 12578 13812
12578 13193 13812
13812 12578 13193
1036 3846 7519
7519 1036 3846
3846 1036 7519
3841 5767 8527
5767 3841 8527
8527 3841 5767
14958 1368 3297
3297 1368 14958
1368 3297 14958
7651 1630 7342
7342 1630 7651
1630 7342 7651
3790 3809 3943
3809 3790 3943
3943 3790 3809
1914 4766 5787
4766 1914 5787
5787 1914 4766
1463 5265 11507
5265 1463 11507
11507 1463 5265
7662 523 5991
523 5991 7662
5991 523 7662
5810 3566 6590
6590 3566 5810
3566 5810 6590
7911 7964 12329
7964 7911 12329
12329 7911 7964
12700 8646 14571
14571 8646 12700
8646 12700 14571
2866 1418 7435
7435 1418 2866
1418 2866 7435
1936 2097 14552
2097 1936 14552
14552 1936 2097
10792 6752 7456
7456 6752 10792
6752 7456 10792
5921 6870 10669
6870 5921 10669
10669 5921 6870
7459 1332 13610
13610 1332 7459
1332 7459 13610
12465 4474 4664
4664 4474 12465
4474 4664 12465
9716 7572 13224
7572 9716 13224
13224 7572 9716
81 8500 10705
10705 81 8500
8500 81 10705
8528 1787 7623
7623 1787 8528
1787 7623 8528
8848 5226 11074
5226 8848 11074
11074 5226 8848
6114 4968 12138
4968 6114 12138
12138 4968 6114
5211 9178 13545
13545 5211 9178
9178 5211 13545
14354 2973 11742
11742 2973 14354
2973 11742 14354
8872 3118 10322
3118 8872 10322
10322 3118 8872
9270 5538 12884
12884 5538 9270
5538 9270 12884
4784 7402 12356
12356 4784 7402
7402 4784 12356
12154 3397 12571
12571 3397 12154
3397 12154 12571
13437 3348 14437
3348 13437 14437
14437 3348 13437
11010 4300 13962
13962 4300 11010
4300 11010 13962
6770 12730 13790
13790 6770 12730
12730 6770 13790
10414 6852 11626
6852 10414 11626
11626 6852 10414
9151 10619 11748
10619 9151 11748
11748 9151 10619
9756 1594 5236
1594 5236 9756
5236 1594 9756
6654 1315 11291
1315 6654 11291
11291 1315 6654
898 1113 2906
1113 898 2906
2906 898 1113
13058 3728 12708
12708 3728 13058
3728 12708 13058
9404 3645 7516
7516 3645 9404
3645 7516 9404
13800 6533 14886
14886 6533 13800
6533 13800 14886
12844 1535 14892
1535 12844 14892
14892 1535 12844
7508 12053 14041
14041 7508 12053
12053 7508 14041
4672 4140 9789
9789 4140 4672
4140 4672 9789
7328 9031 12738
9031 7328 12738
12738 7328 9031
2164 2008 6330
6330 2008 2164
2008 2164 6330
12594 11780 12857
11780 12594 12857
12857 11780 12594
4054 1195 6162
6162 1195 4054
1195 4054 6162
9398 327 9673
9673 327 9398
327 9398 9673
2905 3958 13920
3958 2905 13920
13920 2905 3958
10192 1457 5393
5393 1457 10192
1457 5393 10192
10994 4528 8257
4528 8257 10994
8257 4528 10994
9450 4043 9944
9944 4043 9450
4043 9450 9944
8660 7334 9358
9358 7334 8660
7334 8660 9358
12752 12472 13146
13146 12472 12752
12472 12752 13146
3652 8711 9491
9491 3652 8711
8711 3652 9491
