8615 5329 6411
5329 6411 8615
6411 5329 8615
14869 5597 14099
14099 5597 14869
5597 14099 14869
3705 2490 13147
13147 2490 3705
2490 3705 13147
254 10499 13180
13180 254 10499
10499 254 13180
12301 5319 10776
5319 10776 12301
10776 5319 12301
5694 5292 5642
5292 5642 5694
5642 5292 5694
3474 6752 8551
6752 3474 8551
8551 3474 6752
10132 953 7538
953 7538 10132
7538 953 10132
2433 3054 9555
3054 2433 9555
9555 2433 3054
9715 8794 14304
14304 8794 9715
8794 9715 14304
5088 5126 8575
8575 5088 5126
5126 5088 8575
4293 8445 11824
11824 4293 8445
8445 4293 11824
6484 2574 7131
2574 6484 7131
7131 2574 6484
482 7475 10204
7475 482 10204
10204 482 7475
3185 1285 5479
1285 3185 5479
5479 1285 3185
8395 6809 11349
11349 6809 8395
6809 8395 11349
4426 2372 7698
7698 2372 4426
2372 4426 7698
3026 6777 13539
13539 3026 6777
6777 3026 13539
8728 8273 13645
8273 8728 13645
13645 8273 8728
2618 6651 7783
7783 2618 6651
6651 2618 7783
11805 5419 9123
9123 5419 11805
5419 9123 11805
2580 7906 11224
11224 2580 7906
7906 2580 11224
2205 6630 13507
6630 2205 13507
13507 2205 6630
13717 4151 9585
9585 4151 13717
4151 9585 13717
8358 11445 14908
14908 8358 11445
11445 8358 14908
9360 1147 1346
1346 1147 9360
1147 1346 9360
3721 10113 11784
10113 3721 11784
11784 3721 10113
8384 1106 7870
7870 1106 8384
1106 7870 8384
8645 370 12885
12885 370 8645
370 8645 12885
12015 1221 5997
5997 1221 12015
1221 5997 12015
5171 8958 11633
8958 5171 11633
11633 5171 8958
10622 5689 9735
9735 5689 10622
5689 9735 10622
4921 4632 13040
4632 4921 13040
13040 4632 4921
2368 12883 14241
14241 2368 12883
12883 2368 14241
959 2232 5076
5076 959 2232
2232 959 5076
3552 3849 7600
7600 3552 3849
3849 3552 7600
5600 3096 4489
4489 3096 5600
3096 4489 5600
887 1237 4747
1237 887 4747
4747 887 1237
9625 2532 14577
2532 9625 14577
14577 2532 9625
3264 6379 14283
6379 3264 14283
14283 3264 6379
14850 4559 11771
11771 4559 14850
4559 11771 14850
11149 8167 13238
8167 11149 13238
13238 8167 11149
3503 8440 13028
13028 3503 8440
8440 3503 13028
5901 11787 14517
14517 5901 11787
11787 5901 14517
13974 84 7305
7305 84 13974
84 7305 13974
7956 9510 14267
14267 7956 9510
9510 7956 14267
4134 815 4164
4164 815 4134
815 4134 4164
7767 2153 11479
11479 2153 7767
2153 7767 11479
14017 2712 9143
2712 9143 14017
9143 2712 14017
13811 3699 10914
10914 3699 13811
3699 10914 13811
13493 11990 14305
14305 11990 13493
11990 13493 14305
3397 2830 7947
7947 2830 3397
2830 3397 7947
7222 3977 13282
13282 3977 7222
3977 7222 13282
12262 1051 11596
1051 11596 12262
11596 1051 12262
8347 4072 7545
7545 4072 8347
4072 7545 8347
11762 138 5874
138 5874 11762
5874 138 11762
8888 1058 11409
1058 8888 11409
11409 1058 8888
12477 1701 7343
7343 1701 12477
1701 7343 12477
13286 4328 8032
4328 8032 13286
8032 4328 13286
11039 6575 9352
6575 9352 11039
9352 6575 11039
10833 2276 5566
2276 5566 10833
5566 2276 10833
566 3776 6045
3776 566 6045
6045 566 3776
10059 167 7945
167 7945 10059
7945 167 10059
5274 8438 12607
12607 5274 8438
8438 5274 12607
13662 101 1134
101 1134 13662
1134 101 13662
10682 9174 11689
11689 9174 10682
9174 10682 11689
4572 9022 14056
14056 4572 9022
9022 4572 14056
8913 3 417
417 3 8913
3 417 8913
13215 1684 1889
1889 1684 13215
1684 1889 13215
7550 9255 13597
9255 7550 13597
13597 7550 9255
4960 3579 14145
3579 4960 14145
14145 3579 4960
12795 6106 14514
14514 6106 12795
6106 12795 14514
5368 2052 6930
6930 2052 5368
2052 5368 6930
1962 1840 13070
13070 1840 1962
1840 1962 13070
3391 4771 11118
11118 3391 4771
4771 3391 11118
2182 9550 12478
12478 2182 9550
9550 2182 12478
8453 789 2790
2790 789 8453
789 2790 8453
5579 5485 11292
5485 5579 11292
11292 5485 5579
629 2 1849
2 629 1849
1849 2 629
10883 3777 9363
3777 9363 10883
9363 3777 10883
4830 3808 6467
3808 4830 6467
6467 3808 4830
3654 11976 13614
11976 3654 13614
13614 3654 11976
240 6952 13640
6952 240 13640
13640 240 6952
14819 468 13829
468 13829 14819
13829 468 14819
10335 669 9747
9747 669 10335
669 9747 10335
8352 459 5591
5591 459 8352
459 5591 8352
6125 10760 12190
10760 6125 12190
12190 6125 10760
1037 2962 9903
2962 1037 9903
9903 1037 2962
5396 5608 11346
11346 5396 5608
5608 5396 11346
1851 3057 8626
3057 1851 8626
8626 1851 3057
305 2046 2858
2858 305 2046
2046 305 2858
13475 9277 10596
9277 10596 13475
10596 9277 13475
5323 12105 14289
14289 5323 12105
12105 5323 14289
3531 8207 12403
12403 3531 8207
8207 3531 12403
4373 1599 2019
2019 1599 4373
1599 2019 4373
7384 5402 6340
6340 5402 7384
5402 6340 7384
5216 2271 2693
2693 2271 5216
2271 2693 5216
12195 11150 13016
11150 12195 13016
13016 11150 12195
6197 983 10052
983 6197 10052
10052 983 6197
6201 9125 14350
9125 6201 14350
14350 6201 9125
38 648 6904
648 38 6904
6904 38 648
4491 2376 12888
12888 2376 4491
2376 4491 12888
12996 10238 11931
10238 11931 12996
11931 10238 12996
6131 3850 12793
12793 3850 6131
3850 6131 12793
14720 8649 13561
13561 8649 14720
8649 13561 14720
4001 10469 10486
10469 4001 10486
10486 4001 10469
6392 4891 10360
10360 4891 6392
4891 6392 10360
2791 6080 9390
9390 2791 6080
6080 2791 9390
7145 13722 13822
13822 7145 13722
13722 7145 13822
1281 1035 1411
1411 1035 1281
1035 1281 1411
6808 12397 14208
12397 6808 14208
14208 6808 12397
4720 3234 5004
3234 4720 5004
5004 3234 4720
3254 1907 7697
1907 3254 7697
7697 1907 3254
9577 1514 13451
1514 9577 13451
13451 1514 9577
7582 83 1268
1268 83 7582
83 1268 7582
7 2536 5261
2536 7 5261
5261 7 2536
2138 25 3152
3152 25 2138
25 2138 3152
1182 5929 6368
5929 1182 6368
6368 1182 5929
11774 766 1238
1238 766 11774
766 1238 11774
11754 9372 14999
14999 9372 11754
9372 11754 14999
1096 8068 10174
8068 1096 10174
10174 1096 8068
2572 5717 13039
5717 2572 13039
13039 2572 5717
3737 319 6357
6357 319 3737
319 3737 6357
4208 2333 13030
13030 2333 4208
2333 4208 13030
7416 4441 9313
9313 4441 7416
4441 7416 9313
6252 7108 12543
12543 6252 7108
7108 6252 12543
3071 4663 5314
5314 3071 4663
4663 3071 5314
2189 6114 13304
6114 2189 13304
13304 2189 6114
12059 5920 14551
5920 12059 14551
14551 5920 12059
13977 7860 11401
11401 7860 13977
7860 11401 13977
10840 5806 8161
5806 8161 10840
8161 5806 10840
13684 12558 14729
12558 13684 14729
14729 12558 13684
76 1095 9717
9717 76 1095
1095 76 9717
11993 4270 5182
5182 4270 11993
4270 5182 11993
8806 3297 13447
13447 3297 8806
3297 8806 13447
8451 2538 11834
11834 2538 8451
2538 8451 11834
3221 1559 4225
4225 1559 3221
1559 3221 4225
8123 6727 14498
14498 6727 8123
6727 8123 14498
8603 5112 9270
9270 5112 8603
5112 8603 9270
541 301 8508
8508 301 541
301 541 8508
6513 10139 13761
13761 6513 10139
10139 6513 13761
1335 3460 12024
12024 1335 3460
3460 1335 12024
6426 6076 11977
6076 6426 11977
11977 6076 6426
8464 1770 8319
1770 8319 8464
8319 1770 8464
2673 3652 14004
3652 2673 14004
14004 2673 3652
1529 5557 12635
5557 1529 12635
12635 1529 5557
5987 5119 9979
9979 5119 5987
5119 5987 9979
12056 614 14591
614 12056 14591
14591 614 12056
13843 3921 4279
4279 3921 13843
3921 4279 13843
4925 1582 13860
1582 4925 13860
13860 1582 4925
3015 2489 5609
5609 2489 3015
2489 3015 5609
6374 6981 9586
6981 6374 9586
9586 6374 6981
7330 964 9687
9687 964 7330
964 7330 9687
653 4606 8144
8144 653 4606
4606 653 8144
4145 2561 4190
2561 4145 4190
4190 2561 4145
8729 2864 8178
8178 2864 8729
2864 8178 8729
6552 832 7133
7133 832 6552
832 6552 7133
4795 3803 12202
3803 4795 12202
12202 3803 4795
2908 10714 13323
13323 2908 10714
10714 2908 13323
2341 6113 10798
10798 2341 6113
6113 2341 10798
9830 6009 8621
6009 8621 9830
8621 6009 9830
7386 2827 10888
2827 7386 10888
10888 2827 7386
6591 5278 9026
9026 5278 6591
5278 6591 9026
8934 199 8348
199 8348 8934
8348 199 8934
3644 14726 14770
14726 3644 14770
14770 3644 14726
14415 5949 11615
11615 5949 14415
5949 11615 14415
11116 1500 4239
1500 4239 11116
4239 1500 11116
7293 2807 12836
2807 7293 12836
12836 2807 7293
8692 15 14550
14550 15 8692
15 8692 14550
3220 3215 12825
12825 3215 3220
3215 3220 12825
9289 5488 14821
14821 5488 9289
5488 9289 14821
13854 1082 2715
2715 1082 13854
1082 2715 13854
8954 8403 11348
8403 8954 11348
11348 8403 8954
8595 9354 13663
9354 8595 13663
13663 8595 9354
1353 58 9005
58 1353 9005
9005 58 1353
525 7121 8583
8583 525 7121
7121 525 8583
12872 1670 12045
12045 1670 12872
1670 12045 12872
11706 5640 8933
5640 8933 11706
8933 5640 11706
3991 2408 4633
2408 3991 4633
4633 2408 3991
14151 3576 11644
3576 11644 14151
11644 3576 14151
601 7231 12441
7231 601 12441
12441 601 7231
10454 5342 12313
12313 5342 10454
5342 10454 12313
4262 7612 7713
7612 4262 7713
7713 4262 7612
11956 1679 12360
1679 11956 12360
12360 1679 11956
13574 882 8490
882 8490 13574
8490 882 13574
9163 8359 10091
8359 9163 10091
10091 8359 9163
9083 11511 12042
12042 9083 11511
11511 9083 12042
8779 2631 5187
2631 5187 8779
5187 2631 8779
8107 2496 9681
9681 2496 8107
2496 8107 9681
9324 6991 14263
6991 9324 14263
14263 6991 9324
9427 8121 11899
11899 8121 9427
8121 9427 11899
6449 854 5838
854 5838 6449
5838 854 6449
14295 9030 10432
10432 9030 14295
9030 10432 14295
4684 12961 13782
13782 4684 12961
12961 4684 13782
6841 10377 13998
10377 6841 13998
13998 6841 10377
599 2272 6776
2272 599 6776
6776 599 2272
719 1350 7067
7067 719 1350
1350 719 7067
12340 1966 3584
1966 3584 12340
3584 1966 12340
1659 11944 11963
11944 1659 11963
11963 1659 11944
14707 4850 9720
4850 9720 14707
9720 4850 14707
12942 5895 10687
10687 5895 12942
5895 10687 12942
12422 843 7489
843 7489 12422
7489 843 12422
5491 11645 12089
12089 5491 11645
11645 5491 12089
2947 11965 12485
12485 2947 11965
11965 2947 12485
3323 2207 10868
10868 2207 3323
2207 3323 10868
9193 1681 10123
10123 1681 9193
1681 9193 10123
10957 4255 8823
4255 8823 10957
8823 4255 10957
4530 2075 9374
9374 2075 4530
2075 4530 9374
4594 4869 7873
4869 4594 7873
7873 4594 4869
5091 1597 2922
2922 1597 5091
1597 2922 5091
3138 4705 9376
9376 3138 4705
4705 3138 9376
6332 2632 5369
5369 2632 6332
2632 5369 6332
1405 5313 5613
5313 1405 5613
5613 1405 5313
12479 7749 13693
13693 7749 12479
7749 12479 13693
10459 2302 7614
7614 2302 10459
2302 7614 10459
10167 7269 10362
10362 7269 10167
7269 10167 10362
14992 7739 9509
9509 7739 14992
7739 9509 14992
5615 6202 13132
6202 5615 13132
13132 5615 6202
10403 209 5133
209 5133 10403
5133 209 10403
471 1899 11295
1899 471 11295
11295 471 1899
9256 9858 14049
14049 9256 9858
9858 9256 14049
6091 7476 8350
7476 6091 8350
8350 6091 7476
14473 3553 6701
3553 6701 14473
6701 3553 14473
5519 6593 6878
6878 5519 6593
6593 5519 6878
11459 674 11586
11586 674 11459
674 11459 11586
12448 5003 7735
7735 5003 12448
5003 7735 12448
5203 325 4218
325 4218 5203
4218 325 5203
12373 1019 13453
1019 12373 13453
13453 1019 12373
2661 2107 3449
2107 2661 3449
3449 2107 2661
6369 3173 8803
3173 6369 8803
8803 3173 6369
8582 6741 14425
6741 8582 14425
14425 6741 8582
1493 4011 11391
4011 1493 11391
11391 1493 4011
6150 3753 8746
8746 3753 6150
3753 6150 8746
5908 2405 9670
9670 2405 5908
2405 5908 9670
12693 2784 12117
2784 12117 12693
12117 2784 12693
8896 10729 11324
11324 8896 10729
10729 8896 11324
7775 1506 12974
12974 1506 7775
1506 7775 12974
2586 480 5527
480 2586 5527
5527 480 2586
11191 937 6556
6556 937 11191
937 6556 11191
4142 4302 8898
4302 4142 8898
8898 4142 4302
10931 6864 14081
14081 6864 10931
6864 10931 14081
1140 613 13410
613 1140 13410
13410 613 1140
13200 2463 13857
13857 2463 13200
2463 13200 13857
7182 1175 5616
5616 1175 7182
1175 5616 7182
2266 3952 10406
10406 2266 3952
3952 2266 10406
9081 4904 5489
4904 5489 9081
5489 4904 9081
7991 1761 13836
1761 7991 13836
13836 1761 7991
2370 393 3762
3762 393 2370
393 2370 3762
8545 12720 14515
14515 8545 12720
12720 8545 14515
8176 5193 13293
5193 8176 13293
13293 5193 8176
7506 3466 3691
3466 3691 7506
3691 3466 7506
117 1693 5181
5181 117 1693
1693 117 5181
1089 1519 6319
1519 1089 6319
6319 1089 1519
4518 11421 12158
12158 4518 11421
11421 4518 12158
12761 2507 14315
2507 12761 14315
14315 2507 12761
9624 5426 11936
5426 9624 11936
11936 5426 9624
13228 2084 13299
13299 2084 13228
2084 13228 13299
7283 2481 13915
2481 7283 13915
13915 2481 7283
7216 10506 11054
11054 7216 10506
10506 7216 11054
3140 2200 12032
12032 2200 3140
2200 3140 12032
2817 4307 10303
4307 2817 10303
10303 2817 4307
4801 2290 14846
2290 4801 14846
14846 2290 4801
6281 1313 6185
1313 6185 6281
6185 1313 6281
12857 5345 13015
5345 12857 13015
13015 5345 12857
9806 1709 5667
1709 5667 9806
5667 1709 9806
328 1293 10294
10294 328 1293
1293 328 10294
12082 11458 12223
12223 11458 12082
11458 12082 12223
14370 4782 10356
10356 4782 14370
4782 10356 14370
4613 671 13429
671 4613 13429
13429 671 4613
14652 7895 10830
7895 10830 14652
10830 7895 14652
12884 5027 13540
5027 12884 13540
13540 5027 12884
2176 1001 9405
9405 1001 2176
1001 2176 9405
10634 4078 6531
4078 6531 10634
6531 4078 10634
632 6317 6402
6402 632 6317
6317 632 6402
10848 10812 12271
10812 10848 12271
12271 10812 10848
4962 6109 11585
11585 4962 6109
6109 4962 11585
10003 7878 11647
7878 10003 11647
11647 7878 10003
11330 4791 8996
8996 4791 11330
4791 8996 11330
14668 2558 6601
2558 6601 14668
6601 2558 14668
9991 3421 7879
7879 3421 9991
3421 7879 9991
14349 2268 7050
7050 2268 14349
2268 7050 14349
7762 6398 13758
13758 6398 7762
6398 7762 13758
11819 148 9608
148 9608 11819
9608 148 11819
275 7086 8251
8251 275 7086
7086 275 8251
3214 3006 12892
3006 3214 12892
12892 3006 3214
11590 3998 12698
12698 3998 11590
3998 11590 12698
7531 7644 14899
14899 7531 7644
7644 7531 14899
5524 1324 5816
5816 1324 5524
1324 5524 5816
3857 4865 13044
13044 3857 4865
4865 3857 13044
13968 3739 4172
4172 3739 13968
3739 4172 13968
6315 11710 11999
11999 6315 11710
11710 6315 11999
10022 10985 14803
14803 10022 10985
10985 10022 14803
12435 5388 5581
5581 5388 12435
5388 5581 12435
5568 6891 8906
6891 5568 8906
8906 5568 6891
13327 9774 12432
12432 9774 13327
9774 12432 13327
4981 446 5787
5787 446 4981
446 4981 5787
10751 3671 5757
5757 3671 10751
3671 5757 10751
9238 2907 4213
4213 2907 9238
2907 4213 9238
7163 12802 13113
13113 7163 12802
12802 7163 13113
1374 1492 11230
11230 1374 1492
1492 1374 11230
4074 4359 10677
4359 4074 10677
10677 4074 4359
450 207 2051
2051 207 450
207 450 2051
7572 6642 10550
6642 7572 10550
10550 6642 7572
5989 4159 8031
4159 5989 8031
8031 4159 5989
1449 80 14890
14890 80 1449
80 1449 14890
470 711 14816
14816 470 711
711 470 14816
2066 646 9648
646 2066 9648
9648 646 2066
7152 7955 12335
7955 7152 12335
12335 7152 7955
8093 2172 4941
4941 2172 8093
2172 4941 8093
5256 2115 8198
8198 2115 5256
2115 5256 8198
1666 44 6081
6081 44 1666
44 1666 6081
2806 4515 10993
4515 2806 10993
10993 2806 4515
1578 4222 10471
4222 1578 10471
10471 1578 4222
13186 6824 9134
9134 6824 13186
6824 9134 13186
12730 7271 8393
7271 8393 12730
8393 7271 12730
411 9792 11264
11264 411 9792
9792 411 11264
9692 5770 5888
5770 5888 9692
5888 5770 9692
12203 4541 5201
5201 4541 12203
4541 5201 12203
2472 6519 10474
10474 2472 6519
6519 2472 10474
11282 4745 9422
4745 9422 11282
9422 4745 11282
14116 4607 9708
4607 9708 14116
9708 4607 14116
3966 10234 11013
11013 3966 10234
10234 3966 11013
12757 3647 8029
8029 3647 12757
3647 8029 12757
3680 7938 12120
12120 3680 7938
7938 3680 12120
14949 6021 13956
6021 13956 14949
13956 6021 14949
8281 10823 11465
11465 8281 10823
10823 8281 11465
159 6815 7041
7041 159 6815
6815 159 7041
14458 4898 11181
11181 4898 14458
4898 11181 14458
3370 3869 14477
3869 3370 14477
14477 3370 3869
6649 5316 7423
7423 5316 6649
5316 6649 7423
2943 9596 11508
11508 2943 9596
9596 2943 11508
1015 112 2641
2641 112 1015
112 1015 2641
4741 1935 7056
1935 4741 7056
7056 1935 4741
11204 4565 11351
4565 11204 11351
11351 4565 11204
2452 2624 8753
8753 2452 2624
2624 2452 8753
12303 4076 10218
4076 10218 12303
10218 4076 12303
9004 6033 6140
6033 6140 9004
6140 6033 9004
12650 3101 7192
7192 3101 12650
3101 7192 12650
7020 2048 2525
2525 2048 7020
2048 2525 7020
5675 6364 6611
6611 5675 6364
6364 5675 6611
6034 6813 9093
9093 6034 6813
6813 6034 9093
11737 5695 12716
5695 11737 12716
12716 5695 11737
4117 4290 13525
13525 4117 4290
4290 4117 13525
14501 2516 11353
11353 2516 14501
2516 11353 14501
11109 12095 14504
12095 11109 14504
14504 11109 12095
3824 3210 12046
3210 3824 12046
12046 3210 3824
7301 5094 11592
11592 5094 7301
5094 7301 11592
3819 3729 7279
3729 3819 7279
7279 3729 3819
2154 833 13246
13246 833 2154
833 2154 13246
13939 4465 6746
6746 4465 13939
4465 6746 13939
5739 2836 7239
2836 5739 7239
7239 2836 5739
11791 9518 14414
9518 11791 14414
14414 9518 11791
4059 3420 12606
12606 3420 4059
3420 4059 12606
6515 2401 2960
2960 2401 6515
2401 2960 6515
4121 8960 10709
8960 4121 10709
10709 4121 8960
12912 3417 12849
12849 3417 12912
3417 12849 12912
1823 10911 14441
14441 1823 10911
10911 1823 14441
6558 1555 9470
1555 6558 9470
9470 1555 6558
235 11598 14480
11598 235 14480
14480 235 11598
10467 10005 11177
10005 10467 11177
11177 10005 10467
1169 13885 14301
13885 1169 14301
14301 1169 13885
1804 2229 4914
2229 1804 4914
4914 1804 2229
7080 407 8544
407 7080 8544
8544 407 7080
8555 9065 9753
9065 8555 9753
9753 8555 9065
6583 4196 5587
5587 4196 6583
4196 5587 6583
4486 1305 11004
11004 1305 4486
1305 4486 11004
12391 9130 9177
9177 9130 12391
9130 9177 12391
8362 9740 12404
12404 8362 9740
9740 8362 12404
13192 431 1393
431 1393 13192
1393 431 13192
9656 158 1981
1981 158 9656
158 1981 9656
5577 4942 5350
4942 5350 5577
5350 4942 5577
6434 5829 12669
12669 5829 6434
5829 6434 12669
12589 9127 10810
10810 9127 12589
9127 10810 12589
11850 8815 10566
8815 10566 11850
10566 8815 11850
2794 4025 12717
12717 2794 4025
4025 2794 12717
4231 5421 6767
6767 4231 5421
5421 4231 6767
3936 6605 14433
14433 3936 6605
6605 3936 14433
5452 9528 14600
14600 5452 9528
9528 5452 14600
8786 12154 13535
12154 8786 13535
13535 8786 12154
916 2671 8349
2671 916 8349
8349 916 2671
10276 2967 7095
2967 7095 10276
7095 2967 10276
11468 2159 4163
4163 2159 11468
2159 4163 11468
13409 5113 10141
5113 10141 13409
10141 5113 13409
9845 2956 6684
6684 2956 9845
2956 6684 9845
9721 9654 9813
9813 9654 9721
9654 9721 9813
7340 11704 12603
12603 7340 11704
11704 7340 12603
1877 1987 14122
1987 1877 14122
14122 1877 1987
3161 7406 11454
11454 3161 7406
7406 3161 11454
13926 9248 12123
12123 9248 13926
9248 12123 13926
12770 1259 12978
12978 1259 12770
1259 12770 12978
216 7745 9505
7745 216 9505
9505 216 7745
8909 9294 13109
9294 8909 13109
13109 8909 9294
9460 2733 13642
13642 2733 9460
2733 9460 13642
3706 1667 3592
3592 1667 3706
1667 3592 3706
9744 561 5746
561 5746 9744
5746 561 9744
3000 10128 12705
10128 3000 12705
12705 3000 10128
103 4620 11744
11744 103 4620
4620 103 11744
4487 5917 6783
5917 4487 6783
6783 4487 5917
9563 13056 13176
13056 9563 13176
13176 9563 13056
1512 2131 9860
9860 1512 2131
2131 1512 9860
14885 3818 13554
13554 3818 14885
3818 13554 14885
5955 3575 3727
3727 3575 5955
3575 3727 5955
14815 5569 9808
5569 9808 14815
9808 5569 14815
3188 4642 13972
13972 3188 4642
4642 3188 13972
9583 7480 11312
7480 9583 11312
11312 7480 9583
8722 2092 6921
6921 2092 8722
2092 6921 8722
10056 1288 6875
6875 1288 10056
1288 6875 10056
12239 8640 14523
8640 12239 14523
14523 8640 12239
7738 13092 13170
13092 7738 13170
13170 7738 13092
3496 3710 3716
3710 3496 3716
3716 3496 3710
5974 9052 12997
9052 5974 12997
12997 5974 9052
9117 2843 8376
8376 2843 9117
2843 8376 9117
6872 993 13635
13635 993 6872
993 6872 13635
690 7157 10409
10409 690 7157
7157 690 10409
12990 4450 6445
4450 6445 12990
6445 4450 12990
9759 928 13331
928 9759 13331
13331 928 9759
5381 2752 9961
2752 5381 9961
9961 2752 5381
12285 6207 14648
14648 6207 12285
6207 12285 14648
11176 4854 14613
4854 11176 14613
14613 4854 11176
6530 4577 13724
13724 4577 6530
4577 6530 13724
4903 8795 9311
9311 4903 8795
8795 4903 9311
11672 1087 3764
3764 1087 11672
1087 3764 11672
3726 5773 10287
10287 3726 5773
5773 3726 10287
6861 5468 12382
5468 6861 12382
12382 5468 6861
1801 210 5500
210 1801 5500
5500 210 1801
6276 10724 12859
12859 6276 10724
10724 6276 12859
6661 7840 12819
7840 6661 12819
12819 6661 7840
11656 1085 14033
1085 11656 14033
14033 1085 11656
6791 895 14326
895 6791 14326
14326 895 6791
1086 588 13209
588 1086 13209
13209 588 1086
13108 4305 12808
4305 12808 13108
12808 4305 13108
6584 1843 3156
1843 3156 6584
3156 1843 6584
13356 2600 7809
7809 2600 13356
2600 7809 13356
10117 3136 8873
3136 8873 10117
8873 3136 10117
8217 26 2467
26 2467 8217
2467 26 8217
14709 12398 14536
12398 14536 14709
14536 12398 14709
7601 11006 13459
11006 7601 13459
13459 7601 11006
7764 4032 14254
14254 4032 7764
4032 7764 14254
6527 4264 13805
4264 6527 13805
13805 4264 6527
10831 1797 5936
5936 1797 10831
1797 5936 10831
9067 7856 9868
9868 7856 9067
7856 9067 9868
9817 1777 2029
1777 2029 9817
2029 1777 9817
1478 2787 6469
2787 1478 6469
6469 1478 2787
14777 8268 11180
8268 11180 14777
11180 8268 14777
6698 940 5979
5979 940 6698
940 5979 6698
14291 7659 13187
7659 13187 14291
13187 7659 14291
193 2210 12503
2210 193 12503
12503 193 2210
5029 3957 14845
14845 3957 5029
3957 5029 14845
4585 12198 13288
12198 4585 13288
13288 4585 12198
8244 11536 12062
11536 8244 12062
12062 8244 11536
12953 1083 4746
4746 1083 12953
1083 4746 12953
6845 5200 9970
9970 5200 6845
5200 6845 9970
2876 3799 11619
11619 2876 3799
3799 2876 11619
9298 170 14509
170 9298 14509
14509 170 9298
6671 523 3823
523 3823 6671
3823 523 6671
9438 8270 9523
9523 8270 9438
8270 9438 9523
2799 10222 13107
10222 2799 13107
13107 2799 10222
2170 1332 3856
3856 1332 2170
1332 2170 3856
6028 1270 6574
1270 6028 6574
6574 1270 6028
14733 1561 11747
11747 1561 14733
1561 11747 14733
1399 1855 4895
4895 1399 1855
1855 1399 4895
11686 5010 11087
5010 11087 11686
11087 5010 11686
9346 3770 7198
7198 3770 9346
3770 7198 9346
6240 2000 2694
2000 2694 6240
2694 2000 6240
4468 111 11393
11393 111 4468
111 4468 11393
4035 7324 9592
7324 4035 9592
9592 4035 7324
3919 5809 14317
14317 3919 5809
5809 3919 14317
11072 899 12348
899 11072 12348
12348 899 11072
13589 5998 6689
5998 6689 13589
6689 5998 13589
9235 4792 6204
6204 4792 9235
4792 6204 9235
12311 734 7270
7270 734 12311
734 7270 12311
13673 1098 10175
10175 1098 13673
1098 10175 13673
9729 3761 8216
3761 8216 9729
8216 3761 9729
13419 13560 14073
14073 13419 13560
13560 13419 14073
7296 7378 8037
8037 7296 7378
7378 7296 8037
3378 6459 13550
6459 3378 13550
13550 3378 6459
5778 11807 14618
11807 5778 14618
14618 5778 11807
5085 136 14361
136 5085 14361
14361 136 5085
11266 2466 7615
7615 2466 11266
2466 7615 11266
11888 1748 11995
11995 1748 11888
1748 11888 11995
9738 3651 8678
3651 8678 9738
8678 3651 9738
1885 5341 8156
5341 1885 8156
8156 1885 5341
4520 1647 6327
6327 1647 4520
1647 4520 6327
5815 4625 14255
14255 4625 5815
4625 5815 14255
7750 2994 12281
2994 7750 12281
12281 2994 7750
6249 1029 2471
1029 2471 6249
2471 1029 6249
9564 1703 12050
1703 9564 12050
12050 1703 9564
5958 7014 7333
7014 5958 7333
7333 5958 7014
14612 5349 12535
5349 12535 14612
12535 5349 14612
11610 795 9662
9662 795 11610
795 9662 11610
1864 10153 13825
10153 1864 13825
13825 1864 10153
12610 6072 8763
6072 8763 12610
8763 6072 12610
15000 53 157
53 157 15000
157 53 15000
12332 8911 9993
9993 8911 12332
8911 9993 12332
1389 4013 8916
8916 1389 4013
4013 1389 8916
6656 2932 8597
8597 2932 6656
2932 6656 8597
4628 5177 9605
9605 4628 5177
5177 4628 9605
274 6659 7502
7502 274 6659
6659 274 7502
878 13197 14413
13197 878 14413
14413 878 13197
10722 3174 4203
4203 3174 10722
3174 4203 10722
9463 10603 13858
10603 9463 13858
13858 9463 10603
4874 600 10674
10674 600 4874
600 4874 10674
5647 63 7483
7483 63 5647
63 5647 7483
5820 220 2615
220 2615 5820
2615 220 5820
9263 247 11015
11015 247 9263
247 9263 11015
6976 2288 6482
6482 2288 6976
2288 6482 6976
13018 5186 6158
6158 5186 13018
5186 6158 13018
14692 1808 11772
11772 1808 14692
1808 11772 14692
11836 6129 11599
11599 6129 11836
6129 11599 11836
5276 3098 13770
13770 3098 5276
3098 5276 13770
14915 9741 11158
11158 9741 14915
9741 11158 14915
12891 6524 12484
12484 6524 12891
6524 12484 12891
8411 6500 8675
6500 8411 8675
8675 6500 8411
13337 9387 10795
10795 9387 13337
9387 10795 13337
10099 10436 13557
10436 10099 13557
13557 10099 10436
7709 4418 11469
11469 4418 7709
4418 7709 11469
10364 11978 14927
11978 10364 14927
14927 10364 11978
3669 1624 14218
14218 1624 3669
1624 3669 14218
11481 2980 4406
2980 4406 11481
4406 2980 11481
13023 1356 7954
1356 7954 13023
7954 1356 13023
69 11865 14641
11865 69 14641
14641 69 11865
10936 2267 12748
2267 10936 12748
12748 2267 10936
8261 9612 13570
13570 8261 9612
9612 8261 13570
12926 11291 13576
11291 12926 13576
13576 11291 12926
8330 503 5611
503 5611 8330
5611 503 8330
4859 7211 11009
11009 4859 7211
7211 4859 11009
3117 1162 10789
10789 1162 3117
1162 3117 10789
13963 4365 12918
4365 12918 13963
12918 4365 13963
8778 5850 9355
9355 5850 8778
5850 8778 9355
4389 6870 12090
6870 4389 12090
12090 4389 6870
9678 1420 1810
1420 1810 9678
1810 1420 9678
6811 1196 7130
7130 1196 6811
1196 6811 7130
6534 8726 14786
14786 6534 8726
8726 6534 14786
7865 3558 9534
9534 3558 7865
3558 7865 9534
6711 785 11478
11478 785 6711
785 6711 11478
8923 12014 14586
14586 8923 12014
12014 8923 14586
5152 13873 14456
13873 5152 14456
14456 5152 13873
14066 3773 7640
3773 7640 14066
7640 3773 14066
5411 4972 13159
13159 4972 5411
4972 5411 13159
14355 7746 9002
7746 9002 14355
9002 7746 14355
2540 6261 11493
6261 2540 11493
11493 2540 6261
8921 1239 6950
1239 6950 8921
6950 1239 8921
11052 6742 14532
14532 6742 11052
6742 11052 14532
8301 618 10213
618 8301 10213
10213 618 8301
7875 4860 12626
4860 7875 12626
12626 4860 7875
8283 1153 11923
11923 1153 8283
1153 8283 11923
3659 3640 12317
3640 3659 12317
12317 3640 3659
3632 3641 14172
14172 3632 3641
3641 3632 14172
8302 710 7534
710 7534 8302
7534 710 8302
1553 3341 10855
3341 1553 10855
10855 1553 3341
1412 2834 12245
12245 1412 2834
2834 1412 12245
9071 8561 14439
8561 9071 14439
14439 8561 9071
634 2394 4813
2394 634 4813
4813 634 2394
3798 225 13271
225 3798 13271
13271 225 3798
7395 7539 9643
9643 7395 7539
7539 7395 9643
9732 7037 12078
12078 7037 9732
7037 9732 12078
12778 2973 4777
4777 2973 12778
2973 4777 12778
7852 332 7111
332 7111 7852
7111 332 7852
10645 3164 4158
3164 4158 10645
4158 3164 10645
6836 14195 14221
14221 6836 14195
14195 6836 14221
13967 10089 12765
12765 10089 13967
10089 12765 13967
13177 4477 12901
12901 4477 13177
4477 12901 13177
4653 316 2677
2677 316 4653
316 2677 4653
4271 150 4701
150 4271 4701
4701 150 4271
2982 1183 1721
1183 1721 2982
1721 1183 2982
13622 8426 10665
10665 8426 13622
8426 10665 13622
2576 17 991
17 991 2576
991 17 2576
13979 5 10986
10986 5 13979
5 10986 13979
922 5681 12866
12866 922 5681
5681 922 12866
12200 4862 8421
8421 4862 12200
4862 8421 12200
13721 5645 7722
7722 5645 13721
5645 7722 13721
12577 10902 11799
11799 10902 12577
10902 11799 12577
9337 11895 13742
11895 9337 13742
13742 9337 11895
9972 5222 13231
5222 9972 13231
13231 5222 9972
903 5704 8109
5704 903 8109
8109 903 5704
204 938 1386
938 204 1386
1386 204 938
186 379 7500
379 186 7500
7500 186 379
3854 1343 11370
1343 3854 11370
11370 1343 3854
11200 9167 12830
12830 9167 11200
9167 11200 12830
5005 1339 14916
1339 5005 14916
14916 1339 5005
8951 1383 11429
1383 8951 11429
11429 1383 8951
11236 8398 13133
8398 11236 13133
13133 8398 11236
4596 5497 9987
5497 4596 9987
9987 4596 5497
2320 767 6818
6818 767 2320
767 2320 6818
12794 5502 10653
10653 5502 12794
5502 10653 12794
13488 1992 12683
1992 12683 13488
12683 1992 13488
13275 10509 11694
10509 11694 13275
11694 10509 13275
114 10110 12904
12904 114 10110
10110 114 12904
8484 12134 12270
12134 8484 12270
12270 8484 12134
1758 997 14306
14306 997 1758
997 1758 14306
1074 4987 9171
9171 1074 4987
4987 1074 9171
6848 7577 11559
11559 6848 7577
7577 6848 11559
7668 441 7804
441 7668 7804
7804 441 7668
13361 4038 6403
6403 4038 13361
4038 6403 13361
12196 119 12905
119 12196 12905
12905 119 12196
10791 5763 11682
11682 5763 10791
5763 10791 11682
7781 659 13738
13738 659 7781
659 7781 13738
11368 723 7004
723 7004 11368
7004 723 11368
5797 11844 14245
11844 5797 14245
14245 5797 11844
13273 3990 8963
3990 8963 13273
8963 3990 13273
12345 4652 12554
4652 12345 12554
12554 4652 12345
707 3222 13759
3222 707 13759
13759 707 3222
8286 10487 14250
10487 8286 14250
14250 8286 10487
12330 5914 10396
5914 10396 12330
10396 5914 12330
10404 9898 10783
10783 9898 10404
9898 10404 10783
13912 7839 13911
7839 13911 13912
13911 7839 13912
5321 6920 11907
6920 5321 11907
11907 5321 6920
9665 1378 14111
1378 9665 14111
14111 1378 9665
9642 2002 7349
2002 7349 9642
7349 2002 9642
3198 770 11412
770 3198 11412
11412 770 3198
530 9382 13143
9382 530 13143
13143 530 9382
11913 12494 14892
12494 11913 14892
14892 11913 12494
8588 4023 10013
10013 4023 8588
4023 8588 10013
7408 1996 4361
1996 4361 7408
4361 1996 7408
4944 3750 8809
8809 3750 4944
3750 4944 8809
13762 3600 14524
14524 3600 13762
3600 13762 14524
10179 2365 9260
9260 2365 10179
2365 9260 10179
8631 337 1750
1750 337 8631
337 1750 8631
7081 5149 11743
11743 5149 7081
5149 7081 11743
7829 7320 10648
10648 7320 7829
7320 7829 10648
13190 9895 13431
13431 9895 13190
9895 13190 13431
1652 4853 12100
4853 1652 12100
12100 1652 4853
13679 5554 9019
9019 5554 13679
5554 9019 13679
6509 5240 12797
12797 5240 6509
5240 6509 12797
1535 6926 7309
7309 1535 6926
6926 1535 7309
1740 6828 10862
10862 1740 6828
6828 1740 10862
10491 5800 12618
12618 5800 10491
5800 10491 12618
9674 514 6199
6199 514 9674
514 6199 9674
10428 5213 12255
12255 5213 10428
5213 10428 12255
13149 1789 6461
6461 1789 13149
1789 6461 13149
12446 4856 5928
5928 4856 12446
4856 5928 12446
6274 11361 14530
11361 6274 14530
14530 6274 11361
4300 5680 14331
14331 4300 5680
5680 4300 14331
14162 191 10859
10859 191 14162
191 10859 14162
192 5367 9343
5367 192 9343
9343 192 5367
2071 3783 7513
7513 2071 3783
3783 2071 7513
12633 609 12060
609 12060 12633
12060 609 12633
3165 818 14985
818 3165 14985
14985 818 3165
6720 1556 3193
1556 3193 6720
3193 1556 6720
3319 3980 11247
3980 3319 11247
11247 3319 3980
9607 362 12038
362 9607 12038
12038 362 9607
4858 1167 14990
1167 4858 14990
14990 1167 4858
8581 4457 12025
4457 8581 12025
12025 4457 8581
12306 12834 13853
12834 12306 13853
13853 12306 12834
12864 920 5361
920 5361 12864
5361 920 12864
9430 1437 9598
9598 1437 9430
1437 9430 9598
9389 3541 11802
3541 9389 11802
11802 3541 9389
596 1536 7091
7091 596 1536
1536 596 7091
4852 978 10621
10621 978 4852
978 4852 10621
7737 5779 7744
7744 5779 7737
5779 7737 7744
2628 900 2361
2361 900 2628
900 2361 2628
8827 3231 6323
3231 6323 8827
6323 3231 8827
11251 6899 13723
6899 11251 13723
13723 6899 11251
3361 5481 5807
5807 3361 5481
5481 3361 5807
14744 7473 10838
7473 10838 14744
10838 7473 14744
13792 11855 14928
14928 11855 13792
11855 13792 14928
14353 6123 14150
6123 14150 14353
14150 6123 14353
11910 206 5899
5899 206 11910
206 5899 11910
6066 7128 7522
7522 6066 7128
7128 6066 7522
12454 5847 14169
14169 5847 12454
5847 12454 14169
6570 4740 11711
4740 6570 11711
11711 4740 6570
5716 2464 3083
2464 3083 5716
3083 2464 5716
14580 7544 13049
7544 13049 14580
13049 7544 14580
4975 273 9921
273 4975 9921
9921 273 4975
4249 3993 8466
3993 4249 8466
8466 3993 4249
11573 1204 6914
1204 6914 11573
6914 1204 11573
14015 2732 13105
2732 13105 14015
13105 2732 14015
1829 2235 14064
14064 1829 2235
2235 1829 14064
1349 4480 10332
4480 1349 10332
10332 1349 4480
8116 4310 9530
9530 4310 8116
4310 8116 9530
8734 13659 14431
13659 8734 14431
14431 8734 13659
6529 545 2292
2292 545 6529
545 2292 6529
3688 2821 11516
2821 3688 11516
11516 2821 3688
7379 6962 7226
6962 7226 7379
7226 6962 7379
1180 3269 6676
3269 1180 6676
6676 1180 3269
7170 8298 14508
8298 7170 14508
14508 7170 8298
7730 13580 13661
13580 7730 13661
13661 7730 13580
7307 7797 8586
8586 7307 7797
7797 7307 8586
8852 2304 12006
12006 2304 8852
2304 8852 12006
4736 10969 14191
14191 4736 10969
10969 4736 14191
14019 6654 9166
6654 9166 14019
9166 6654 14019
3828 2788 7197
7197 2788 3828
2788 3828 7197
13511 9429 9706
9429 9706 13511
9706 9429 13511
5878 6599 9786
9786 5878 6599
6599 5878 9786
810 6547 13877
13877 810 6547
6547 810 13877
9778 10309 12679
12679 9778 10309
10309 9778 12679
6441 4341 9688
9688 4341 6441
4341 6441 9688
14257 477 5976
477 5976 14257
5976 477 14257
5871 4934 5972
4934 5871 5972
5972 4934 5871
9816 1329 14358
1329 9816 14358
14358 1329 9816
2646 12394 13320
13320 2646 12394
12394 2646 13320
8424 12304 13339
13339 8424 12304
12304 8424 13339
5937 6831 8112
8112 5937 6831
6831 5937 8112
10397 1266 1316
1266 1316 10397
1316 1266 10397
4539 1225 8085
1225 4539 8085
8085 1225 4539
2160 7389 13481
7389 2160 13481
13481 2160 7389
5934 9469 12228
9469 5934 12228
12228 5934 9469
9771 2007 2865
2007 2865 9771
2865 2007 9771
6871 763 8926
763 6871 8926
8926 763 6871
11419 10711 11916
10711 11419 11916
11916 10711 11419
12735 6786 12741
12741 6786 12735
6786 12735 12741
8633 670 3159
670 3159 8633
3159 670 8633
2856 3441 14557
3441 2856 14557
14557 2856 3441
14553 10451 13803
10451 13803 14553
13803 10451 14553
5944 901 13526
901 5944 13526
13526 901 5944
7368 6486 11556
11556 6486 7368
6486 7368 11556
4753 5359 11475
5359 4753 11475
11475 4753 5359
14734 6264 14091
6264 14091 14734
14091 6264 14734
11587 8044 8989
8044 8989 11587
8989 8044 11587
4683 4573 13138
13138 4573 4683
4573 4683 13138
3887 4997 8091
8091 3887 4997
4997 3887 8091
10350 4529 8004
8004 4529 10350
4529 8004 10350
1955 5478 6196
5478 1955 6196
6196 1955 5478
3882 11811 14730
11811 3882 14730
14730 3882 11811
13699 5095 10890
5095 10890 13699
10890 5095 13699
2914 11795 13203
13203 2914 11795
11795 2914 13203
13735 2594 7666
2594 7666 13735
7666 2594 13735
9206 4226 7363
7363 4226 9206
4226 7363 9206
9780 4648 10389
10389 4648 9780
4648 9780 10389
483 1023 7265
7265 483 1023
1023 483 7265
13855 3595 14339
14339 3595 13855
3595 13855 14339
3910 8404 14226
14226 3910 8404
8404 3910 14226
8183 2117 13436
13436 2117 8183
2117 8183 13436
13199 48 11726
11726 48 13199
48 11726 13199
4144 7407 14638
7407 4144 14638
14638 4144 7407
1151 4726 13715
4726 1151 13715
13715 1151 4726
813 3187 3596
3596 813 3187
3187 813 3596
2795 86 9818
9818 86 2795
86 2795 9818
4503 2944 5093
2944 4503 5093
5093 2944 4503
4053 4092 14153
14153 4053 4092
4092 4053 14153
12207 5588 13359
5588 12207 13359
13359 5588 12207
5197 10768 12813
10768 5197 12813
12813 5197 10768
2924 5215 5711
5215 2924 5711
5711 2924 5215
14632 6454 14332
14332 6454 14632
6454 14332 14632
3088 1785 4677
4677 1785 3088
1785 3088 4677
7711 12998 13082
13082 7711 12998
12998 7711 13082
2214 10190 14688
10190 2214 14688
14688 2214 10190
8414 5495 9911
9911 5495 8414
5495 8414 9911
3826 6700 9892
9892 3826 6700
6700 3826 9892
10715 8846 9368
9368 8846 10715
8846 9368 10715
11486 1925 12384
1925 11486 12384
12384 1925 11486
10295 8580 10759
8580 10295 10759
10759 8580 10295
8608 1798 6983
6983 1798 8608
1798 6983 8608
9178 8263 11195
11195 8263 9178
8263 9178 11195
11467 8807 8843
8807 8843 11467
8843 8807 11467
12469 4473 7238
4473 7238 12469
7238 4473 12469
2101 5041 7490
5041 2101 7490
7490 2101 5041
13815 6339 11893
6339 11893 13815
11893 6339 13815
12799 1985 13007
13007 1985 12799
1985 12799 13007
7827 11494 12250
12250 7827 11494
11494 7827 12250
6956 1026 4128
1026 4128 6956
4128 1026 6956
10586 8390 10701
10701 8390 10586
8390 10586 10701
9230 7398 13839
7398 9230 13839
13839 7398 9230
3266 1210 1495
1495 1210 3266
1210 1495 3266
3605 8780 9926
8780 3605 9926
9926 3605 8780
6268 3251 4000
4000 3251 6268
3251 4000 6268
14188 1101 7813
1101 7813 14188
7813 1101 14188
11776 7867 7898
7867 7898 11776
7898 7867 11776
14929 7546 13236
13236 7546 14929
7546 13236 14929
6514 13425 13612
13612 6514 13425
13425 6514 13612
8158 2663 3332
3332 2663 8158
2663 3332 8158
12019 8935 13063
8935 12019 13063
13063 8935 12019
7136 1122 5842
1122 5842 7136
5842 1122 7136
3396 1459 2230
2230 1459 3396
1459 2230 3396
1143 1025 12180
12180 1025 1143
1025 1143 12180
1043 2099 12908
12908 1043 2099
2099 1043 12908
2727 2912 12273
2912 2727 12273
12273 2727 2912
1539 7925 10762
10762 1539 7925
7925 1539 10762
1930 4003 14547
4003 1930 14547
14547 1930 4003
1696 4767 9493
4767 1696 9493
9493 1696 4767
14582 816 1687
816 1687 14582
1687 816 14582
10774 3502 8106
8106 3502 10774
3502 8106 10774
8611 10548 12786
10548 8611 12786
12786 8611 10548
10378 10480 14581
14581 10378 10480
10480 10378 14581
4644 6925 10131
10131 4644 6925
6925 4644 10131
4272 13433 13479
13433 4272 13479
13479 4272 13433
4873 861 9198
9198 861 4873
861 4873 9198
9075 4986 11319
11319 4986 9075
4986 9075 11319
12369 4175 5228
4175 5228 12369
5228 4175 12369
1612 7164 7313
7313 1612 7164
7164 1612 7313
11299 1057 8844
8844 1057 11299
1057 8844 11299
5140 5455 12674
12674 5140 5455
5455 5140 12674
3072 1922 7940
1922 3072 7940
7940 1922 3072
13606 8610 9690
8610 9690 13606
9690 8610 13606
1038 2552 2871
2871 1038 2552
2552 1038 2871
2031 2314 8752
2314 2031 8752
8752 2031 2314
13906 3915 6827
3915 6827 13906
6827 3915 13906
1157 2388 6215
2388 1157 6215
6215 1157 2388
5294 1543 11676
1543 5294 11676
11676 1543 5294
6242 4313 6002
6002 4313 6242
4313 6002 6242
10061 5014 14639
5014 10061 14639
14639 5014 10061
8497 4668 10836
4668 8497 10836
10836 4668 8497
10825 1735 7290
7290 1735 10825
1735 7290 10825
6606 6960 9094
9094 6606 6960
6960 6606 9094
4943 3951 8997
8997 3951 4943
3951 4943 8997
1581 6902 11096
11096 1581 6902
6902 1581 11096
6961 8754 12724
12724 6961 8754
8754 6961 12724
7493 957 12680
957 7493 12680
12680 957 7493
18 5427 12091
12091 18 5427
5427 18 12091
9131 5327 13360
5327 9131 13360
13360 5327 9131
10336 6227 7510
6227 7510 10336
7510 6227 10336
3175 8079 9893
8079 3175 9893
9893 3175 8079
10083 5993 7570
5993 7570 10083
7570 5993 10083
6562 2959 3029
3029 2959 6562
2959 3029 6562
12231 11145 14594
11145 12231 14594
14594 11145 12231
9265 1068 1974
1068 1974 9265
1974 1068 9265
14399 1265 5922
5922 1265 14399
1265 5922 14399
9029 7585 13126
13126 7585 9029
7585 9029 13126
10151 2150 10778
2150 10151 10778
10778 2150 10151
360 3747 10270
3747 360 10270
10270 360 3747
788 2813 14007
2813 788 14007
14007 788 2813
7905 6666 12234
12234 6666 7905
6666 7905 12234
11411 2989 11047
11047 2989 11411
2989 11047 11411
9658 5720 9350
9350 5720 9658
5720 9350 9658
1224 2899 11988
2899 1224 11988
11988 1224 2899
3209 1813 14682
14682 1813 3209
1813 3209 14682
6083 9650 10618
10618 6083 9650
9650 6083 10618
4456 8016 12523
12523 4456 8016
8016 4456 12523
6553 3851 14367
3851 6553 14367
14367 3851 6553
7484 9332 10310
9332 7484 10310
10310 7484 9332
12939 11872 12213
12213 11872 12939
11872 12213 12939
475 2603 13135
2603 475 13135
13135 475 2603
3404 8799 11869
11869 3404 8799
8799 3404 11869
4839 1731 6060
6060 1731 4839
1731 4839 6060
7965 3865 12588
3865 7965 12588
12588 3865 7965
13971 3433 11202
3433 11202 13971
11202 3433 13971
10678 5021 9481
9481 5021 10678
5021 9481 10678
11311 7044 14160
14160 7044 11311
7044 11311 14160
8055 12511 14400
14400 8055 12511
12511 8055 14400
4681 664 974
974 664 4681
664 974 4681
14905 4512 6667
6667 4512 14905
4512 6667 14905
10280 9426 14913
14913 9426 10280
9426 10280 14913
9145 5298 11653
5298 9145 11653
11653 5298 9145
864 4423 14563
14563 864 4423
4423 864 14563
6973 9271 9641
9271 6973 9641
9641 6973 9271
13432 1010 1302
1010 1302 13432
1302 1010 13432
6351 827 7849
7849 827 6351
827 6351 7849
2704 11042 11669
11042 2704 11669
11669 2704 11042
1170 907 5083
907 1170 5083
5083 907 1170
8894 1443 3477
1443 3477 8894
3477 1443 8894
9262 5843 5924
5924 5843 9262
5843 5924 9262
1630 967 2323
2323 967 1630
967 1630 2323
3293 5692 11632
11632 3293 5692
5692 3293 11632
5775 1432 4349
1432 4349 5775
4349 1432 5775
13227 8 10367
10367 8 13227
8 10367 13227
1976 7760 12779
12779 1976 7760
7760 1976 12779
10876 9639 14576
9639 10876 14576
14576 9639 10876
3082 5801 8388
