108945 110106 141858
110106 108945 141858
141858 108945 110106
43679 42417 85442
85442 42417 43679
42417 43679 85442
134108 17700 73581
73581 17700 134108
17700 73581 134108
90048 42066 115869
42066 90048 115869
115869 42066 90048
129138 50161 90954
50161 90954 129138
90954 50161 129138
128032 22882 50960
22882 50960 128032
50960 22882 128032
141113 48003 127612
127612 48003 141113
48003 127612 141113
81412 13517 101892
13517 81412 101892
101892 13517 81412
62180 46970 119288
46970 62180 119288
119288 46970 62180
136582 59615 137498
59615 136582 137498
137498 59615 136582
69705 33680 65016
65016 33680 69705
33680 65016 69705
56557 16802 118285
118285 16802 56557
16802 56557 118285
102332 3564 66199
66199 3564 102332
3564 66199 102332
37927 77385 140261
140261 37927 77385
77385 37927 140261
107941 116916 120584
120584 107941 116916
116916 107941 120584
109708 116672 134410
134410 109708 116672
116672 109708 134410
43636 49500 67413
49500 43636 67413
67413 43636 49500
41703 70508 112502
112502 41703 70508
70508 41703 112502
22251 6730 107341
107341 6730 22251
6730 22251 107341
102575 75615 95582
75615 95582 102575
95582 75615 102575
85096 20525 109575
20525 85096 109575
109575 20525 85096
46280 63188 146416
146416 46280 63188
63188 46280 146416
54411 2827 137876
2827 54411 137876
137876 2827 54411
140420 53006 127288
53006 127288 140420
127288 53006 140420
25473 77987 98799
98799 25473 77987
77987 25473 98799
98224 44876 114174
114174 44876 98224
44876 98224 114174
89657 9074 136424
9074 89657 136424
136424 9074 89657
12331 13707 122313
13707 12331 122313
122313 12331 13707
142715 35927 50514
35927 50514 142715
50514 35927 142715
58678 106704 142819
106704 58678 142819
142819 58678 106704
17356 83594 92395
92395 17356 83594
83594 17356 92395
105212 37539 95104
37539 95104 105212
95104 37539 105212
77395 105425 123470
123470 77395 105425
105425 77395 123470
130657 20085 128427
20085 128427 130657
128427 20085 130657
116209 12655 123180
123180 12655 116209
12655 116209 123180
74025 15371 124027
124027 15371 74025
15371 74025 124027
65513 60773 103843
60773 65513 103843
103843 60773 65513
139586 20902 35381
35381 20902 139586
20902 35381 139586
102127 38107 134589
134589 38107 102127
38107 102127 134589
74 44160 122900
44160 74 122900
122900 74 44160
10575 121485 145955
145955 10575 121485
121485 10575 145955
138293 42480 123912
123912 42480 138293
42480 123912 138293
24537 94069 142364
142364 24537 94069
94069 24537 142364
18633 57207 79809
57207 18633 79809
79809 18633 57207
125449 117345 134588
134588 117345 125449
117345 125449 134588
110494 17712 98447
98447 17712 110494
17712 98447 110494
118461 31546 38132
31546 38132 118461
38132 31546 118461
132028 89587 95628
89587 95628 132028
95628 89587 132028
80625 33972 82356
33972 80625 82356
82356 33972 80625
48197 97173 147374
147374 48197 97173
97173 48197 147374
48139 115419 137751
137751 48139 115419
115419 48139 137751
1873 87627 138736
138736 1873 87627
87627 1873 138736
12588 110380 138023
138023 12588 110380
110380 12588 138023
22363 38550 86476
38550 22363 86476
86476 22363 38550
121701 49392 129746
49392 121701 129746
129746 49392 121701
46355 4350 55097
4350 46355 55097
55097 4350 46355
119598 42655 93219
42655 93219 119598
93219 42655 119598
21324 57874 109302
57874 21324 109302
109302 21324 57874
82621 24501 105663
105663 24501 82621
24501 82621 105663
83820 74089 140419
140419 74089 83820
74089 83820 140419
47484 69504 77989
69504 47484 77989
77989 47484 69504
115676 97222 131664
131664 97222 115676
97222 115676 131664
32362 8581 144837
144837 8581 32362
8581 32362 144837
34830 8520 50814
50814 8520 34830
8520 34830 50814
89523 18934 116884
18934 89523 116884
116884 18934 89523
147309 80235 94485
94485 80235 147309
80235 94485 147309
104096 1389 106790
1389 104096 106790
106790 1389 104096
89528 76011 137463
137463 76011 89528
76011 89528 137463
45903 30073 106665
30073 45903 106665
106665 30073 45903
30885 23029 137582
23029 30885 137582
137582 23029 30885
57343 112775 145647
112775 57343 145647
145647 57343 112775
44559 15477 114559
15477 44559 114559
114559 15477 44559
19645 58024 58585
58585 19645 58024
58024 19645 58585
61915 22579 141338
141338 22579 61915
22579 61915 141338
54630 14383 66557
14383 54630 66557
66557 14383 54630
59161 115101 136826
115101 59161 136826
136826 59161 115101
48131 53603 85487
53603 48131 85487
85487 48131 53603
60065 2424 55295
2424 55295 60065
55295 2424 60065
34591 12404 62068
62068 12404 34591
12404 34591 62068
8558 42273 61598
61598 8558 42273
42273 8558 61598
89688 127047 130310
130310 89688 127047
127047 89688 130310
55663 101826 134962
101826 55663 134962
134962 55663 101826
123630 49606 63237
63237 49606 123630
49606 63237 123630
69183 30157 54702
30157 54702 69183
54702 30157 69183
97778 91012 140490
91012 97778 140490
140490 91012 97778
124939 41781 104380
104380 41781 124939
41781 104380 124939
52952 15541 114044
15541 52952 114044
114044 15541 52952
139404 35038 127998
35038 127998 139404
127998 35038 139404
132605 130245 138709
138709 130245 132605
130245 132605 138709
78697 64421 118887
64421 78697 118887
118887 64421 78697
70763 76576 136771
76576 70763 136771
136771 70763 76576
51317 44379 86301
44379 51317 86301
86301 44379 51317
38656 5540 22646
22646 5540 38656
5540 22646 38656
103783 71240 148471
148471 71240 103783
71240 103783 148471
72794 12002 109878
109878 12002 72794
12002 72794 109878
124334 43120 51484
51484 43120 124334
43120 51484 124334
40173 13728 78028
13728 40173 78028
78028 13728 40173
128861 108872 121410
121410 108872 128861
108872 121410 128861
91820 116029 128622
128622 91820 116029
116029 91820 128622
63849 89465 111149
111149 63849 89465
89465 63849 111149
10854 83340 101068
101068 10854 83340
83340 10854 101068
1061 18988 109831
18988 1061 109831
109831 1061 18988
27002 23519 123319
23519 27002 123319
123319 23519 27002
78004 41957 52791
41957 52791 78004
52791 41957 78004
71973 7116 25300
25300 7116 71973
7116 25300 71973
131030 107219 142376
142376 107219 131030
107219 131030 142376
87275 93654 115621
93654 87275 115621
115621 87275 93654
109787 3607 126890
126890 3607 109787
3607 109787 126890
136044 11253 51106
51106 11253 136044
11253 51106 136044
76515 10839 75813
75813 10839 76515
10839 75813 76515
21402 25310 99694
25310 21402 99694
99694 21402 25310
77231 83490 95069
83490 77231 95069
95069 77231 83490
114125 87463 110302
87463 110302 114125
110302 87463 114125
97527 82220 119058
119058 82220 97527
82220 97527 119058
25000 81839 133379
81839 25000 133379
133379 25000 81839
131390 59696 109349
59696 109349 131390
109349 59696 131390
22234 74931 112346
112346 22234 74931
74931 22234 112346
76159 34423 83976
34423 76159 83976
83976 34423 76159
128859 12458 98097
98097 12458 128859
12458 98097 128859
104644 58019 113843
58019 104644 113843
113843 58019 104644
46297 29344 73308
29344 46297 73308
73308 29344 46297
9941 21062 45843
45843 9941 21062
21062 9941 45843
22881 85251 119578
85251 22881 119578
119578 22881 85251
57614 88675 100540
100540 57614 88675
88675 57614 100540
2811 18519 75945
18519 2811 75945
75945 2811 18519
118854 19243 102208
102208 19243 118854
19243 102208 118854
11069 35977 108955
108955 11069 35977
35977 11069 108955
25826 105108 113032
105108 25826 113032
113032 25826 105108
90867 69477 99475
69477 90867 99475
99475 69477 90867
65099 27091 104815
27091 65099 104815
104815 27091 65099
66487 2639 81065
2639 66487 81065
81065 2639 66487
74767 63195 137112
137112 63195 74767
63195 74767 137112
58886 101119 106147
106147 58886 101119
101119 58886 106147
86600 81987 82449
81987 82449 86600
82449 81987 86600
92788 15360 83997
83997 15360 92788
15360 83997 92788
138445 114765 124532
114765 124532 138445
124532 114765 138445
125876 22550 62544
22550 62544 125876
62544 22550 125876
11413 38437 108228
108228 11413 38437
38437 11413 108228
135238 71672 119766
71672 119766 135238
119766 71672 135238
47225 23785 78999
78999 23785 47225
23785 47225 78999
5934 101910 123131
101910 5934 123131
123131 5934 101910
94320 39707 122294
39707 94320 122294
122294 39707 94320
37968 40063 137785
137785 37968 40063
40063 37968 137785
33661 61851 120998
120998 33661 61851
61851 33661 120998
117122 44711 132999
132999 44711 117122
44711 117122 132999
146097 23663 81719
23663 81719 146097
81719 23663 146097
30199 29874 83758
29874 30199 83758
83758 29874 30199
11882 64177 88163
88163 11882 64177
64177 11882 88163
139086 19463 51914
51914 19463 139086
19463 51914 139086
91269 11963 56464
56464 11963 91269
11963 56464 91269
114892 67735 114039
67735 114039 114892
114039 67735 114892
93969 54170 124183
124183 54170 93969
54170 93969 124183
87544 35315 140837
35315 87544 140837
140837 35315 87544
79432 23112 36875
36875 23112 79432
23112 36875 79432
19492 77658 141935
77658 19492 141935
141935 19492 77658
80651 33154 136191
33154 80651 136191
136191 33154 80651
44678 2242 66883
66883 2242 44678
2242 44678 66883
128629 281 37433
281 37433 128629
37433 281 128629
36013 30100 117709
30100 36013 117709
117709 30100 36013
42394 14247 146831
14247 42394 146831
146831 14247 42394
103298 81420 102949
102949 81420 103298
81420 102949 103298
15384 63258 80851
63258 15384 80851
80851 15384 63258
36105 71528 89839
71528 36105 89839
89839 36105 71528
118068 14540 28387
28387 14540 118068
14540 28387 118068
133213 101163 145630
101163 133213 145630
145630 101163 133213
136399 32906 123230
32906 123230 136399
123230 32906 136399
67419 65241 144516
144516 65241 67419
65241 67419 144516
102231 97698 136889
136889 97698 102231
97698 102231 136889
96182 66778 103230
66778 96182 103230
103230 66778 96182
149192 105693 132467
105693 132467 149192
132467 105693 149192
5854 145065 148421
145065 5854 148421
148421 5854 145065
82235 28391 77911
77911 28391 82235
28391 77911 82235
19721 12851 100974
12851 19721 100974
100974 12851 19721
62991 72924 115325
72924 62991 115325
115325 62991 72924
16492 37502 85863
37502 16492 85863
85863 16492 37502
113673 30821 137125
30821 113673 137125
137125 30821 113673
73787 52223 137118
52223 73787 137118
137118 52223 73787
35673 61980 97927
61980 35673 97927
97927 35673 61980
133596 34387 54443
34387 54443 133596
54443 34387 133596
38111 25470 138371
25470 38111 138371
138371 25470 38111
112922 81374 135441
135441 81374 112922
81374 112922 135441
22754 101276 137601
137601 22754 101276
101276 22754 137601
46502 9998 107097
9998 46502 107097
107097 9998 46502
67986 83264 97992
97992 67986 83264
83264 67986 97992
136420 60220 95758
95758 60220 136420
60220 95758 136420
139933 52991 103741
103741 52991 139933
52991 103741 139933
59059 26436 136261
136261 26436 59059
26436 59059 136261
86135 37901 47039
37901 47039 86135
47039 37901 86135
6468 14229 128888
14229 6468 128888
128888 6468 14229
134820 36671 45272
45272 36671 134820
36671 45272 134820
11821 86962 124890
86962 11821 124890
124890 11821 86962
73797 47092 74457
74457 47092 73797
47092 73797 74457
65304 32979 133824
32979 65304 133824
133824 32979 65304
83959 140013 140624
140624 83959 140013
140013 83959 140624
118360 18284 102367
18284 102367 118360
102367 18284 118360
29487 38713 59136
38713 29487 59136
59136 29487 38713
109031 129693 142064
129693 109031 142064
142064 109031 129693
38226 116957 133757
133757 38226 116957
116957 38226 133757
60830 13116 61591
61591 13116 60830
13116 60830 61591
115509 21339 125630
125630 21339 115509
21339 115509 125630
53689 57188 96187
57188 53689 96187
96187 53689 57188
86784 25100 27373
27373 25100 86784
25100 27373 86784
138102 4673 110779
4673 110779 138102
110779 4673 138102
89231 50723 52661
50723 52661 89231
52661 50723 89231
128739 38403 129413
38403 128739 129413
129413 38403 128739
94647 70110 147327
147327 70110 94647
70110 94647 147327
135647 112198 120262
120262 112198 135647
112198 120262 135647
35649 75792 102907
75792 35649 102907
102907 35649 75792
24630 27086 121314
27086 24630 121314
121314 24630 27086
94825 37328 124679
124679 37328 94825
37328 94825 124679
11792 104220 145762
145762 11792 104220
104220 11792 145762
145752 7733 134737
7733 134737 145752
134737 7733 145752
114939 17581 45293
45293 17581 114939
17581 45293 114939
43260 89626 113457
113457 43260 89626
89626 43260 113457
92122 123447 133674
123447 92122 133674
133674 92122 123447
118973 64167 118951
64167 118951 118973
118951 64167 118973
37564 3012 96790
3012 37564 96790
96790 3012 37564
15801 16530 118351
118351 15801 16530
16530 15801 118351
141797 5717 146781
146781 5717 141797
5717 141797 146781
61593 13375 73073
13375 61593 73073
73073 13375 61593
69404 117535 119649
117535 69404 119649
119649 69404 117535
110569 18923 75918
75918 18923 110569
18923 75918 110569
76120 51571 123092
123092 51571 76120
51571 76120 123092
63174 99517 126406
99517 63174 126406
126406 63174 99517
115793 10626 138761
10626 115793 138761
138761 10626 115793
46959 30172 98779
30172 46959 98779
98779 30172 46959
54529 90746 115824
115824 54529 90746
90746 54529 115824
21087 39313 129396
39313 21087 129396
129396 21087 39313
14672 113412 136748
136748 14672 113412
113412 14672 136748
69016 70372 136207
70372 69016 136207
136207 69016 70372
59536 47056 123330
123330 47056 59536
47056 59536 123330
103557 102588 147514
102588 103557 147514
147514 102588 103557
142357 24938 130968
130968 24938 142357
24938 130968 142357
36862 27775 66794
66794 27775 36862
27775 36862 66794
50130 1606 62670
1606 50130 62670
62670 1606 50130
137837 17103 35654
35654 17103 137837
17103 35654 137837
114496 80551 142102
80551 114496 142102
142102 80551 114496
37456 107105 116624
116624 37456 107105
107105 37456 116624
78211 73972 76287
76287 73972 78211
73972 76287 78211
27783 18922 43146
43146 18922 27783
18922 27783 43146
71046 91349 133639
133639 71046 91349
91349 71046 133639
12516 32075 39852
39852 12516 32075
32075 12516 39852
23771 26440 115358
115358 23771 26440
26440 23771 115358
148845 64040 90267
90267 64040 148845
64040 90267 148845
59160 51065 77587
51065 59160 77587
77587 51065 59160
129387 22190 71820
22190 71820 129387
71820 22190 129387
93446 26494 135877
135877 26494 93446
26494 93446 135877
74503 5984 11429
11429 5984 74503
5984 11429 74503
101322 37389 110591
110591 37389 101322
37389 101322 110591
89847 93110 121696
93110 89847 121696
121696 89847 93110
128919 3590 59901
59901 3590 128919
3590 59901 128919
57715 42544 106714
106714 42544 57715
42544 57715 106714
100658 37958 93025
93025 37958 100658
37958 93025 100658
121447 11803 73973
73973 11803 121447
11803 73973 121447
45149 121117 136751
121117 45149 136751
136751 45149 121117
78937 31140 89670
31140 78937 89670
89670 31140 78937
90597 60450 68822
60450 68822 90597
68822 60450 90597
92141 52306 56813
52306 56813 92141
56813 52306 92141
25838 53948 146412
146412 25838 53948
53948 25838 146412
149059 139493 147118
147118 139493 149059
139493 147118 149059
35665 14764 107947
107947 14764 35665
14764 35665 107947
26768 87276 135948
87276 26768 135948
135948 26768 87276
17902 35872 83931
35872 17902 83931
83931 17902 35872
103803 834 130428
130428 834 103803
834 103803 130428
98903 33420 139875
33420 98903 139875
139875 33420 98903
57219 93133 122357
93133 57219 122357
122357 57219 93133
61162 74478 109541
109541 61162 74478
74478 61162 109541
39340 87982 101508
87982 39340 101508
101508 39340 87982
86179 84771 140254
140254 84771 86179
84771 86179 140254
76214 12583 97886
97886 12583 76214
12583 76214 97886
47148 69042 94151
94151 47148 69042
69042 47148 94151
149103 56781 147034
147034 56781 149103
56781 147034 149103
145981 76394 140840
76394 140840 145981
140840 76394 145981
66629 114041 130066
114041 66629 130066
130066 66629 114041
11574 12249 60082
60082 11574 12249
12249 11574 60082
124648 41688 141963
41688 124648 141963
141963 41688 124648
45652 37880 96575
96575 37880 45652
37880 45652 96575
79675 34133 56667
56667 34133 79675
34133 56667 79675
122247 18672 128139
128139 18672 122247
18672 122247 128139
60092 35002 115674
35002 60092 115674
115674 35002 60092
140122 1740 15922
15922 1740 140122
1740 15922 140122
65044 21280 26641
26641 21280 65044
21280 26641 65044
77458 127307 128480
128480 77458 127307
127307 77458 128480
24985 100093 121156
100093 24985 121156
121156 24985 100093
92863 137608 140605
140605 92863 137608
137608 92863 140605
90125 45785 136785
45785 90125 136785
136785 45785 90125
36934 39352 146277
146277 36934 39352
39352 36934 146277
36512 79850 143125
79850 36512 143125
143125 36512 79850
93834 68010 103378
103378 68010 93834
68010 93834 103378
46491 115146 137062
137062 46491 115146
115146 46491 137062
127024 84760 113333
113333 84760 127024
84760 113333 127024
129834 50022 51751
51751 50022 129834
50022 51751 129834
78564 74985 87388
87388 74985 78564
74985 78564 87388
69986 18578 99828
18578 69986 99828
99828 18578 69986
145745 127503 130607
127503 130607 145745
130607 127503 145745
130818 58079 129594
58079 129594 130818
129594 58079 130818
45972 11403 26658
11403 26658 45972
26658 11403 45972
7494 52643 101558
52643 7494 101558
101558 7494 52643
51636 13803 106799
13803 51636 106799
106799 13803 51636
55226 11103 20265
20265 11103 55226
11103 20265 55226
103800 11639 101350
101350 11639 103800
11639 101350 103800
114457 61637 126803
61637 114457 126803
126803 61637 114457
124870 82413 136733
136733 82413 124870
82413 124870 136733
27691 66811 101360
66811 27691 101360
101360 27691 66811
89725 84894 124134
124134 84894 89725
84894 89725 124134
25034 17429 125718
125718 17429 25034
17429 25034 125718
28410 53149 99580
99580 28410 53149
53149 28410 99580
39860 80811 82445
82445 39860 80811
80811 39860 82445
40790 28894 71731
28894 40790 71731
71731 28894 40790
73403 24766 77197
77197 24766 73403
24766 73403 77197
72205 104466 147304
147304 72205 104466
104466 72205 147304
23991 61362 111672
111672 23991 61362
61362 23991 111672
47937 2590 43103
2590 43103 47937
43103 2590 47937
49334 7996 48925
48925 7996 49334
7996 48925 49334
118143 2831 57084
2831 57084 118143
57084 2831 118143
78338 94268 97356
97356 78338 94268
94268 78338 97356
49746 16928 125461
16928 49746 125461
125461 16928 49746
129983 13767 54600
13767 54600 129983
54600 13767 129983
138022 74635 124408
124408 74635 138022
74635 124408 138022
121461 63799 87666
87666 63799 121461
63799 87666 121461
10772 111545 116788
111545 10772 116788
116788 10772 111545
63388 5613 101125
101125 5613 63388
5613 63388 101125
105370 97665 116855
116855 97665 105370
97665 105370 116855
90049 50667 127584
127584 50667 90049
50667 90049 127584
75713 121919 134689
134689 75713 121919
121919 75713 134689
132395 40335 88913
88913 40335 132395
40335 88913 132395
50823 101726 118097
118097 50823 101726
101726 50823 118097
1654 80986 93294
80986 1654 93294
93294 1654 80986
88178 118600 148165
148165 88178 118600
118600 88178 148165
137480 68233 121252
68233 121252 137480
121252 68233 137480
83409 445 130466
130466 445 83409
445 83409 130466
146129 12444 73624
73624 12444 146129
12444 73624 146129
89508 13836 51802
51802 13836 89508
13836 51802 89508
136815 58818 124012
58818 124012 136815
124012 58818 136815
132740 38153 140832
140832 38153 132740
38153 132740 140832
87845 37936 130816
37936 87845 130816
130816 37936 87845
97104 112430 143799
143799 97104 112430
112430 97104 143799
119177 46720 142730
142730 46720 119177
46720 119177 142730
147700 15974 82628
15974 82628 147700
82628 15974 147700
55767 43593 48889
43593 48889 55767
48889 43593 55767
40534 114285 147735
114285 40534 147735
147735 40534 114285
59721 45520 55126
55126 45520 59721
45520 55126 59721
32405 1898 77728
77728 1898 32405
1898 32405 77728
27038 33916 109007
33916 27038 109007
109007 27038 33916
136026 37983 55855
55855 37983 136026
37983 55855 136026
147128 88798 137323
137323 88798 147128
88798 137323 147128
1950 31356 95619
31356 1950 95619
95619 1950 31356
65153 46575 137842
46575 65153 137842
137842 46575 65153
136594 31955 145040
145040 31955 136594
31955 136594 145040
74470 80649 90994
90994 74470 80649
80649 74470 90994
50803 76176 141652
141652 50803 76176
76176 50803 141652
27555 66768 146837
146837 27555 66768
66768 27555 146837
118163 35713 76616
76616 35713 118163
35713 76616 118163
79648 24571 50802
24571 50802 79648
50802 24571 79648
128544 10436 30101
10436 30101 128544
30101 10436 128544
110369 30882 141237
30882 110369 141237
141237 30882 110369
9758 43795 44177
43795 9758 44177
44177 9758 43795
79553 69803 118867
69803 79553 118867
118867 69803 79553
81871 17821 37657
37657 17821 81871
17821 37657 81871
3794 10313 56920
10313 3794 56920
56920 3794 10313
11407 36241 148056
36241 11407 148056
148056 11407 36241
44598 4911 5518
4911 5518 44598
5518 4911 44598
55854 18393 70227
70227 18393 55854
18393 55854 70227
95606 50434 86808
50434 86808 95606
86808 50434 95606
39842 16986 40199
40199 16986 39842
16986 39842 40199
51848 116336 135668
135668 51848 116336
116336 51848 135668
70991 54921 74110
54921 70991 74110
74110 54921 70991
128487 93633 119561
93633 119561 128487
119561 93633 128487
124444 96875 136216
96875 124444 136216
136216 96875 124444
3037 69503 111060
111060 3037 69503
69503 3037 111060
100037 32368 127196
32368 100037 127196
127196 32368 100037
25539 45015 51639
45015 25539 51639
51639 25539 45015
21912 122413 148177
148177 21912 122413
122413 21912 148177
78124 114340 149992
149992 78124 114340
114340 78124 149992
47636 25402 117839
117839 25402 47636
25402 47636 117839
50076 103112 104976
104976 50076 103112
103112 50076 104976
4590 13607 26419
26419 4590 13607
13607 4590 26419
52036 296 146067
146067 296 52036
296 52036 146067
17379 87859 100534
87859 17379 100534
100534 17379 87859
13044 60973 99021
99021 13044 60973
60973 13044 99021
143870 82620 125578
125578 82620 143870
82620 125578 143870
8804 55488 67464
55488 8804 67464
67464 8804 55488
94441 85215 147261
147261 85215 94441
85215 94441 147261
149469 27939 101166
27939 101166 149469
101166 27939 149469
19099 2792 112585
112585 2792 19099
2792 19099 112585
75555 21311 118382
118382 21311 75555
21311 75555 118382
100742 96550 114581
96550 100742 114581
114581 96550 100742
121736 28483 91661
91661 28483 121736
28483 91661 121736
28110 54887 105962
54887 28110 105962
105962 28110 54887
45315 46571 93802
93802 45315 46571
46571 45315 93802
106682 98247 144871
98247 106682 144871
144871 98247 106682
129898 47021 144657
47021 129898 144657
144657 47021 129898
36556 4239 84415
84415 4239 36556
4239 36556 84415
142981 89814 117253
89814 117253 142981
117253 89814 142981
128588 72076 92368
72076 92368 128588
92368 72076 128588
123249 46158 67319
46158 67319 123249
67319 46158 123249
27531 108106 137357
137357 27531 108106
108106 27531 137357
77909 76108 146477
76108 77909 146477
146477 76108 77909
131766 102708 131277
102708 131277 131766
131277 102708 131766
12076 39286 117870
117870 12076 39286
39286 12076 117870
113640 92826 118608
118608 92826 113640
92826 113640 118608
75043 13987 15537
13987 15537 75043
15537 13987 75043
91644 3488 105262
3488 91644 105262
105262 3488 91644
118252 41891 78482
78482 41891 118252
41891 78482 118252
97547 27491 112023
27491 97547 112023
112023 27491 97547
103851 7501 63092
63092 7501 103851
7501 63092 103851
82960 20926 50532
50532 20926 82960
20926 50532 82960
146940 20057 42732
42732 20057 146940
20057 42732 146940
91377 9377 70514
9377 70514 91377
70514 9377 91377
104299 67974 83900
83900 67974 104299
67974 83900 104299
48823 99252 143318
99252 48823 143318
143318 48823 99252
89143 127735 141459
127735 89143 141459
141459 89143 127735
117429 65481 111435
65481 111435 117429
111435 65481 117429
86082 120374 126114
126114 86082 120374
120374 86082 126114
72351 39591 100823
39591 72351 100823
100823 39591 72351
39050 2138 8501
8501 2138 39050
2138 8501 39050
46221 18783 74187
18783 46221 74187
74187 18783 46221
11298 30313 100396
30313 11298 100396
100396 11298 30313
72836 8662 72017
72017 8662 72836
8662 72017 72836
60452 35193 52550
35193 52550 60452
52550 35193 60452
44629 32071 62480
62480 32071 44629
32071 44629 62480
30308 88795 135940
88795 30308 135940
135940 30308 88795
67899 1665 2105
1665 2105 67899
2105 1665 67899
104002 7847 111894
7847 104002 111894
111894 7847 104002
32067 121179 131692
121179 32067 131692
131692 32067 121179
101653 35639 137105
137105 35639 101653
35639 101653 137105
36056 37218 136138
136138 36056 37218
37218 36056 136138
11668 62874 117234
62874 11668 117234
117234 11668 62874
76313 62 37192
37192 62 76313
62 37192 76313
110633 20274 60328
20274 60328 110633
60328 20274 110633
52408 108629 149557
149557 52408 108629
108629 52408 149557
7933 15726 57480
57480 7933 15726
15726 7933 57480
134182 105454 146302
146302 105454 134182
105454 134182 146302
19371 30033 118415
30033 19371 118415
118415 19371 30033
103053 66716 87905
66716 87905 103053
87905 66716 103053
48523 85873 95881
95881 48523 85873
85873 48523 95881
1201 51412 107092
51412 1201 107092
107092 1201 51412
1861 16856 108421
16856 1861 108421
108421 1861 16856
39731 56141 57879
57879 39731 56141
56141 39731 57879
43467 74910 90556
90556 43467 74910
74910 43467 90556
129990 108069 136495
108069 129990 136495
136495 108069 129990
121255 112771 125531
112771 121255 125531
125531 112771 121255
36999 4330 23379
4330 23379 36999
23379 4330 36999
82012 48786 53692
48786 53692 82012
53692 48786 82012
62136 58554 76928
76928 58554 62136
58554 62136 76928
102 45937 130155
130155 102 45937
45937 102 130155
21789 45270 51824
51824 21789 45270
45270 21789 51824
48750 80473 80910
80910 48750 80473
80473 48750 80910
31262 51431 85218
51431 31262 85218
85218 31262 51431
17334 25371 127036
127036 17334 25371
25371 17334 127036
40440 71930 138503
71930 40440 138503
138503 40440 71930
109648 37713 91744
37713 91744 109648
91744 37713 109648
84272 22473 140334
22473 84272 140334
140334 22473 84272
24138 46369 64951
64951 24138 46369
46369 24138 64951
13068 83235 143823
143823 13068 83235
83235 13068 143823
119527 50925 122790
122790 50925 119527
50925 119527 122790
121321 18731 53239
53239 18731 121321
18731 53239 121321
130996 142397 148240
142397 130996 148240
148240 130996 142397
34118 21146 31709
31709 21146 34118
21146 31709 34118
40364 127478 145784
145784 40364 127478
127478 40364 145784
17934 119580 129046
119580 17934 129046
129046 17934 119580
23205 22925 38963
22925 23205 38963
38963 22925 23205
16641 117282 123149
123149 16641 117282
117282 16641 123149
87145 16269 60579
60579 16269 87145
16269 60579 87145
41661 4053 95646
4053 41661 95646
95646 4053 41661
147157 48002 78625
48002 78625 147157
78625 48002 147157
101365 45752 134598
45752 101365 134598
134598 45752 101365
40562 16351 100203
100203 16351 40562
16351 40562 100203
123826 52663 84416
84416 52663 123826
52663 84416 123826
119433 42087 84245
84245 42087 119433
42087 84245 119433
47882 50238 132440
132440 47882 50238
50238 47882 132440
42713 82118 108895
82118 42713 108895
108895 42713 82118
83606 25841 101017
101017 25841 83606
25841 83606 101017
107305 90716 94635
90716 94635 107305
94635 90716 107305
86351 111930 122565
122565 86351 111930
111930 86351 122565
49378 17288 94924
17288 49378 94924
94924 17288 49378
672 62674 108638
108638 672 62674
62674 672 108638
122562 135342 135821
135342 122562 135821
135821 122562 135342
10557 67199 144363
144363 10557 67199
67199 10557 144363
36500 28367 54213
28367 36500 54213
54213 28367 36500
107078 46646 78433
46646 78433 107078
78433 46646 107078
11881 7995 35370
35370 7995 11881
7995 11881 35370
122018 132542 136961
132542 122018 136961
136961 122018 132542
122396 124466 126755
126755 122396 124466
124466 122396 126755
113794 48102 128651
48102 113794 128651
128651 48102 113794
141480 132241 141403
132241 141403 141480
141403 132241 141480
55909 143575 147480
143575 55909 147480
147480 55909 143575
133840 78718 98193
78718 98193 133840
98193 78718 133840
136954 80376 136228
80376 136228 136954
136228 80376 136954
79067 17557 83904
83904 17557 79067
17557 79067 83904
87293 74398 104612
104612 74398 87293
74398 87293 104612
59773 26425 117120
117120 26425 59773
26425 59773 117120
10481 36197 106705
106705 10481 36197
36197 10481 106705
87930 36812 55512
55512 36812 87930
36812 55512 87930
65868 88929 110682
88929 65868 110682
110682 65868 88929
133304 8338 29372
29372 8338 133304
8338 29372 133304
103364 104159 148318
104159 103364 148318
148318 103364 104159
33715 11373 16145
16145 11373 33715
11373 16145 33715
45437 28052 126901
126901 28052 45437
28052 45437 126901
98666 123098 148159
123098 98666 148159
148159 98666 123098
123151 58582 120033
120033 58582 123151
58582 120033 123151
103043 46366 70421
46366 70421 103043
70421 46366 103043
60128 21297 42846
42846 21297 60128
21297 42846 60128
142146 44068 110066
44068 110066 142146
110066 44068 142146
32556 7638 9564
9564 7638 32556
7638 9564 32556
34537 44917 90005
44917 34537 90005
90005 34537 44917
28054 27589 128850
128850 27589 28054
27589 28054 128850
106941 75658 86989
75658 86989 106941
86989 75658 106941
101533 104756 142367
142367 101533 104756
104756 101533 142367
75648 41928 50181
41928 50181 75648
50181 41928 75648
36918 50394 121616
50394 36918 121616
121616 36918 50394
73443 135857 139522
139522 73443 135857
135857 73443 139522
134190 23193 137148
23193 134190 137148
137148 23193 134190
142090 95790 108100
95790 108100 142090
108100 95790 142090
65072 65848 132455
132455 65072 65848
65848 65072 132455
53049 138835 149865
138835 53049 149865
149865 53049 138835
76256 133396 136498
133396 76256 136498
136498 76256 133396
75768 95968 120722
95968 75768 120722
120722 75768 95968
117403 67174 73270
73270 67174 117403
67174 73270 117403
86263 5346 70179
5346 70179 86263
70179 5346 86263
137436 16565 64229
16565 64229 137436
64229 16565 137436
24264 71157 119452
119452 24264 71157
71157 24264 119452
55574 8295 120120
120120 8295 55574
8295 55574 120120
196 138626 148517
138626 196 148517
148517 196 138626
19040 4623 23279
23279 4623 19040
4623 19040 23279
65710 6882 11004
11004 6882 65710
6882 11004 65710
34883 50770 98811
98811 34883 50770
50770 34883 98811
136598 59658 142907
59658 136598 142907
142907 59658 136598
68668 52419 72359
52419 68668 72359
72359 52419 68668
133581 5495 88013
88013 5495 133581
5495 88013 133581
21307 23657 95867
23657 21307 95867
95867 21307 23657
79324 40854 41234
40854 41234 79324
41234 40854 79324
64737 44959 74019
74019 44959 64737
44959 64737 74019
142321 5272 93013
5272 93013 142321
93013 5272 142321
103629 65360 79409
65360 79409 103629
79409 65360 103629
71184 18276 101270
101270 18276 71184
18276 71184 101270
99041 34870 126172
34870 99041 126172
126172 34870 99041
5005 99025 117072
99025 5005 117072
117072 5005 99025
32989 60613 108247
108247 32989 60613
60613 32989 108247
137984 74747 110351
74747 110351 137984
110351 74747 137984
98333 20799 42965
42965 20799 98333
20799 42965 98333
117306 43756 96585
43756 96585 117306
96585 43756 117306
122924 38338 91689
91689 38338 122924
38338 91689 122924
55640 111643 136620
111643 55640 136620
136620 55640 111643
134601 91250 141736
141736 91250 134601
91250 134601 141736
86374 21252 89428
89428 21252 86374
21252 86374 89428
41232 53791 103410
103410 41232 53791
53791 41232 103410
52171 44173 74043
44173 52171 74043
74043 44173 52171
139944 64090 81248
81248 64090 139944
64090 81248 139944
48790 63595 65760
63595 48790 65760
65760 48790 63595
26352 10137 109977
10137 26352 109977
109977 10137 26352
65453 5707 103348
5707 65453 103348
103348 5707 65453
108399 42634 89342
89342 42634 108399
42634 89342 108399
41503 91003 94380
94380 41503 91003
91003 41503 94380
93582 89497 117899
117899 89497 93582
89497 93582 117899
24777 1711 50467
1711 24777 50467
50467 1711 24777
114065 8333 117355
8333 114065 117355
117355 8333 114065
56116 91450 139936
139936 56116 91450
91450 56116 139936
11360 35823 73509
73509 11360 35823
35823 11360 73509
46478 20896 42725
42725 20896 46478
20896 42725 46478
130860 20508 116530
20508 116530 130860
116530 20508 130860
84577 41670 83421
41670 83421 84577
83421 41670 84577
121525 70794 111981
70794 111981 121525
111981 70794 121525
62002 61316 68259
61316 62002 68259
68259 61316 62002
126480 25865 149051
149051 25865 126480
25865 126480 149051
84555 56808 131958
131958 56808 84555
56808 84555 131958
77527 11763 40033
40033 11763 77527
11763 40033 77527
111400 14636 124432
124432 14636 111400
14636 111400 124432
11121 123750 140015
140015 11121 123750
123750 11121 140015
103495 41344 103579
103579 41344 103495
41344 103495 103579
126000 44611 45729
44611 45729 126000
45729 44611 126000
111013 117007 130092
130092 111013 117007
117007 111013 130092
124663 3314 87384
3314 87384 124663
87384 3314 124663
144217 13399 58095
13399 58095 144217
58095 13399 144217
134000 48096 126162
48096 126162 134000
126162 48096 134000
17290 25813 88282
88282 17290 25813
25813 17290 88282
1311 3984 139077
139077 1311 3984
3984 1311 139077
146606 15762 131684
15762 131684 146606
131684 15762 146606
71144 18689 76571
76571 18689 71144
18689 71144 76571
18079 105126 116748
105126 18079 116748
116748 18079 105126
130936 72098 132165
132165 72098 130936
72098 130936 132165
9485 79160 115722
79160 9485 115722
115722 9485 79160
81795 50179 57662
50179 57662 81795
57662 50179 81795
55846 84635 137396
84635 55846 137396
137396 55846 84635
10635 61586 141500
141500 10635 61586
61586 10635 141500
74919 37723 64371
37723 64371 74919
64371 37723 74919
59217 110036 117712
117712 59217 110036
110036 59217 117712
125053 14525 117843
117843 14525 125053
14525 117843 125053
3445 16398 115948
16398 3445 115948
115948 3445 16398
28217 115347 117936
115347 28217 117936
117936 28217 115347
63638 33973 149182
33973 63638 149182
149182 33973 63638
84663 112144 142668
112144 84663 142668
142668 84663 112144
54191 55802 64017
64017 54191 55802
55802 54191 64017
115240 15709 30747
15709 30747 115240
30747 15709 115240
74109 9525 119690
9525 74109 119690
119690 9525 74109
39762 29541 119249
119249 29541 39762
29541 39762 119249
46490 13475 147552
13475 46490 147552
147552 13475 46490
24019 34740 74727
74727 24019 34740
34740 24019 74727
76863 59942 138570
138570 59942 76863
59942 76863 138570
142618 36311 50226
36311 50226 142618
50226 36311 142618
95592 77863 93895
77863 93895 95592
93895 77863 95592
61119 18730 75345
75345 18730 61119
18730 61119 75345
90129 71920 92486
92486 71920 90129
71920 90129 92486
100174 48261 130983
130983 48261 100174
48261 100174 130983
2061 45214 101707
45214 2061 101707
101707 2061 45214
2913 65652 134842
65652 2913 134842
134842 2913 65652
99731 49757 103788
49757 99731 103788
103788 49757 99731
39219 76460 138968
138968 39219 76460
76460 39219 138968
76093 28475 97061
97061 28475 76093
28475 76093 97061
16882 36560 76543
36560 16882 76543
76543 16882 36560
74681 29910 145607
145607 29910 74681
29910 74681 145607
39231 44608 132237
132237 39231 44608
44608 39231 132237
122213 5062 34125
34125 5062 122213
5062 34125 122213
107317 53011 67803
53011 67803 107317
67803 53011 107317
40103 2155 33761
33761 2155 40103
2155 33761 40103
99850 1641 57357
1641 57357 99850
57357 1641 99850
37501 25103 103528
25103 37501 103528
103528 25103 37501
31255 22001 45207
45207 22001 31255
22001 31255 45207
85505 23026 101482
101482 23026 85505
23026 85505 101482
44718 16137 97444
97444 16137 44718
16137 44718 97444
112838 67895 125413
67895 112838 125413
125413 67895 112838
42198 72904 89534
72904 42198 89534
89534 42198 72904
84228 92610 125702
92610 84228 125702
125702 84228 92610
115798 52088 144182
144182 52088 115798
52088 115798 144182
114566 39393 125022
39393 114566 125022
125022 39393 114566
80597 3862 64404
3862 64404 80597
64404 3862 80597
75585 8365 13735
13735 8365 75585
8365 13735 75585
27747 62199 120481
62199 27747 120481
120481 27747 62199
146728 18614 117874
18614 117874 146728
117874 18614 146728
114972 34355 69475
69475 34355 114972
34355 69475 114972
55736 3282 19370
19370 3282 55736
3282 19370 55736
97325 67805 101571
101571 67805 97325
67805 97325 101571
92670 4570 41008
41008 4570 92670
4570 41008 92670
30478 1836 29149
29149 1836 30478
1836 29149 30478
49417 9467 40211
9467 40211 49417
40211 9467 49417
134617 49503 69214
49503 69214 134617
69214 49503 134617
7924 21935 25324
21935 7924 25324
25324 7924 21935
52541 36321 127225
36321 52541 127225
127225 36321 52541
81298 85288 114172
114172 81298 85288
85288 81298 114172
91169 46077 80278
46077 80278 91169
80278 46077 91169
114201 20887 107996
107996 20887 114201
20887 107996 114201
83546 1690 28598
1690 28598 83546
28598 1690 83546
130794 13578 16771
13578 16771 130794
16771 13578 130794
139317 75602 93808
93808 75602 139317
75602 93808 139317
136566 9499 127388
127388 9499 136566
9499 127388 136566
47333 6478 75752
6478 47333 75752
75752 6478 47333
109398 26407 96100
26407 96100 109398
96100 26407 109398
40283 42497 118576
118576 40283 42497
42497 40283 118576
83619 12161 48238
48238 12161 83619
12161 48238 83619
42211 73688 74563
73688 42211 74563
74563 42211 73688
84847 94044 117750
94044 84847 117750
117750 84847 94044
10724 6200 55527
6200 10724 55527
55527 6200 10724
85799 6300 35968
6300 35968 85799
35968 6300 85799
122814 3569 28959
3569 28959 122814
28959 3569 122814
87318 110472 126868
110472 87318 126868
126868 87318 110472
61505 23483 70727
23483 61505 70727
70727 23483 61505
34344 61051 74324
61051 34344 74324
74324 34344 61051
121807 96612 147259
96612 121807 147259
147259 96612 121807
136349 102387 132852
132852 102387 136349
102387 132852 136349
52401 33414 117391
117391 33414 52401
33414 52401 117391
94496 19819 99767
19819 94496 99767
99767 19819 94496
35630 26621 95196
26621 35630 95196
95196 26621 35630
43493 69821 71296
71296 43493 69821
69821 43493 71296
96107 31304 148487
148487 31304 96107
31304 96107 148487
149858 2577 98537
98537 2577 149858
2577 98537 149858
109979 5007 80397
80397 5007 109979
5007 80397 109979
89485 108854 113827
108854 89485 113827
113827 89485 108854
119671 74286 95595
74286 95595 119671
95595 74286 119671
135503 36577 132802
132802 36577 135503
36577 132802 135503
50562 81317 105801
81317 50562 105801
105801 50562 81317
13028 15116 48496
15116 13028 48496
48496 13028 15116
114599 15319 64262
15319 64262 114599
64262 15319 114599
42613 71698 122883
71698 42613 122883
122883 42613 71698
50155 75483 136521
136521 50155 75483
75483 50155 136521
22999 62354 68436
62354 22999 68436
68436 22999 62354
118333 27664 61774
27664 61774 118333
61774 27664 118333
40581 322 93975
322 40581 93975
93975 322 40581
35959 53147 147451
147451 35959 53147
53147 35959 147451
80899 95370 141099
95370 80899 141099
141099 80899 95370
127906 49887 102745
102745 49887 127906
49887 102745 127906
119021 16342 99698
16342 99698 119021
99698 16342 119021
126992 18999 82115
82115 18999 126992
18999 82115 126992
123791 121944 137941
137941 121944 123791
121944 123791 137941
19687 53870 89913
53870 19687 89913
89913 19687 53870
104541 524 683
683 524 104541
524 683 104541
73722 111977 113086
111977 73722 113086
113086 73722 111977
102548 78731 122381
78731 102548 122381
122381 78731 102548
64732 60183 120289
60183 64732 120289
120289 60183 64732
122178 106180 145084
106180 122178 145084
145084 106180 122178
40275 128037 130516
128037 40275 130516
130516 40275 128037
31698 41937 46505
41937 31698 46505
46505 31698 41937
121224 67556 96627
96627 67556 121224
67556 96627 121224
56147 42737 57016
42737 56147 57016
57016 42737 56147
15731 17893 73409
73409 15731 17893
17893 15731 73409
7059 14438 45589
45589 7059 14438
14438 7059 45589
37720 28984 51786
28984 37720 51786
51786 28984 37720
107174 15489 103967
15489 103967 107174
103967 15489 107174
10311 41306 133787
41306 10311 133787
133787 10311 41306
101053 30080 137910
30080 101053 137910
137910 30080 101053
26885 29824 54891
29824 26885 54891
54891 26885 29824
9764 37427 80210
37427 9764 80210
80210 9764 37427
3436 62474 72572
72572 3436 62474
62474 3436 72572
93922 875 125492
125492 875 93922
875 93922 125492
109525 122093 149846
122093 109525 149846
149846 109525 122093
138151 36588 47291
36588 47291 138151
47291 36588 138151
52576 30074 56865
30074 52576 56865
56865 30074 52576
1555 89552 119053
119053 1555 89552
89552 1555 119053
120415 30864 138638
