40078 93422 135887
135887 40078 93422
93422 40078 135887
99536 79824 113720
79824 99536 113720
113720 79824 99536
7089 78870 104245
104245 7089 78870
78870 7089 104245
34683 28203 75985
75985 28203 34683
28203 34683 75985
9699 44786 132461
132461 9699 44786
44786 9699 132461
30138 27101 38016
38016 27101 30138
27101 30138 38016
109486 59419 63933
59419 63933 109486
63933 59419 109486
47788 32025 134972
32025 47788 134972
134972 32025 47788
96034 83274 112757
112757 83274 96034
83274 96034 112757
110388 25873 37262
25873 37262 110388
37262 25873 110388
46452 119736 133048
119736 46452 133048
133048 46452 119736
59926 59217 99502
99502 59217 59926
59217 59926 99502
91661 64917 145814
145814 64917 91661
64917 91661 145814
76244 49763 65011
49763 65011 76244
65011 49763 76244
143616 88755 117650
117650 88755 143616
88755 117650 143616
18553 55664 148218
148218 18553 55664
55664 18553 148218
137162 44759 104749
104749 44759 137162
44759 104749 137162
39784 39087 149074
149074 39087 39784
39087 39784 149074
80926 12374 133540
133540 12374 80926
12374 80926 133540
91541 38594 101153
38594 91541 101153
101153 38594 91541
2280 36330 57540
57540 2280 36330
36330 2280 57540
56881 23561 141866
23561 56881 141866
141866 23561 56881
129354 135113 136962
136962 129354 135113
135113 129354 136962
43789 65853 75462
75462 43789 65853
65853 43789 75462
75020 8503 63465
63465 8503 75020
8503 63465 75020
1102 71772 132025
132025 1102 71772
71772 1102 132025
65809 50723 63261
50723 63261 65809
63261 50723 65809
49219 87592 92849
87592 49219 92849
92849 49219 87592
140942 11150 79093
11150 79093 140942
79093 11150 140942
110248 9839 22245
9839 22245 110248
22245 9839 110248
106585 26189 117897
117897 26189 106585
26189 106585 117897
114239 27457 38172
38172 27457 114239
27457 38172 114239
29658 31800 127234
31800 29658 127234
127234 29658 31800
25039 59001 68204
68204 25039 59001
59001 25039 68204
24622 115617 142949
142949 24622 115617
115617 24622 142949
99450 35240 134823
134823 35240 99450
35240 99450 134823
121171 70133 104153
70133 104153 121171
104153 70133 121171
57920 75224 149484
149484 57920 75224
75224 57920 149484
116577 25534 136462
136462 25534 116577
25534 116577 136462
134998 6197 24189
6197 24189 134998
24189 6197 134998
66930 50405 56726
50405 56726 66930
56726 50405 66930
91796 54885 69043
54885 69043 91796
69043 54885 91796
29873 75320 123423
123423 29873 75320
75320 29873 123423
2586 31032 64398
64398 2586 31032
31032 2586 64398
63542 47218 136524
136524 47218 63542
47218 63542 136524
93698 43696 109356
43696 93698 109356
109356 43696 93698
135477 39560 149506
149506 39560 135477
39560 135477 149506
73100 126124 130541
130541 73100 126124
126124 73100 130541
118791 37864 117967
117967 37864 118791
37864 117967 118791
101747 99509 112033
99509 101747 112033
112033 99509 101747
144966 27965 96120
96120 27965 144966
27965 96120 144966
108223 23515 44789
23515 44789 108223
44789 23515 108223
78401 30475 133353
30475 78401 133353
133353 30475 78401
57621 24645 135604
135604 24645 57621
24645 57621 135604
33968 92903 112032
92903 33968 112032
112032 33968 92903
120329 132160 149645
149645 120329 132160
132160 120329 149645
48184 80343 106008
80343 48184 106008
106008 48184 80343
121497 54156 100134
100134 54156 121497
54156 100134 121497
86935 134637 149461
134637 86935 149461
149461 86935 134637
57189 82901 86670
86670 57189 82901
82901 57189 86670
38297 56031 67957
56031 38297 67957
67957 38297 56031
23420 107738 126153
107738 23420 126153
126153 23420 107738
140113 113000 136253
136253 113000 140113
113000 136253 140113
90612 60268 63673
60268 63673 90612
63673 60268 90612
32255 63257 68921
68921 32255 63257
63257 32255 68921
8419 52953 87790
52953 8419 87790
87790 8419 52953
67786 63101 107935
107935 63101 67786
63101 67786 107935
55212 95715 145890
95715 55212 145890
145890 55212 95715
11229 43759 103003
43759 11229 103003
103003 11229 43759
35223 72728 84666
72728 35223 84666
84666 35223 72728
105589 11029 149766
11029 105589 149766
149766 11029 105589
135061 71570 93233
71570 93233 135061
93233 71570 135061
36120 86128 91731
91731 36120 86128
86128 36120 91731
25203 105726 119754
119754 25203 105726
105726 25203 119754
72227 45364 73994
45364 72227 73994
73994 45364 72227
45445 117636 143773
117636 45445 143773
143773 45445 117636
124627 75009 121032
75009 121032 124627
121032 75009 124627
35960 34022 130233
130233 34022 35960
34022 35960 130233
38681 11009 12412
12412 11009 38681
11009 12412 38681
106103 806 69018
69018 806 106103
806 69018 106103
54130 10106 23863
10106 23863 54130
23863 10106 54130
90591 62991 124623
62991 90591 124623
124623 62991 90591
107696 34453 128771
34453 107696 128771
128771 34453 107696
48774 40384 70256
70256 40384 48774
40384 48774 70256
15124 34737 86931
34737 15124 86931
86931 15124 34737
84180 98619 104685
98619 84180 104685
104685 84180 98619
29965 65302 127028
65302 29965 127028
127028 29965 65302
147549 53254 91465
53254 91465 147549
91465 53254 147549
145647 3650 51183
51183 3650 145647
3650 51183 145647
17125 1596 130157
1596 17125 130157
130157 1596 17125
98439 51934 131725
51934 98439 131725
131725 51934 98439
124902 66654 86859
66654 86859 124902
86859 66654 124902
12324 37656 47693
37656 12324 47693
47693 12324 37656
54637 17456 91539
17456 54637 91539
91539 17456 54637
90464 133950 139079
139079 90464 133950
133950 90464 139079
129122 77998 118668
118668 77998 129122
77998 118668 129122
21976 117798 135968
135968 21976 117798
117798 21976 135968
17593 4810 14652
4810 14652 17593
14652 4810 17593
1169 87906 89214
87906 1169 89214
89214 1169 87906
7513 75979 139083
139083 7513 75979
75979 7513 139083
82487 136177 140543
140543 82487 136177
136177 82487 140543
111213 47796 96819
47796 96819 111213
96819 47796 111213
134636 106483 133692
106483 133692 134636
133692 106483 134636
57580 16191 50004
50004 16191 57580
16191 50004 57580
38650 32946 47175
32946 38650 47175
47175 32946 38650
142934 1123 7902
1123 7902 142934
7902 1123 142934
102956 30269 41573
30269 41573 102956
41573 30269 102956
24542 19543 125086
125086 19543 24542
19543 24542 125086
28267 75323 99254
99254 28267 75323
75323 28267 99254
146411 34598 104885
34598 104885 146411
104885 34598 146411
106273 56198 96410
96410 56198 106273
56198 96410 106273
121185 97292 121512
97292 121185 121512
121512 97292 121185
95014 20631 59136
59136 20631 95014
20631 59136 95014
45803 60420 83454
83454 45803 60420
60420 45803 83454
2569 91762 134234
91762 2569 134234
134234 2569 91762
1125 18110 116815
116815 1125 18110
18110 1125 116815
147261 4411 135251
4411 135251 147261
135251 4411 147261
10315 48014 123599
48014 10315 123599
123599 10315 48014
1518 98567 102536
102536 1518 98567
98567 1518 102536
96180 67381 149490
67381 96180 149490
149490 67381 96180
25695 18881 119299
18881 25695 119299
119299 18881 25695
45138 26857 108883
26857 45138 108883
108883 26857 45138
5641 117901 123741
123741 5641 117901
117901 5641 123741
21666 118299 143284
118299 21666 143284
143284 21666 118299
98554 43684 56034
43684 56034 98554
56034 43684 98554
101166 5514 96079
96079 5514 101166
5514 96079 101166
80940 28399 127989
28399 80940 127989
127989 28399 80940
87587 82697 116323
116323 82697 87587
82697 87587 116323
20334 11550 20394
11550 20334 20394
20394 11550 20334
28721 15149 41921
15149 28721 41921
41921 15149 28721
119001 39188 79735
39188 79735 119001
79735 39188 119001
90288 140755 141892
140755 90288 141892
141892 90288 140755
48633 72603 138522
72603 48633 138522
138522 48633 72603
90818 19814 73074
19814 73074 90818
73074 19814 90818
23389 68149 126868
68149 23389 126868
126868 23389 68149
88757 79281 128693
79281 88757 128693
128693 79281 88757
70349 3202 41968
41968 3202 70349
3202 41968 70349
144516 26908 101566
26908 101566 144516
101566 26908 144516
111804 56643 99418
99418 56643 111804
56643 99418 111804
62266 20712 34620
34620 20712 62266
20712 34620 62266
68593 103114 103982
103114 68593 103982
103982 68593 103114
25506 18133 82459
18133 25506 82459
82459 18133 25506
89407 134905 135808
134905 89407 135808
135808 89407 134905
95558 83196 136812
136812 83196 95558
83196 95558 136812
118916 9672 96407
9672 96407 118916
96407 9672 118916
145573 51753 121458
121458 51753 145573
51753 121458 145573
90865 84039 95767
95767 84039 90865
84039 90865 95767
65925 71098 72501
71098 65925 72501
72501 65925 71098
39326 83333 138121
138121 39326 83333
83333 39326 138121
112281 34260 48695
34260 48695 112281
48695 34260 112281
141377 13072 119625
13072 119625 141377
119625 13072 141377
59989 39973 146113
39973 59989 146113
146113 39973 59989
126595 48458 149471
48458 126595 149471
149471 48458 126595
126397 131015 148236
148236 126397 131015
131015 126397 148236
38454 16687 148002
148002 16687 38454
16687 38454 148002
125649 139530 146473
139530 125649 146473
146473 125649 139530
32544 93793 118030
93793 32544 118030
118030 32544 93793
110169 22937 42378
42378 22937 110169
22937 42378 110169
28904 21920 140663
140663 21920 28904
21920 28904 140663
71451 113308 115398
113308 71451 115398
115398 71451 113308
5308 69373 104497
69373 5308 104497
104497 5308 69373
70834 60616 116900
116900 60616 70834
60616 70834 116900
59633 70499 107844
107844 59633 70499
70499 59633 107844
99214 24559 49233
49233 24559 99214
24559 49233 99214
48302 1962 123774
1962 48302 123774
123774 1962 48302
80361 91111 109583
91111 80361 109583
109583 80361 91111
140964 12587 113576
113576 12587 140964
12587 113576 140964
132101 9578 84059
84059 9578 132101
9578 84059 132101
130744 123203 146914
146914 123203 130744
123203 130744 146914
149800 72949 98615
72949 98615 149800
98615 72949 149800
39656 26593 53946
53946 26593 39656
26593 39656 53946
107367 51813 136765
136765 51813 107367
51813 107367 136765
103582 6399 22508
22508 6399 103582
6399 22508 103582
52750 54807 109035
109035 52750 54807
54807 52750 109035
111894 20641 90991
20641 90991 111894
90991 20641 111894
34510 24636 89928
89928 24636 34510
24636 34510 89928
74780 44537 64883
64883 44537 74780
44537 64883 74780
60668 123368 130847
123368 60668 130847
130847 60668 123368
26981 5492 29082
5492 26981 29082
29082 5492 26981
132815 71253 149848
71253 132815 149848
149848 71253 132815
127364 20754 42423
42423 20754 127364
20754 42423 127364
5821 71345 130365
130365 5821 71345
71345 5821 130365
31889 8309 71628
71628 8309 31889
8309 31889 71628
126915 33218 75954
33218 75954 126915
75954 33218 126915
19304 78298 133652
78298 19304 133652
133652 19304 78298
49908 7560 54457
7560 49908 54457
54457 7560 49908
4628 4747 48723
4747 4628 48723
48723 4628 4747
60158 57365 72182
57365 60158 72182
72182 57365 60158
103556 26989 33905
26989 33905 103556
33905 26989 103556
144815 45142 115809
115809 45142 144815
45142 115809 144815
123390 52522 138859
52522 123390 138859
138859 52522 123390
90635 103017 127422
127422 90635 103017
103017 90635 127422
54338 73999 119674
119674 54338 73999
73999 54338 119674
59532 26533 42008
26533 42008 59532
42008 26533 59532
97867 13866 95377
95377 13866 97867
13866 95377 97867
31390 45699 60323
60323 31390 45699
45699 31390 60323
61322 57657 98128
98128 57657 61322
57657 61322 98128
136404 56149 143696
56149 136404 143696
143696 56149 136404
27074 4035 52032
4035 27074 52032
52032 4035 27074
43959 27735 50531
50531 27735 43959
27735 43959 50531
107297 56517 75928
56517 75928 107297
75928 56517 107297
122858 6692 11119
11119 6692 122858
6692 11119 122858
67460 4166 61102
61102 4166 67460
4166 61102 67460
81332 21083 91734
21083 81332 91734
91734 21083 81332
41682 2444 116893
116893 2444 41682
2444 41682 116893
108706 73980 87279
73980 87279 108706
87279 73980 108706
136820 22665 56235
22665 56235 136820
56235 22665 136820
148283 127790 137536
127790 137536 148283
137536 127790 148283
111847 5539 104721
104721 5539 111847
5539 104721 111847
117568 77123 90995
90995 77123 117568
77123 90995 117568
121069 31382 95094
31382 95094 121069
95094 31382 121069
15534 32747 121158
32747 15534 121158
121158 15534 32747
19162 44885 52448
52448 19162 44885
44885 19162 52448
19232 98953 144380
98953 19232 144380
144380 19232 98953
29445 9562 133199
9562 29445 133199
133199 9562 29445
33681 1577 50179
1577 33681 50179
50179 1577 33681
12845 51783 116589
116589 12845 51783
51783 12845 116589
44198 61124 145948
61124 44198 145948
145948 44198 61124
37052 30128 106274
30128 37052 106274
106274 30128 37052
142050 20982 62667
20982 62667 142050
62667 20982 142050
133261 18782 38463
18782 38463 133261
38463 18782 133261
104320 91373 96991
91373 96991 104320
96991 91373 104320
28600 10674 60785
60785 10674 28600
10674 28600 60785
17565 88208 143533
88208 17565 143533
143533 17565 88208
99879 103606 147786
147786 99879 103606
103606 99879 147786
41689 81114 148919
81114 41689 148919
148919 41689 81114
97028 97630 115638
97630 97028 115638
115638 97028 97630
92250 68860 96609
68860 92250 96609
96609 68860 92250
87116 21574 131249
21574 87116 131249
131249 21574 87116
34507 2134 66109
66109 2134 34507
2134 34507 66109
56964 12873 78582
12873 56964 78582
78582 12873 56964
99949 99958 113443
113443 99949 99958
99958 99949 113443
86646 49501 98316
98316 49501 86646
49501 86646 98316
84329 15469 140457
15469 84329 140457
140457 15469 84329
123604 45650 48105
45650 48105 123604
48105 45650 123604
43893 24201 94731
24201 43893 94731
94731 24201 43893
73816 51303 130964
130964 51303 73816
51303 73816 130964
101482 25978 69124
25978 69124 101482
69124 25978 101482
19187 101127 114884
114884 19187 101127
101127 19187 114884
57309 104820 132179
104820 57309 132179
132179 57309 104820
1114 44400 62809
44400 1114 62809
62809 1114 44400
73820 73891 119962
119962 73820 73891
73891 73820 119962
36694 85185 128919
85185 36694 128919
128919 36694 85185
4346 8583 90847
90847 4346 8583
8583 4346 90847
86558 5306 81668
81668 5306 86558
5306 81668 86558
85404 30017 146560
30017 85404 146560
146560 30017 85404
140610 14078 135656
135656 14078 140610
14078 135656 140610
140139 42229 75249
42229 75249 140139
75249 42229 140139
98500 82624 102961
102961 82624 98500
82624 98500 102961
89550 65400 149172
65400 89550 149172
149172 65400 89550
41647 87814 97297
87814 41647 97297
97297 41647 87814
763 71554 120912
120912 763 71554
71554 763 120912
102851 70074 94608
94608 70074 102851
70074 94608 102851
54700 19032 69933
19032 54700 69933
69933 19032 54700
36904 101651 106219
106219 36904 101651
101651 36904 106219
73849 35745 122389
35745 73849 122389
122389 35745 73849
62430 30385 31998
31998 30385 62430
30385 31998 62430
24871 106708 116081
116081 24871 106708
106708 24871 116081
115133 62216 138371
138371 62216 115133
62216 115133 138371
112311 6422 38763
6422 38763 112311
38763 6422 112311
79212 69586 140621
140621 69586 79212
69586 79212 140621
4812 11986 121296
11986 4812 121296
121296 4812 11986
32125 58476 139829
58476 32125 139829
139829 32125 58476
84745 115668 116750
116750 84745 115668
115668 84745 116750
93700 102781 133325
102781 93700 133325
133325 93700 102781
112017 7443 26705
7443 26705 112017
26705 7443 112017
47437 77445 81519
81519 47437 77445
77445 47437 81519
136162 18429 62757
18429 62757 136162
62757 18429 136162
96678 102754 149696
149696 96678 102754
102754 96678 149696
99516 45484 148962
148962 45484 99516
45484 99516 148962
103712 25171 50766
50766 25171 103712
25171 50766 103712
48782 43858 143504
143504 43858 48782
43858 48782 143504
100406 22370 112714
112714 22370 100406
22370 100406 112714
102516 29476 45565
29476 45565 102516
45565 29476 102516
117694 52073 133659
133659 52073 117694
52073 117694 133659
109603 8357 145190
8357 109603 145190
145190 8357 109603
106947 119579 137004
137004 106947 119579
119579 106947 137004
17945 43570 118509
118509 17945 43570
43570 17945 118509
116281 83348 147266
147266 83348 116281
83348 116281 147266
72139 25218 139017
139017 25218 72139
25218 72139 139017
2525 44228 130680
130680 2525 44228
44228 2525 130680
40237 10023 59325
10023 40237 59325
59325 10023 40237
146383 63522 124471
63522 124471 146383
124471 63522 146383
30054 111332 141581
141581 30054 111332
111332 30054 141581
127202 55327 95479
55327 95479 127202
95479 55327 127202
101262 46221 99856
99856 46221 101262
46221 99856 101262
124910 63298 120365
120365 63298 124910
63298 120365 124910
128510 5528 45230
5528 45230 128510
45230 5528 128510
62697 51204 140208
51204 62697 140208
140208 51204 62697
24223 7032 58652
58652 7032 24223
7032 24223 58652
87463 16364 75100
75100 16364 87463
16364 75100 87463
92600 60140 121688
60140 92600 121688
121688 60140 92600
63768 10852 34048
34048 10852 63768
10852 34048 63768
106672 59086 132436
59086 106672 132436
132436 59086 106672
118758 14753 58377
58377 14753 118758
14753 58377 118758
146044 44795 137527
44795 137527 146044
137527 44795 146044
7917 31783 76302
31783 7917 76302
76302 7917 31783
42726 65495 103131
103131 42726 65495
65495 42726 103131
56 4742 147964
147964 56 4742
4742 56 147964
18211 45370 96222
96222 18211 45370
45370 18211 96222
31195 74710 79246
74710 31195 79246
79246 31195 74710
131424 113659 131675
131675 113659 131424
113659 131424 131675
52214 12439 60221
12439 52214 60221
60221 12439 52214
78910 29671 90482
29671 78910 90482
90482 29671 78910
16204 17184 107171
17184 16204 107171
107171 16204 17184
125885 21140 38272
38272 21140 125885
21140 38272 125885
100072 78141 118371
118371 78141 100072
78141 100072 118371
106301 40058 100517
100517 40058 106301
40058 100517 106301
50359 76509 77241
76509 50359 77241
77241 50359 76509
101185 57443 134761
134761 57443 101185
57443 101185 134761
92538 18027 43963
43963 18027 92538
18027 43963 92538
114563 57136 112798
57136 112798 114563
112798 57136 114563
140547 20150 133715
133715 20150 140547
20150 133715 140547
135722 42720 91040
91040 42720 135722
42720 91040 135722
98660 119827 147969
147969 98660 119827
119827 98660 147969
134361 109732 138896
138896 109732 134361
109732 134361 138896
41796 50591 95668
95668 41796 50591
50591 41796 95668
60929 12800 136970
136970 12800 60929
12800 60929 136970
5406 19574 21832
21832 5406 19574
19574 5406 21832
140348 3873 45819
45819 3873 140348
3873 45819 140348
3458 112978 126293
126293 3458 112978
112978 3458 126293
18724 62512 148056
62512 18724 148056
148056 18724 62512
27668 34442 121780
34442 27668 121780
121780 27668 34442
42725 60837 91626
60837 42725 91626
91626 42725 60837
74007 56639 142500
142500 56639 74007
56639 74007 142500
14395 28454 32843
32843 14395 28454
28454 14395 32843
105292 9754 105086
9754 105086 105292
105086 9754 105292
117115 48817 97836
97836 48817 117115
48817 97836 117115
46673 63417 76246
63417 46673 76246
76246 46673 63417
99579 43464 78081
78081 43464 99579
43464 78081 99579
102066 30343 134155
134155 30343 102066
30343 102066 134155
33010 29908 140846
29908 33010 140846
140846 29908 33010
111091 31896 57063
31896 57063 111091
57063 31896 111091
5332 71294 91277
71294 5332 91277
91277 5332 71294
12969 9925 31534
31534 9925 12969
9925 12969 31534
12984 25814 125653
125653 12984 25814
25814 12984 125653
83222 93513 94477
93513 83222 94477
94477 83222 93513
28284 2049 53448
53448 2049 28284
2049 28284 53448
10146 79771 141058
79771 10146 141058
141058 10146 79771
114895 23734 116282
23734 114895 116282
116282 23734 114895
17284 7859 75995
7859 17284 75995
75995 7859 17284
31916 126387 134427
134427 31916 126387
126387 31916 134427
1535 95939 103864
95939 1535 103864
103864 1535 95939
140729 52735 100915
100915 52735 140729
52735 100915 140729
69791 2300 36037
2300 36037 69791
36037 2300 69791
98344 74227 105909
74227 98344 105909
105909 74227 98344
76844 47644 82652
82652 47644 76844
47644 76844 82652
110232 12746 33997
12746 33997 110232
33997 12746 110232
62664 39563 133383
39563 62664 133383
133383 39563 62664
69929 25934 70869
25934 69929 70869
70869 25934 69929
83704 32341 35634
32341 35634 83704
35634 32341 83704
122972 105597 139583
139583 105597 122972
105597 122972 139583
86217 17729 146067
17729 86217 146067
146067 17729 86217
32132 77235 80957
77235 32132 80957
80957 32132 77235
123548 20281 119489
119489 20281 123548
20281 119489 123548
69756 37648 68576
37648 68576 69756
68576 37648 69756
60580 76824 144161
76824 60580 144161
144161 60580 76824
37998 12998 116659
12998 37998 116659
116659 12998 37998
17540 6199 53386
53386 6199 17540
6199 17540 53386
104922 22196 90425
90425 22196 104922
22196 90425 104922
71188 49949 92719
49949 71188 92719
92719 49949 71188
120774 61713 103990
103990 61713 120774
61713 103990 120774
37990 12731 121929
12731 37990 121929
121929 12731 37990
76161 31575 110932
110932 31575 76161
31575 76161 110932
60246 53012 147218
147218 53012 60246
53012 60246 147218
52199 50558 136515
50558 52199 136515
136515 50558 52199
114891 100310 102414
102414 100310 114891
100310 102414 114891
80011 53158 59627
53158 59627 80011
59627 53158 80011
74148 76681 140777
140777 74148 76681
76681 74148 140777
142864 69606 132567
132567 69606 142864
69606 132567 142864
67665 45593 100766
45593 67665 100766
100766 45593 67665
79076 15768 134945
134945 15768 79076
15768 79076 134945
117207 12625 113014
12625 113014 117207
113014 12625 117207
119077 61327 73915
73915 61327 119077
61327 73915 119077
13355 107293 147200
147200 13355 107293
107293 13355 147200
108461 45812 72633
72633 45812 108461
45812 72633 108461
71695 85300 100262
100262 71695 85300
85300 71695 100262
14284 14710 73599
14710 14284 73599
73599 14284 14710
129838 89406 114318
89406 114318 129838
114318 89406 129838
42111 1910 147828
147828 1910 42111
1910 42111 147828
86856 10460 49144
10460 49144 86856
49144 10460 86856
92207 24234 130905
130905 24234 92207
24234 92207 130905
133255 67261 143364
67261 133255 143364
143364 67261 133255
64414 15529 90110
15529 64414 90110
90110 15529 64414
71409 1279 81190
81190 1279 71409
1279 71409 81190
47475 81735 129921
81735 47475 129921
129921 47475 81735
35478 10270 53165
53165 10270 35478
10270 35478 53165
23726 22164 64817
64817 22164 23726
22164 23726 64817
123305 34065 34513
34513 34065 123305
34065 34513 123305
35456 42387 127491
42387 35456 127491
127491 35456 42387
68518 43027 110891
43027 68518 110891
110891 43027 68518
114270 54268 72479
54268 72479 114270
72479 54268 114270
90243 92928 106935
106935 90243 92928
92928 90243 106935
83822 22061 24450
24450 22061 83822
22061 24450 83822
126243 55333 136814
136814 55333 126243
55333 126243 136814
100492 105406 117217
117217 100492 105406
105406 100492 117217
126999 18354 96218
18354 96218 126999
96218 18354 126999
117813 72805 107810
107810 72805 117813
72805 107810 117813
137150 94052 139432
139432 94052 137150
94052 137150 139432
13017 133295 136770
133295 13017 136770
136770 13017 133295
62921 100276 134289
134289 62921 100276
100276 62921 134289
82451 39076 87895
87895 39076 82451
39076 82451 87895
47771 4701 60102
4701 47771 60102
60102 4701 47771
65800 7173 22322
7173 22322 65800
22322 7173 65800
135508 5818 132819
132819 5818 135508
5818 132819 135508
12178 3063 52221
52221 3063 12178
3063 12178 52221
10733 27644 76632
27644 10733 76632
76632 10733 27644
143950 26895 119822
26895 119822 143950
119822 26895 143950
11698 71930 105749
105749 11698 71930
71930 11698 105749
82260 15324 118232
118232 15324 82260
15324 82260 118232
81729 42005 89091
89091 42005 81729
42005 81729 89091
141891 120513 145166
120513 141891 145166
145166 120513 141891
108368 16759 47588
16759 47588 108368
47588 16759 108368
63308 46198 109951
109951 46198 63308
46198 63308 109951
64246 128605 146310
128605 64246 146310
146310 64246 128605
70742 78733 94734
78733 70742 94734
94734 70742 78733
12420 5810 111652
111652 5810 12420
5810 12420 111652
46709 25638 124046
25638 46709 124046
124046 25638 46709
100994 128484 139153
128484 100994 139153
139153 100994 128484
127492 55820 100862
55820 100862 127492
100862 55820 127492
39266 8384 77753
8384 39266 77753
77753 8384 39266
82790 48965 82261
82261 48965 82790
48965 82261 82790
97170 72690 99325
72690 97170 99325
99325 72690 97170
106087 72854 77840
72854 77840 106087
77840 72854 106087
26519 129740 147398
129740 26519 147398
147398 26519 129740
124549 32545 145605
32545 124549 145605
145605 32545 124549
104591 61653 114928
114928 61653 104591
61653 104591 114928
58094 134312 141704
134312 58094 141704
141704 58094 134312
43333 28187 32234
32234 28187 43333
28187 32234 43333
32113 14120 78548
78548 14120 32113
14120 32113 78548
95608 11435 27593
11435 27593 95608
27593 11435 95608
70559 3668 37146
37146 3668 70559
3668 37146 70559
37843 53139 105288
105288 37843 53139
53139 37843 105288
106143 39328 95194
39328 95194 106143
95194 39328 106143
75057 336 16638
336 16638 75057
16638 336 75057
25389 23292 111634
23292 25389 111634
111634 23292 25389
92562 52787 89468
89468 52787 92562
52787 89468 92562
65357 76635 149672
149672 65357 76635
76635 65357 149672
42782 25700 52234
25700 42782 52234
52234 25700 42782
66486 18235 33933
33933 18235 66486
18235 33933 66486
46022 29946 94254
29946 46022 94254
94254 29946 46022
47157 11844 149729
149729 11844 47157
11844 47157 149729
149044 19411 147194
147194 19411 149044
19411 147194 149044
88723 38335 71292
71292 38335 88723
38335 71292 88723
71928 67063 143200
143200 67063 71928
67063 71928 143200
145869 55202 122531
122531 55202 145869
55202 122531 145869
62453 98265 140153
140153 62453 98265
98265 62453 140153
126088 614 107151
107151 614 126088
614 107151 126088
6292 85851 93468
85851 6292 93468
93468 6292 85851
149185 565 136947
136947 565 149185
565 136947 149185
93936 18083 116912
116912 18083 93936
18083 93936 116912
23569 104968 130892
104968 23569 130892
130892 23569 104968
8327 12409 138994
12409 8327 138994
138994 8327 12409
127114 36372 67490
36372 67490 127114
67490 36372 127114
20112 56570 113996
113996 20112 56570
56570 20112 113996
4970 3678 144272
3678 4970 144272
144272 3678 4970
105212 34298 71849
34298 71849 105212
71849 34298 105212
107398 495 54400
495 54400 107398
54400 495 107398
129519 32017 80749
80749 32017 129519
32017 80749 129519
51028 88013 149906
88013 51028 149906
149906 51028 88013
105859 34879 37874
34879 37874 105859
37874 34879 105859
33287 64561 80944
64561 33287 80944
80944 33287 64561
36869 19416 38097
38097 19416 36869
19416 36869 38097
13618 83002 124693
124693 13618 83002
83002 13618 124693
42752 15816 144309
15816 42752 144309
144309 15816 42752
124460 56088 83037
56088 83037 124460
83037 56088 124460
80900 40629 70273
70273 40629 80900
40629 70273 80900
39346 70935 142082
142082 39346 70935
70935 39346 142082
126958 44183 46176
46176 44183 126958
44183 46176 126958
113393 7452 69315
69315 7452 113393
7452 69315 113393
145853 65186 117638
117638 65186 145853
65186 117638 145853
48201 728 111128
728 48201 111128
111128 728 48201
66565 73501 123287
73501 66565 123287
123287 66565 73501
143570 9471 87349
87349 9471 143570
9471 87349 143570
73335 79120 107213
79120 73335 107213
107213 73335 79120
84053 30797 43971
43971 30797 84053
30797 43971 84053
55129 37293 104430
104430 37293 55129
37293 55129 104430
129456 44825 135440
44825 129456 135440
135440 44825 129456
140892 19277 58185
19277 58185 140892
58185 19277 140892
77508 15927 144683
15927 77508 144683
144683 15927 77508
139233 19540 77982
19540 77982 139233
77982 19540 139233
30072 12199 145729
12199 30072 145729
145729 12199 30072
71862 26979 103433
26979 71862 103433
103433 26979 71862
39587 19900 49057
49057 19900 39587
19900 39587 49057
136739 114697 127379
114697 127379 136739
127379 114697 136739
122400 93527 106811
106811 93527 122400
93527 106811 122400
123714 18229 98217
18229 98217 123714
98217 18229 123714
91175 32030 51125
32030 51125 91175
51125 32030 91175
148974 58906 145450
58906 145450 148974
145450 58906 148974
139216 125157 137249
125157 137249 139216
137249 125157 139216
51483 22511 56483
22511 51483 56483
56483 22511 51483
63930 102413 125437
125437 63930 102413
102413 63930 125437
101685 21372 94041
21372 94041 101685
94041 21372 101685
25967 85536 117579
85536 25967 117579
117579 25967 85536
28415 37083 148704
37083 28415 148704
148704 28415 37083
61990 68650 69451
68650 61990 69451
69451 61990 68650
16010 53266 128661
128661 16010 53266
53266 16010 128661
79740 88042 118321
118321 79740 88042
88042 79740 118321
36675 408 109060
408 36675 109060
109060 408 36675
59601 61499 124960
61499 59601 124960
124960 59601 61499
7436 46487 92186
92186 7436 46487
46487 7436 92186
17846 82228 97250
97250 17846 82228
82228 17846 97250
7399 44456 107605
44456 7399 107605
107605 7399 44456
10431 34941 131456
131456 10431 34941
34941 10431 131456
4296 64133 144986
144986 4296 64133
64133 4296 144986
41803 30512 110177
30512 41803 110177
110177 30512 41803
76140 549 16747
549 16747 76140
16747 549 76140
29094 18196 89202
89202 18196 29094
18196 29094 89202
63894 50240 147189
50240 63894 147189
147189 50240 63894
111099 66516 85141
66516 85141 111099
85141 66516 111099
18927 11383 115761
11383 18927 115761
115761 11383 18927
95826 62511 90098
90098 62511 95826
62511 90098 95826
123001 98506 129224
98506 123001 129224
129224 98506 123001
100931 76318 110008
110008 76318 100931
76318 100931 110008
30105 37497 59799
37497 30105 59799
59799 30105 37497
110230 134547 148274
134547 110230 148274
148274 110230 134547
56889 89511 129443
89511 56889 129443
129443 56889 89511
76647 57491 97516
57491 76647 97516
97516 57491 76647
98151 74234 93538
74234 93538 98151
93538 74234 98151
57675 38800 69523
38800 57675 69523
69523 38800 57675
119791 11216 56510
56510 11216 119791
11216 56510 119791
55302 47511 55085
47511 55085 55302
55085 47511 55302
21612 89041 144083
89041 21612 144083
144083 21612 89041
124777 75976 138396
138396 75976 124777
75976 124777 138396
28566 5811 144012
144012 5811 28566
5811 28566 144012
104185 77524 125695
125695 77524 104185
77524 104185 125695
19459 64386 99355
64386 19459 99355
99355 19459 64386
130152 14778 115847
14778 115847 130152
115847 14778 130152
15942 52451 111047
111047 15942 52451
52451 15942 111047
123270 144755 149840
144755 123270 149840
149840 123270 144755
90170 146983 148845
148845 90170 146983
146983 90170 148845
74004 21059 121889
121889 21059 74004
21059 74004 121889
46562 75244 121922
121922 46562 75244
75244 46562 121922
8523 132780 141376
141376 8523 132780
132780 8523 141376
77470 10991 83737
83737 10991 77470
10991 77470 83737
79812 6665 83206
6665 79812 83206
83206 6665 79812
148500 51176 90629
90629 51176 148500
51176 90629 148500
26316 20733 117266
117266 20733 26316
20733 26316 117266
116897 6124 73258
73258 6124 116897
6124 73258 116897
66064 13617 15303
13617 15303 66064
15303 13617 66064
111430 80654 95913
80654 95913 111430
95913 80654 111430
104713 244 73388
244 73388 104713
73388 244 104713
108723 58190 128262
128262 58190 108723
58190 108723 128262
135517 109979 144806
144806 109979 135517
109979 135517 144806
133607 83898 132426
83898 132426 133607
132426 83898 133607
99767 60125 67644
67644 60125 99767
60125 67644 99767
38113 17530 134214
17530 38113 134214
134214 17530 38113
8732 47760 115108
47760 8732 115108
115108 8732 47760
115861 36103 98594
36103 98594 115861
98594 36103 115861
5496 44424 76809
44424 5496 76809
76809 5496 44424
142039 11575 117721
117721 11575 142039
11575 117721 142039
1944 57165 82353
82353 1944 57165
57165 1944 82353
3541 45521 111010
111010 3541 45521
45521 3541 111010
65603 14145 102631
102631 14145 65603
14145 65603 102631
44561 20227 107150
20227 44561 107150
107150 20227 44561
130995 83067 125643
125643 83067 130995
83067 125643 130995
44942 52803 100775
52803 44942 100775
100775 44942 52803
12354 24754 137655
137655 12354 24754
24754 12354 137655
66461 34297 145532
34297 66461 145532
145532 34297 66461
65037 121548 139901
121548 65037 139901
139901 65037 121548
51751 22947 127302
22947 51751 127302
127302 22947 51751
33473 886 101300
101300 886 33473
886 33473 101300
18256 116567 132166
116567 18256 132166
132166 18256 116567
30897 50929 126167
50929 30897 126167
126167 30897 50929
72385 23729 77715
23729 72385 77715
77715 23729 72385
147408 24324 28338
24324 28338 147408
28338 24324 147408
55464 8047 16497
8047 16497 55464
16497 8047 55464
53085 41611 137298
41611 53085 137298
137298 41611 53085
39704 104907 140599
140599 39704 104907
104907 39704 140599
21183 15653 56851
15653 21183 56851
56851 15653 21183
50086 100888 104554
100888 50086 104554
104554 50086 100888
125698 4548 129319
129319 4548 125698
4548 125698 129319
45281 78473 97003
97003 45281 78473
78473 45281 97003
77698 73746 128086
73746 77698 128086
128086 73746 77698
143413 32884 147434
32884 143413 147434
147434 32884 143413
138811 58667 141675
141675 58667 138811
58667 138811 141675
68256 14446 119222
119222 14446 68256
14446 68256 119222
95433 104495 132035
132035 95433 104495
104495 95433 132035
10389 9557 54213
54213 9557 10389
9557 10389 54213
107066 14961 73310
73310 14961 107066
14961 73310 107066
33749 23227 59196
59196 23227 33749
23227 33749 59196
113702 31891 47112
47112 31891 113702
31891 47112 113702
35131 57244 105093
105093 35131 57244
57244 35131 105093
75228 36311 124339
124339 36311 75228
36311 75228 124339
103014 44730 130919
44730 103014 130919
130919 44730 103014
148356 73756 146724
146724 73756 148356
73756 146724 148356
84749 54287 104527
54287 84749 104527
104527 54287 84749
116219 23237 97764
97764 23237 116219
23237 97764 116219
25492 40138 50924
40138 25492 50924
50924 25492 40138
145897 41609 70156
41609 70156 145897
70156 41609 145897
34700 133493 146076
133493 34700 146076
146076 34700 133493
124952 95547 129932
95547 124952 129932
129932 95547 124952
59469 12884 27835
27835 12884 59469
12884 27835 59469
143963 36452 146549
146549 36452 143963
36452 143963 146549
113798 99467 110794
110794 99467 113798
99467 110794 113798
119046 87520 122291
87520 119046 122291
122291 87520 119046
98093 37087 92320
37087 92320 98093
92320 37087 98093
85192 111198 127018
111198 85192 127018
127018 85192 111198
63616 129989 139304
139304 63616 129989
129989 63616 139304
61221 69924 118446
69924 61221 118446
118446 61221 69924
82359 16884 135382
135382 16884 82359
16884 82359 135382
26299 30583 80200
80200 26299 30583
30583 26299 80200
24304 34991 50255
34991 24304 50255
50255 24304 34991
48081 16359 22098
22098 16359 48081
16359 22098 48081
90874 15777 103686
103686 15777 90874
15777 90874 103686
38982 41005 118873
41005 38982 118873
118873 38982 41005
33677 17983 36547
17983 33677 36547
36547 17983 33677
101657 17788 28523
17788 28523 101657
28523 17788 101657
34171 38513 48301
48301 34171 38513
38513 34171 48301
6350 57727 70725
57727 6350 70725
70725 6350 57727
135803 56155 65700
65700 56155 135803
56155 65700 135803
41748 53417 122825
122825 41748 53417
53417 41748 122825
105525 27911 143381
27911 105525 143381
143381 27911 105525
36560 26259 122308
26259 36560 122308
122308 26259 36560
139925 68673 129585
129585 68673 139925
68673 129585 139925
17516 100001 101096
101096 17516 100001
100001 17516 101096
4784 10477 73496
73496 4784 10477
10477 4784 73496
5451 31165 106901
31165 5451 106901
106901 5451 31165
102619 71397 131550
71397 102619 131550
131550 71397 102619
77760 62574 96415
96415 62574 77760
62574 77760 96415
139768 11077 94723
94723 11077 139768
11077 94723 139768
106988 110926 148915
148915 106988 110926
110926 106988 148915
9404 119114 137177
119114 9404 137177
137177 9404 119114
41248 12797 94187
94187 12797 41248
12797 41248 94187
137157 802 27264
27264 802 137157
802 27264 137157
121982 26750 52708
52708 26750 121982
26750 52708 121982
37419 139611 149688
149688 37419 139611
139611 37419 149688
91651 21813 132817
132817 21813 91651
21813 91651 132817
110912 64993 121855
121855 64993 110912
64993 110912 121855
44753 80573 141997
141997 44753 80573
80573 44753 141997
107567 61501 144238
61501 107567 144238
144238 61501 107567
130237 27177 125886
125886 27177 130237
27177 125886 130237
37356 36815 110450
36815 37356 110450
110450 36815 37356
41104 42795 126531
126531 41104 42795
42795 41104 126531
10638 20616 68679
68679 10638 20616
20616 10638 68679
120221 50150 83935
50150 83935 120221
83935 50150 120221
136225 35361 100331
100331 35361 136225
35361 100331 136225
21489 9527 142706
9527 21489 142706
142706 9527 21489
82667 21608 119308
119308 21608 82667
21608 82667 119308
52102 12136 32602
32602 12136 52102
12136 32602 52102
50996 63404 143997
63404 50996 143997
143997 50996 63404
137513 36665 146087
146087 36665 137513
36665 137513 146087
145293 52476 140045
52476 140045 145293
140045 52476 145293
130037 45278 124527
124527 45278 130037
45278 124527 130037
42023 45042 110302
45042 42023 110302
110302 42023 45042
26182 8063 81181
8063 26182 81181
81181 8063 26182
15646 46302 117167
117167 15646 46302
46302 15646 117167
126644 93814 121821
121821 93814 126644
93814 121821 126644
99646 86660 102337
86660 99646 102337
102337 86660 99646
34945 63728 77018
63728 34945 77018
77018 34945 63728
63295 43853 142694
43853 63295 142694
142694 43853 63295
3351 40161 73993
73993 3351 40161
40161 3351 73993
72036 69735 74834
69735 72036 74834
74834 69735 72036
74568 92623 96745
92623 74568 96745
96745 74568 92623
31164 52623 68018
52623 31164 68018
68018 31164 52623
3775 13776 26196
26196 3775 13776
13776 3775 26196
136560 17149 96244
17149 96244 136560
96244 17149 136560
116380 3106 65867
65867 3106 116380
3106 65867 116380
37346 31515 120142
120142 31515 37346
31515 37346 120142
103599 82030 137494
82030 103599 137494
137494 82030 103599
130198 55260 112229
55260 112229 130198
112229 55260 130198
81165 20809 84142
20809 81165 84142
84142 20809 81165
133798 44523 56495
44523 56495 133798
56495 44523 133798
87256 54066 101542
54066 87256 101542
101542 54066 87256
82067 353 139532
139532 353 82067
353 82067 139532
108666 72313 125333
125333 72313 108666
72313 108666 125333
84345 123964 131130
123964 84345 131130
131130 84345 123964
110350 42887 52475
42887 52475 110350
52475 42887 110350
9116 121777 144483
144483 9116 121777
121777 9116 144483
112526 84589 88865
88865 84589 112526
84589 88865 112526
84680 111226 111414
111226 84680 111414
111414 84680 111226
97044 12517 18984
12517 18984 97044
18984 12517 97044
143059 35647 55011
35647 55011 143059
55011 35647 143059
130097 17914 142566
142566 17914 130097
17914 130097 142566
41464 91006 130711
91006 41464 130711
130711 41464 91006
24667 132500 140664
140664 24667 132500
132500 24667 140664
124263 37753 107499
37753 107499 124263
107499 37753 124263
40174 13547 58616
58616 13547 40174
13547 40174 58616
19415 3501 85463
85463 3501 19415
3501 19415 85463
145343 21705 147658
21705 145343 147658
147658 21705 145343
102682 16325 109406
109406 16325 102682
16325 102682 109406
75912 10799 39554
39554 10799 75912
10799 39554 75912
45553 19925 132518
132518 19925 45553
19925 45553 132518
9624 5628 138881
138881 5628 9624
5628 9624 138881
63633 15910 26542
26542 15910 63633
15910 26542 63633
21137 42984 110423
42984 21137 110423
110423 21137 42984
87501 26578 42475
26578 42475 87501
42475 26578 87501
59562 56012 67104
56012 59562 67104
67104 56012 59562
106210 47101 53895
47101 53895 106210
53895 47101 106210
36292 19360 110841
19360 36292 110841
110841 19360 36292
18303 15872 123788
15872 18303 123788
123788 15872 18303
119755 12226 97942
12226 97942 119755
97942 12226 119755
109518 13078 127511
13078 109518 127511
127511 13078 109518
113520 20287 54049
20287 54049 113520
54049 20287 113520
144527 48082 76447
48082 76447 144527
76447 48082 144527
9789 1344 2141
1344 2141 9789
2141 1344 9789
60464 49837 99080
99080 49837 60464
49837 60464 99080
146631 54648 130807
130807 54648 146631
54648 130807 146631
103858 63738 143724
63738 103858 143724
143724 63738 103858
77495 10928 93541
93541 10928 77495
10928 77495 93541
83636 8488 91862
8488 83636 91862
91862 8488 83636
134911 17682 59963
59963 17682 134911
17682 59963 134911
57695 100869 110314
100869 57695 110314
110314 57695 100869
8609 24957 82193
24957 8609 82193
82193 8609 24957
75280 99271 106740
99271 75280 106740
106740 75280 99271
39063 60300 62631
62631 39063 60300
60300 39063 62631
128926 101552 138720
138720 101552 128926
101552 128926 138720
13560 16282 114295
16282 13560 114295
114295 13560 16282
109196 60807 126820
60807 109196 126820
