67957 72544 95410
95410 67957 72544
72544 67957 95410
100540 102914 121720
121720 100540 102914
102914 100540 121720
128081 23844 132635
23844 128081 132635
132635 23844 128081
121663 89789 146747
146747 89789 121663
89789 121663 146747
73346 135135 146375
146375 73346 135135
135135 73346 146375
71794 95442 146045
95442 71794 146045
146045 71794 95442
125532 49723 93366
49723 93366 125532
93366 49723 125532
11620 47122 47698
47698 11620 47122
47122 11620 47698
115874 48654 71596
48654 71596 115874
71596 48654 115874
73133 90290 141123
90290 73133 141123
141123 73133 90290
116717 62031 66139
66139 62031 116717
62031 66139 116717
4035 54421 148398
54421 4035 148398
148398 4035 54421
48562 22521 30352
22521 30352 48562
30352 22521 48562
76044 101261 114878
114878 76044 101261
101261 76044 114878
67147 112838 148732
148732 67147 112838
112838 67147 148732
30609 17090 68662
17090 30609 68662
68662 17090 30609
121687 9072 116599
9072 116599 121687
116599 9072 121687
43304 14044 105995
105995 14044 43304
14044 43304 105995
88540 50859 144965
50859 88540 144965
144965 50859 88540
110156 12770 76609
76609 12770 110156
12770 76609 110156
28625 48643 135622
135622 28625 48643
48643 28625 135622
3904 7849 37143
7849 3904 37143
37143 3904 7849
82475 5588 85951
85951 5588 82475
5588 82475 85951
75970 11397 129167
129167 11397 75970
11397 75970 129167
124995 1667 135682
135682 1667 124995
1667 124995 135682
112479 54485 99359
99359 54485 112479
54485 99359 112479
44041 58620 61758
58620 44041 61758
61758 44041 58620
9278 7586 121104
7586 9278 121104
121104 7586 9278
77783 92901 138561
92901 77783 138561
138561 77783 92901
72781 102617 148176
102617 72781 148176
148176 72781 102617
62198 30616 148731
148731 30616 62198
30616 62198 148731
57466 17411 122066
17411 57466 122066
122066 17411 57466
112161 52116 122382
122382 52116 112161
52116 112161 122382
117253 39200 133175
39200 117253 133175
133175 39200 117253
44800 42903 88140
88140 42903 44800
42903 44800 88140
46470 56113 63790
63790 46470 56113
56113 46470 63790
71853 77717 95799
77717 71853 95799
95799 71853 77717
41044 97609 141798
141798 41044 97609
97609 41044 141798
64022 73269 114459
73269 64022 114459
114459 64022 73269
126946 2034 22962
2034 22962 126946
22962 2034 126946
106238 67060 88553
88553 67060 106238
67060 88553 106238
93311 25037 78215
78215 25037 93311
25037 78215 93311
72893 111 121338
111 72893 121338
121338 111 72893
41991 44121 113071
44121 41991 113071
113071 41991 44121
65407 40158 103103
103103 40158 65407
40158 65407 103103
36077 46152 87357
46152 36077 87357
87357 36077 46152
102145 85223 99449
85223 99449 102145
99449 85223 102145
37451 127 103332
127 37451 103332
103332 127 37451
18816 112547 132690
112547 18816 132690
132690 18816 112547
69185 30319 34883
30319 34883 69185
34883 30319 69185
114244 5887 146748
5887 114244 146748
146748 5887 114244
138660 120677 145410
145410 120677 138660
120677 138660 145410
83101 48965 134996
134996 48965 83101
48965 83101 134996
7531 81073 144097
81073 7531 144097
144097 7531 81073
85556 18469 116071
116071 18469 85556
18469 85556 116071
41198 13964 114966
114966 13964 41198
13964 41198 114966
103759 14014 41276
14014 41276 103759
41276 14014 103759
37787 33763 50439
50439 33763 37787
33763 37787 50439
10553 6452 136850
6452 10553 136850
136850 6452 10553
55245 46455 99623
46455 55245 99623
99623 46455 55245
146807 98974 137938
137938 98974 146807
98974 137938 146807
16328 2547 149379
149379 2547 16328
2547 16328 149379
127098 33135 102400
102400 33135 127098
33135 102400 127098
17498 62710 146821
62710 17498 146821
146821 17498 62710
117893 39881 68192
68192 39881 117893
39881 68192 117893
58443 6511 87653
6511 58443 87653
87653 6511 58443
34050 593 88085
593 34050 88085
88085 593 34050
108227 46558 140160
46558 108227 140160
140160 46558 108227
6950 113836 134022
113836 6950 134022
134022 6950 113836
59215 56625 149636
56625 59215 149636
149636 56625 59215
51737 45248 136034
45248 51737 136034
136034 45248 51737
114315 20617 89832
89832 20617 114315
20617 89832 114315
13484 20916 134744
20916 13484 134744
134744 13484 20916
110574 77734 145692
77734 110574 145692
145692 77734 110574
117340 58229 87334
58229 87334 117340
87334 58229 117340
122136 83326 88074
88074 83326 122136
83326 88074 122136
129928 114654 143603
143603 114654 129928
114654 129928 143603
63889 55967 146197
55967 63889 146197
146197 55967 63889
140648 1927 24985
1927 24985 140648
24985 1927 140648
108951 12305 48927
12305 48927 108951
48927 12305 108951
110757 33868 54097
54097 33868 110757
33868 54097 110757
112876 36162 112321
112321 36162 112876
36162 112321 112876
25368 105770 124561
124561 25368 105770
105770 25368 124561
56458 85063 104181
104181 56458 85063
85063 56458 104181
29605 73530 89588
89588 29605 73530
73530 29605 89588
1391 78358 88297
88297 1391 78358
78358 1391 88297
27186 80505 130557
80505 27186 130557
130557 27186 80505
4306 20406 101455
20406 4306 101455
101455 4306 20406
99339 131323 141575
141575 99339 131323
131323 99339 141575
115723 31892 109592
109592 31892 115723
31892 109592 115723
58946 24575 42149
24575 42149 58946
42149 24575 58946
62117 88711 116936
116936 62117 88711
88711 62117 116936
32335 35241 65710
35241 32335 65710
65710 32335 35241
29597 33850 54459
54459 29597 33850
33850 29597 54459
147521 12489 78917
78917 12489 147521
12489 78917 147521
28680 60095 112950
112950 28680 60095
60095 28680 112950
57383 6475 60739
60739 6475 57383
6475 57383 60739
141548 36089 139791
139791 36089 141548
36089 139791 141548
9569 38117 77775
77775 9569 38117
38117 9569 77775
104284 46424 96497
46424 96497 104284
96497 46424 104284
49607 71738 112873
112873 49607 71738
71738 49607 112873
7239 43708 50399
50399 7239 43708
43708 7239 50399
63745 48139 101334
101334 48139 63745
48139 63745 101334
26790 109241 121123
109241 26790 121123
121123 26790 109241
94139 18915 68880
68880 18915 94139
18915 68880 94139
54903 17458 130582
130582 17458 54903
17458 54903 130582
63009 56620 125237
125237 56620 63009
56620 63009 125237
112966 2451 116205
2451 112966 116205
116205 2451 112966
90960 41669 46273
41669 46273 90960
46273 41669 90960
92006 30245 82941
30245 82941 92006
82941 30245 92006
70974 62603 72833
62603 70974 72833
72833 62603 70974
66952 86737 97295
86737 66952 97295
97295 66952 86737
92296 108290 119464
119464 92296 108290
108290 92296 119464
114247 44445 75196
75196 44445 114247
44445 75196 114247
62853 54139 64828
64828 54139 62853
54139 62853 64828
13402 51329 94413
51329 13402 94413
94413 13402 51329
75128 38138 138676
38138 75128 138676
138676 38138 75128
149327 54954 140730
140730 54954 149327
54954 140730 149327
114570 85349 97389
85349 97389 114570
97389 85349 114570
146403 12474 133017
133017 12474 146403
12474 133017 146403
35460 46643 60921
46643 35460 60921
60921 35460 46643
120481 82385 84482
82385 84482 120481
84482 82385 120481
102531 30558 54547
30558 54547 102531
54547 30558 102531
40287 8337 113998
8337 40287 113998
113998 8337 40287
59374 43535 58415
43535 58415 59374
58415 43535 59374
90054 4843 33625
33625 4843 90054
4843 33625 90054
13010 2449 138052
2449 13010 138052
138052 2449 13010
21850 83226 114862
114862 21850 83226
83226 21850 114862
3310 55689 110528
55689 3310 110528
110528 3310 55689
41830 22418 27773
22418 27773 41830
27773 22418 41830
38627 14167 83688
83688 14167 38627
14167 38627 83688
123494 60178 66673
60178 66673 123494
66673 60178 123494
47840 12366 85563
85563 12366 47840
12366 47840 85563
121304 26087 134360
134360 26087 121304
26087 121304 134360
137813 127501 144335
144335 127501 137813
127501 137813 144335
115401 85895 127055
127055 85895 115401
85895 115401 127055
18000 23498 113101
113101 18000 23498
23498 18000 113101
101102 80200 105135
105135 80200 101102
80200 101102 105135
39289 16831 73469
16831 39289 73469
73469 16831 39289
102169 14609 21054
14609 21054 102169
21054 14609 102169
120992 84785 135275
84785 120992 135275
135275 84785 120992
60075 130112 142082
142082 60075 130112
130112 60075 142082
105419 49770 123379
49770 105419 123379
123379 49770 105419
23159 1986 2971
2971 1986 23159
1986 2971 23159
63699 54147 98570
54147 63699 98570
98570 54147 63699
25674 10633 19834
10633 19834 25674
19834 10633 25674
113012 4119 83730
83730 4119 113012
4119 83730 113012
58696 15329 29519
29519 15329 58696
15329 29519 58696
98913 98683 106793
106793 98683 98913
98683 98913 106793
105739 24586 80134
80134 24586 105739
24586 80134 105739
134599 34728 65167
65167 34728 134599
34728 65167 134599
26663 16160 66210
66210 16160 26663
16160 26663 66210
108288 30221 136812
136812 30221 108288
30221 108288 136812
110909 4082 18018
18018 4082 110909
4082 18018 110909
13432 121107 128912
121107 13432 128912
128912 13432 121107
104427 52009 62548
62548 52009 104427
52009 62548 104427
99494 91062 148906
148906 91062 99494
91062 99494 148906
89343 128402 130417
128402 89343 130417
130417 89343 128402
5065 68341 127894
68341 5065 127894
127894 5065 68341
79294 61815 127282
61815 79294 127282
127282 61815 79294
19793 57154 131019
131019 19793 57154
57154 19793 131019
21375 22306 71217
22306 21375 71217
71217 21375 22306
141835 12118 39638
12118 39638 141835
39638 12118 141835
25190 34400 101279
34400 25190 101279
101279 25190 34400
90857 110550 145840
110550 90857 145840
145840 90857 110550
79445 9373 76178
76178 9373 79445
9373 76178 79445
46356 22905 93176
22905 46356 93176
93176 22905 46356
55791 70760 115232
70760 55791 115232
115232 55791 70760
96206 8525 67279
8525 67279 96206
67279 8525 96206
21012 48637 127629
127629 21012 48637
48637 21012 127629
11821 24642 44074
24642 11821 44074
44074 11821 24642
113948 91633 91737
91737 91633 113948
91633 91737 113948
62386 5247 44452
5247 44452 62386
44452 5247 62386
112632 15711 90610
15711 90610 112632
90610 15711 112632
53638 2891 8330
8330 2891 53638
2891 8330 53638
45029 6344 147089
147089 6344 45029
6344 45029 147089
100800 79853 105813
105813 79853 100800
79853 100800 105813
128030 49492 97926
49492 97926 128030
97926 49492 128030
126308 16748 146881
16748 126308 146881
146881 16748 126308
42829 64899 135750
135750 42829 64899
64899 42829 135750
47894 57230 82594
57230 47894 82594
82594 47894 57230
123702 126164 139228
139228 123702 126164
126164 123702 139228
108820 28979 44626
44626 28979 108820
28979 44626 108820
80264 16986 46680
46680 16986 80264
16986 46680 80264
68923 13823 17851
13823 17851 68923
17851 13823 68923
88022 108478 123100
108478 88022 123100
123100 88022 108478
148827 93470 97297
97297 93470 148827
93470 97297 148827
78207 43347 53371
43347 53371 78207
53371 43347 78207
5078 75430 128535
128535 5078 75430
75430 5078 128535
19264 109289 126283
126283 19264 109289
109289 19264 126283
127803 22539 138028
138028 22539 127803
22539 127803 138028
34094 64646 108635
64646 34094 108635
108635 34094 64646
67739 78598 123256
78598 67739 123256
123256 67739 78598
120814 51630 57241
51630 57241 120814
57241 51630 120814
74153 16413 131056
16413 74153 131056
131056 16413 74153
40364 100180 148798
100180 40364 148798
148798 40364 100180
4331 83090 128356
83090 4331 128356
128356 4331 83090
39609 80686 108302
108302 39609 80686
80686 39609 108302
84248 3512 110587
3512 84248 110587
110587 3512 84248
6943 18529 36941
36941 6943 18529
18529 6943 36941
2667 118437 138541
138541 2667 118437
118437 2667 138541
68048 11195 66731
66731 11195 68048
11195 66731 68048
87409 107458 132380
132380 87409 107458
107458 87409 132380
112117 12432 138902
138902 12432 112117
12432 112117 138902
115371 130981 140966
140966 115371 130981
130981 115371 140966
122077 98078 141148
98078 122077 141148
141148 98078 122077
80347 34182 110083
34182 80347 110083
110083 34182 80347
99503 1759 47358
1759 47358 99503
47358 1759 99503
48953 51822 67748
51822 48953 67748
67748 48953 51822
49747 26499 55432
26499 49747 55432
55432 26499 49747
63089 6765 102928
6765 63089 102928
102928 6765 63089
97398 71205 112434
112434 71205 97398
71205 97398 112434
73618 81701 124565
81701 73618 124565
124565 73618 81701
59475 22712 74428
74428 22712 59475
22712 59475 74428
60207 95075 124088
124088 60207 95075
95075 60207 124088
59798 132519 143749
143749 59798 132519
132519 59798 143749
21331 51841 115686
115686 21331 51841
51841 21331 115686
87075 13004 38661
13004 38661 87075
38661 13004 87075
146417 100950 104042
100950 104042 146417
104042 100950 146417
80899 17702 122501
122501 17702 80899
17702 80899 122501
3247 38624 115310
115310 3247 38624
38624 3247 115310
99244 1533 39010
39010 1533 99244
1533 39010 99244
48198 76241 130206
130206 48198 76241
76241 48198 130206
19971 30132 48584
30132 19971 48584
48584 19971 30132
34748 99383 136973
136973 34748 99383
99383 34748 136973
58834 112218 121121
112218 58834 121121
121121 58834 112218
58865 1979 114370
1979 58865 114370
114370 1979 58865
147709 12854 57356
12854 57356 147709
57356 12854 147709
35933 47144 88267
88267 35933 47144
47144 35933 88267
66924 19795 132952
19795 66924 132952
132952 19795 66924
17436 62424 62609
62609 17436 62424
62424 17436 62609
50192 22241 116603
116603 22241 50192
22241 50192 116603
129791 28548 138620
28548 129791 138620
138620 28548 129791
141075 81790 112885
81790 112885 141075
112885 81790 141075
6124 28345 107843
107843 6124 28345
28345 6124 107843
139104 46487 90643
46487 90643 139104
90643 46487 139104
97639 26890 32997
26890 32997 97639
32997 26890 97639
97521 64406 109462
109462 64406 97521
64406 97521 109462
69654 50904 142035
142035 50904 69654
50904 69654 142035
93854 17204 54080
54080 17204 93854
17204 54080 93854
54688 75826 117350
117350 54688 75826
75826 54688 117350
35622 45277 55325
55325 35622 45277
45277 35622 55325
130626 86190 96361
96361 86190 130626
86190 96361 130626
66189 30820 33242
33242 30820 66189
30820 33242 66189
23289 76731 142299
142299 23289 76731
76731 23289 142299
9473 44549 95466
95466 9473 44549
44549 9473 95466
126843 20083 118325
118325 20083 126843
20083 118325 126843
100391 7764 48883
48883 7764 100391
7764 48883 100391
28079 18282 129007
18282 28079 129007
129007 18282 28079
49958 36191 43367
36191 43367 49958
43367 36191 49958
78988 101186 107677
101186 78988 107677
107677 78988 101186
117126 4371 37558
4371 37558 117126
37558 4371 117126
83026 71099 116733
116733 71099 83026
71099 83026 116733
16399 58806 72165
72165 16399 58806
58806 16399 72165
67688 16032 32344
32344 16032 67688
16032 32344 67688
59471 50775 98540
50775 59471 98540
98540 50775 59471
149331 15575 19463
19463 15575 149331
15575 19463 149331
59046 67722 77219
77219 59046 67722
67722 59046 77219
21645 21916 112026
112026 21645 21916
21916 21645 112026
17856 48038 62573
48038 17856 62573
62573 17856 48038
98507 87752 105022
87752 98507 105022
105022 87752 98507
15888 73119 84228
73119 15888 84228
84228 15888 73119
22042 7561 116851
7561 22042 116851
116851 7561 22042
81819 101598 138119
101598 81819 138119
138119 81819 101598
23198 17712 69886
17712 23198 69886
69886 17712 23198
110932 54694 74108
54694 74108 110932
74108 54694 110932
26105 81299 99050
99050 26105 81299
81299 26105 99050
51673 7290 23479
7290 23479 51673
23479 7290 51673
147895 120483 126956
126956 120483 147895
120483 126956 147895
69234 40853 149526
40853 69234 149526
149526 40853 69234
53884 46652 121246
46652 53884 121246
121246 46652 53884
75075 4085 4543
4085 4543 75075
4543 4085 75075
1578 117871 149205
149205 1578 117871
117871 1578 149205
144386 5955 136051
5955 136051 144386
136051 5955 144386
148510 4573 83047
4573 83047 148510
83047 4573 148510
14663 24484 118378
118378 14663 24484
24484 14663 118378
124906 27869 69794
27869 69794 124906
69794 27869 124906
114534 66684 138899
66684 114534 138899
138899 66684 114534
123622 29174 96579
29174 96579 123622
96579 29174 123622
26850 3580 60998
60998 3580 26850
3580 26850 60998
44035 13393 80909
13393 44035 80909
80909 13393 44035
108013 83424 123186
123186 83424 108013
83424 108013 123186
97535 37122 139078
37122 97535 139078
139078 37122 97535
55528 101078 147798
147798 55528 101078
101078 55528 147798
140084 34699 97218
34699 97218 140084
97218 34699 140084
17895 22428 111328
22428 17895 111328
111328 17895 22428
42064 121925 141296
141296 42064 121925
121925 42064 141296
59920 107072 129574
129574 59920 107072
107072 59920 129574
25243 15976 92987
92987 15976 25243
15976 25243 92987
104096 70632 120108
120108 70632 104096
70632 104096 120108
49589 66066 104747
66066 49589 104747
104747 49589 66066
12204 36658 52225
52225 12204 36658
36658 12204 52225
123471 81359 139360
81359 123471 139360
139360 81359 123471
33372 98663 131831
98663 33372 131831
131831 33372 98663
57280 13921 117463
13921 57280 117463
117463 13921 57280
16947 59640 146694
146694 16947 59640
59640 16947 146694
91765 82247 83600
83600 82247 91765
82247 83600 91765
117396 20105 46619
46619 20105 117396
20105 46619 117396
49650 56877 137320
56877 49650 137320
137320 49650 56877
145738 15930 123616
123616 15930 145738
15930 123616 145738
92427 73744 148031
148031 73744 92427
73744 92427 148031
27176 33101 101322
101322 27176 33101
33101 27176 101322
105434 73817 92644
73817 92644 105434
92644 73817 105434
4535 57407 72424
57407 4535 72424
72424 4535 57407
24331 44788 140060
44788 24331 140060
140060 24331 44788
10550 104084 139060
139060 10550 104084
104084 10550 139060
29089 86244 146976
86244 29089 146976
146976 29089 86244
95819 28014 59090
28014 59090 95819
59090 28014 95819
41441 25959 90937
25959 41441 90937
90937 25959 41441
148632 6779 25221
6779 25221 148632
25221 6779 148632
128741 71740 138173
71740 128741 138173
138173 71740 128741
100879 59376 81184
81184 59376 100879
59376 81184 100879
99645 3322 99559
99559 3322 99645
3322 99559 99645
66737 61186 91903
61186 66737 91903
91903 61186 66737
73786 137579 139365
139365 73786 137579
137579 73786 139365
111253 20913 23596
23596 20913 111253
20913 23596 111253
64974 35299 49171
49171 35299 64974
35299 49171 64974
29045 77948 146522
146522 29045 77948
77948 29045 146522
105343 37514 133080
37514 105343 133080
133080 37514 105343
68541 68619 120444
120444 68541 68619
68619 68541 120444
2812 13361 133930
133930 2812 13361
13361 2812 133930
73076 107918 118875
118875 73076 107918
107918 73076 118875
3042 22669 35244
35244 3042 22669
22669 3042 35244
104710 90957 131163
131163 90957 104710
90957 104710 131163
141436 14629 66522
14629 66522 141436
66522 14629 141436
119673 46961 47293
46961 47293 119673
47293 46961 119673
132572 82568 90914
82568 90914 132572
90914 82568 132572
72004 64938 132215
64938 72004 132215
132215 64938 72004
65692 23669 89469
89469 23669 65692
23669 65692 89469
58577 79782 99912
99912 58577 79782
79782 58577 99912
103287 41690 90970
90970 41690 103287
41690 90970 103287
54035 5752 10757
5752 10757 54035
10757 5752 54035
56879 99770 137896
99770 56879 137896
137896 56879 99770
83951 68610 95180
68610 83951 95180
95180 68610 83951
108483 54928 68272
54928 68272 108483
68272 54928 108483
98375 56969 62372
56969 62372 98375
62372 56969 98375
14511 12026 92110
92110 12026 14511
12026 14511 92110
108700 65274 112175
65274 108700 112175
112175 65274 108700
74426 21990 47521
21990 47521 74426
47521 21990 74426
104273 25866 130408
130408 25866 104273
25866 104273 130408
75881 58444 89768
89768 58444 75881
58444 75881 89768
16233 888 72606
72606 888 16233
888 16233 72606
128379 71560 127498
71560 127498 128379
127498 71560 128379
89165 1878 92214
92214 1878 89165
1878 89165 92214
24859 7016 15351
7016 15351 24859
15351 7016 24859
4147 11524 138137
138137 4147 11524
11524 4147 138137
70118 108023 122856
122856 70118 108023
108023 70118 122856
145798 14471 101306
14471 101306 145798
101306 14471 145798
6516 4806 86875
4806 6516 86875
86875 4806 6516
13491 14150 70444
14150 13491 70444
70444 13491 14150
84826 323 122648
323 84826 122648
122648 323 84826
23008 27447 27918
27447 23008 27918
27918 23008 27447
147854 68708 134878
134878 68708 147854
68708 134878 147854
32061 99566 100417
99566 32061 100417
100417 32061 99566
94642 52673 116751
116751 52673 94642
52673 94642 116751
107477 13067 21181
21181 13067 107477
13067 21181 107477
142531 86872 135386
135386 86872 142531
86872 135386 142531
122226 62716 124215
62716 122226 124215
124215 62716 122226
57803 2836 48300
48300 2836 57803
2836 48300 57803
42840 26569 120325
26569 42840 120325
120325 26569 42840
90962 5270 112613
112613 5270 90962
5270 90962 112613
51990 19315 137435
19315 51990 137435
137435 19315 51990
37314 81077 141101
81077 37314 141101
141101 37314 81077
141926 84462 142617
142617 84462 141926
84462 141926 142617
68969 99692 124515
99692 68969 124515
124515 68969 99692
118036 17940 106794
106794 17940 118036
17940 106794 118036
105276 80357 131338
131338 80357 105276
80357 105276 131338
47104 72634 139738
139738 47104 72634
72634 47104 139738
146832 26197 26382
26197 26382 146832
26382 26197 146832
4153 30427 76133
30427 4153 76133
76133 4153 30427
12427 46182 139575
139575 12427 46182
46182 12427 139575
55785 54000 131845
131845 54000 55785
54000 55785 131845
39829 6063 71606
71606 6063 39829
6063 39829 71606
5342 25933 75581
25933 5342 75581
75581 5342 25933
60594 48173 60385
48173 60385 60594
60385 48173 60594
68850 58140 68842
58140 68842 68850
68842 58140 68850
112173 62432 64821
62432 64821 112173
64821 62432 112173
79678 125962 140345
140345 79678 125962
125962 79678 140345
45173 64849 69329
64849 45173 69329
69329 45173 64849
44650 8456 40742
40742 8456 44650
8456 40742 44650
62732 62762 138752
138752 62732 62762
62762 62732 138752
113280 26988 60227
60227 26988 113280
26988 60227 113280
11151 47149 89533
47149 11151 89533
89533 11151 47149
47177 19498 64228
19498 47177 64228
64228 19498 47177
19316 96887 133584
96887 19316 133584
133584 19316 96887
24332 14577 122285
122285 14577 24332
14577 24332 122285
53098 99758 112429
112429 53098 99758
99758 53098 112429
138333 98888 100972
98888 100972 138333
100972 98888 138333
85163 12915 20851
20851 12915 85163
12915 20851 85163
59789 58599 147028
58599 59789 147028
147028 58599 59789
67733 31392 63263
31392 63263 67733
63263 31392 67733
100691 3250 43796
43796 3250 100691
3250 43796 100691
65491 115486 117862
117862 65491 115486
115486 65491 117862
104431 53198 80173
53198 80173 104431
80173 53198 104431
7857 99655 132962
132962 7857 99655
99655 7857 132962
110463 48760 59623
59623 48760 110463
48760 59623 110463
45871 25379 61093
61093 25379 45871
25379 45871 61093
115267 30130 39364
39364 30130 115267
30130 39364 115267
83779 84564 86615
84564 83779 86615
86615 83779 84564
54042 43923 120157
120157 43923 54042
43923 54042 120157
127985 55817 72205
55817 72205 127985
72205 55817 127985
89773 43638 146281
43638 89773 146281
146281 43638 89773
81460 39277 143884
143884 39277 81460
39277 81460 143884
110658 785 109545
109545 785 110658
785 109545 110658
120648 4571 89327
4571 89327 120648
89327 4571 120648
48958 10960 145056
10960 48958 145056
145056 10960 48958
130738 39063 58833
58833 39063 130738
39063 58833 130738
80695 50372 57717
57717 50372 80695
50372 57717 80695
39660 14604 43273
43273 14604 39660
14604 39660 43273
4525 42456 102339
42456 4525 102339
102339 4525 42456
82997 80232 129925
129925 80232 82997
80232 82997 129925
31191 12148 104034
12148 31191 104034
104034 12148 31191
101863 52152 53848
52152 53848 101863
53848 52152 101863
143004 25871 56146
25871 56146 143004
56146 25871 143004
64260 64457 141795
64457 64260 141795
141795 64260 64457
91794 75262 87298
75262 87298 91794
87298 75262 91794
72283 49361 55827
55827 49361 72283
49361 55827 72283
90355 63641 90698
90698 63641 90355
63641 90355 90698
149329 114400 127597
127597 114400 149329
114400 127597 149329
62457 36246 39470
39470 36246 62457
36246 39470 62457
57947 30586 105391
30586 57947 105391
105391 30586 57947
146059 692 52585
692 52585 146059
52585 692 146059
43426 120847 129303
120847 43426 129303
129303 43426 120847
99126 97520 108207
97520 99126 108207
108207 97520 99126
133678 59866 104505
59866 104505 133678
104505 59866 133678
65023 43574 119352
119352 43574 65023
43574 65023 119352
60662 26714 40612
40612 26714 60662
26714 40612 60662
62980 143568 144522
144522 62980 143568
143568 62980 144522
31548 135168 146866
146866 31548 135168
135168 31548 146866
81173 25997 115711
25997 81173 115711
115711 25997 81173
14944 108852 145845
108852 14944 145845
145845 14944 108852
62747 37188 130552
130552 37188 62747
37188 62747 130552
87290 38273 119327
119327 38273 87290
38273 87290 119327
37963 18372 54022
54022 18372 37963
18372 37963 54022
94338 68515 135173
135173 68515 94338
68515 94338 135173
80712 35707 54970
35707 54970 80712
54970 35707 80712
105104 10745 73932
73932 10745 105104
10745 73932 105104
34392 36931 130534
36931 34392 130534
130534 34392 36931
91593 139196 149779
139196 91593 149779
149779 91593 139196
83283 26552 54105
26552 54105 83283
54105 26552 83283
116961 17846 85493
17846 85493 116961
85493 17846 116961
46838 5980 62688
5980 46838 62688
62688 5980 46838
121655 70689 82148
70689 82148 121655
82148 70689 121655
44235 6386 110163
6386 44235 110163
110163 6386 44235
86128 66157 132386
132386 66157 86128
66157 86128 132386
58366 8843 53075
8843 53075 58366
53075 8843 58366
52596 6479 132684
132684 6479 52596
6479 52596 132684
49032 51976 126090
51976 49032 126090
126090 49032 51976
41734 57930 87024
87024 41734 57930
57930 41734 87024
93091 74912 91463
74912 91463 93091
91463 74912 93091
96909 66994 138647
138647 66994 96909
66994 96909 138647
101590 71331 84013
84013 71331 101590
71331 84013 101590
117252 47696 143223
143223 47696 117252
47696 117252 143223
30450 109050 131424
109050 30450 131424
131424 30450 109050
77290 50248 135419
135419 50248 77290
50248 77290 135419
73399 76499 116479
116479 73399 76499
76499 73399 116479
4358 33702 148411
148411 4358 33702
33702 4358 148411
149797 106905 116029
106905 116029 149797
116029 106905 149797
45902 46281 101622
101622 45902 46281
46281 45902 101622
112158 45557 83987
45557 83987 112158
83987 45557 112158
72365 21921 112184
21921 72365 112184
112184 21921 72365
39855 87089 114743
87089 39855 114743
114743 39855 87089
61935 4177 137673
4177 61935 137673
137673 4177 61935
33519 50201 71541
50201 33519 71541
71541 33519 50201
43642 7785 88170
88170 7785 43642
7785 43642 88170
18562 19119 92653
92653 18562 19119
19119 18562 92653
131734 68375 113881
68375 113881 131734
113881 68375 131734
53976 6126 107183
107183 6126 53976
6126 53976 107183
13566 87554 100248
100248 13566 87554
87554 13566 100248
3007 73249 116466
116466 3007 73249
73249 3007 116466
140616 17081 140496
140496 17081 140616
17081 140496 140616
82498 66464 76971
66464 76971 82498
76971 66464 82498
57436 10672 111161
10672 57436 111161
111161 10672 57436
103782 33914 82468
33914 82468 103782
82468 33914 103782
65272 27367 142929
27367 65272 142929
142929 27367 65272
143773 57420 67093
67093 57420 143773
57420 67093 143773
73011 8189 47273
47273 8189 73011
8189 47273 73011
104513 58462 73621
58462 73621 104513
73621 58462 104513
76683 14089 142933
14089 76683 142933
142933 14089 76683
135442 34405 122502
34405 122502 135442
122502 34405 135442
60444 16249 133450
16249 60444 133450
133450 16249 60444
136727 15567 47042
15567 47042 136727
47042 15567 136727
18187 74125 117421
117421 18187 74125
74125 18187 117421
20389 78300 133160
133160 20389 78300
78300 20389 133160
30985 27452 103048
27452 30985 103048
103048 27452 30985
41757 24820 73842
24820 41757 73842
73842 24820 41757
145391 17853 50980
17853 50980 145391
50980 17853 145391
75550 69857 122779
69857 75550 122779
122779 69857 75550
90287 15411 98712
15411 90287 98712
98712 15411 90287
36138 117322 139186
117322 36138 139186
139186 36138 117322
125343 48353 147061
147061 48353 125343
48353 125343 147061
145818 55135 77520
77520 55135 145818
55135 77520 145818
54592 63363 85007
85007 54592 63363
63363 54592 85007
144734 41433 76886
41433 76886 144734
76886 41433 144734
112944 86209 105613
105613 86209 112944
86209 105613 112944
31905 53580 136412
136412 31905 53580
53580 31905 136412
35152 56156 81154
81154 35152 56156
56156 35152 81154
132928 66693 97915
66693 97915 132928
97915 66693 132928
122446 60163 66295
60163 66295 122446
66295 60163 122446
146423 96610 145967
96610 145967 146423
145967 96610 146423
69893 100347 107482
107482 69893 100347
100347 69893 107482
69498 111004 114813
114813 69498 111004
111004 69498 114813
80000 85262 120612
85262 80000 120612
120612 80000 85262
95789 53723 86851
86851 53723 95789
53723 86851 95789
120780 78172 147842
147842 78172 120780
78172 120780 147842
129843 51941 125242
51941 125242 129843
125242 51941 129843
39833 78350 136360
136360 39833 78350
78350 39833 136360
44997 23692 79730
23692 44997 79730
79730 23692 44997
14249 56471 134460
56471 14249 134460
134460 14249 56471
67592 17656 128285
17656 67592 128285
128285 17656 67592
76006 38636 47384
47384 38636 76006
38636 47384 76006
83460 96793 111912
111912 83460 96793
96793 83460 111912
28647 26377 46337
26377 28647 46337
46337 26377 28647
143326 14628 36817
36817 14628 143326
14628 36817 143326
77171 40875 130434
40875 77171 130434
130434 40875 77171
41648 95110 136817
95110 41648 136817
136817 41648 95110
114579 65490 104552
104552 65490 114579
65490 104552 114579
83467 18272 107471
18272 83467 107471
107471 18272 83467
63475 81455 121838
81455 63475 121838
121838 63475 81455
35666 20163 108942
20163 35666 108942
108942 20163 35666
116921 10566 137839
10566 116921 137839
137839 10566 116921
69576 304 54624
304 54624 69576
54624 304 69576
14222 78492 141486
141486 14222 78492
78492 14222 141486
137767 20437 106468
20437 106468 137767
106468 20437 137767
65679 52127 88910
52127 65679 88910
88910 52127 65679
99691 19868 102080
19868 99691 102080
102080 19868 99691
50231 28843 114309
114309 28843 50231
28843 50231 114309
14541 484 15714
484 14541 15714
15714 484 14541
78548 4036 7313
4036 7313 78548
7313 4036 78548
141315 23751 143306
143306 23751 141315
23751 141315 143306
103888 68723 121335
68723 103888 121335
121335 68723 103888
107272 34089 94178
94178 34089 107272
34089 94178 107272
104196 3702 116797
116797 3702 104196
3702 104196 116797
129984 35637 125808
125808 35637 129984
35637 125808 129984
112916 11528 18475
11528 18475 112916
18475 11528 112916
129189 97139 98917
98917 97139 129189
97139 98917 129189
39706 1118 56432
56432 1118 39706
1118 39706 56432
59891 29294 66929
29294 59891 66929
66929 29294 59891
148260 41994 60105
60105 41994 148260
41994 60105 148260
109083 97785 132452
132452 97785 109083
97785 109083 132452
89719 42736 90416
90416 42736 89719
42736 89719 90416
71188 11423 107353
11423 71188 107353
107353 11423 71188
118115 74121 80366
80366 74121 118115
74121 80366 118115
124655 111364 119253
111364 119253 124655
119253 111364 124655
98729 4687 22489
22489 4687 98729
4687 22489 98729
10849 17463 88043
17463 10849 88043
88043 10849 17463
64172 48374 48699
48699 48374 64172
48374 48699 64172
51158 26447 130565
130565 26447 51158
26447 51158 130565
144643 58068 115445
115445 58068 144643
58068 115445 144643
32182 23253 70347
70347 23253 32182
23253 32182 70347
116506 60430 141769
60430 116506 141769
141769 60430 116506
100120 92963 110397
110397 92963 100120
92963 100120 110397
42267 46777 149230
149230 42267 46777
46777 42267 149230
111120 24802 62939
24802 62939 111120
62939 24802 111120
70196 25412 82489
82489 25412 70196
25412 70196 82489
144884 79167 89815
79167 89815 144884
89815 79167 144884
124966 2213 55994
55994 2213 124966
2213 55994 124966
122253 5839 84605
5839 84605 122253
84605 5839 122253
119477 27362 57855
27362 57855 119477
57855 27362 119477
7938 45763 79656
45763 7938 79656
79656 7938 45763
31344 11706 92369
92369 11706 31344
11706 31344 92369
23191 22868 88438
22868 23191 88438
88438 22868 23191
77161 51116 89887
89887 51116 77161
51116 77161 89887
109440 3960 13747
13747 3960 109440
3960 13747 109440
89204 90822 110167
110167 89204 90822
90822 89204 110167
149632 78234 115174
115174 78234 149632
78234 115174 149632
73292 4821 43435
43435 4821 73292
4821 43435 73292
9749 85367 96022
96022 9749 85367
85367 9749 96022
8262 143233 145992
143233 8262 145992
145992 8262 143233
93941 26277 134520
134520 26277 93941
26277 93941 134520
92137 88606 123723
123723 88606 92137
88606 92137 123723
76773 12956 110022
12956 76773 110022
110022 12956 76773
86419 78389 148915
78389 86419 148915
148915 78389 86419
93030 118145 132530
132530 93030 118145
118145 93030 132530
106194 34810 90519
34810 90519 106194
90519 34810 106194
116798 27304 116236
27304 116236 116798
116236 27304 116798
53650 5809 118144
5809 53650 118144
118144 5809 53650
21989 80035 120159
80035 21989 120159
120159 21989 80035
88892 12045 94159
12045 88892 94159
94159 12045 88892
121907 74477 139543
74477 121907 139543
139543 74477 121907
147595 73325 100008
73325 100008 147595
100008 73325 147595
101456 29846 91084
91084 29846 101456
29846 91084 101456
38955 36895 45807
45807 36895 38955
36895 38955 45807
41636 1323 142497
1323 41636 142497
142497 1323 41636
136581 64511 106428
64511 106428 136581
106428 64511 136581
106855 56236 114773
114773 56236 106855
56236 106855 114773
131226 3270 81803
81803 3270 131226
3270 81803 131226
44742 5017 20565
20565 5017 44742
5017 20565 44742
11547 36172 142307
142307 11547 36172
36172 11547 142307
40101 108104 126300
108104 40101 126300
126300 40101 108104
103200 35449 72849
35449 72849 103200
72849 35449 103200
140100 122822 143654
122822 140100 143654
143654 122822 140100
149006 17261 32156
32156 17261 149006
17261 32156 149006
36106 57901 59033
59033 36106 57901
57901 36106 59033
104127 97387 147253
147253 97387 104127
97387 104127 147253
88933 62393 92894
62393 88933 92894
92894 62393 88933
34746 34589 55362
34589 34746 55362
55362 34589 34746
13317 110484 117247
110484 13317 117247
117247 13317 110484
55195 16884 30552
16884 30552 55195
30552 16884 55195
80618 77792 97249
77792 80618 97249
97249 77792 80618
46798 74593 79541
74593 46798 79541
79541 46798 74593
84193 131790 149537
149537 84193 131790
131790 84193 149537
91092 62127 85245
62127 85245 91092
85245 62127 91092
112140 58345 111335
58345 111335 112140
111335 58345 112140
109046 110179 121534
110179 109046 121534
121534 109046 110179
102646 75490 101789
101789 75490 102646
75490 101789 102646
58863 67907 115868
67907 58863 115868
115868 58863 67907
33413 45640 87086
45640 33413 87086
87086 33413 45640
90222 22782 22834
22834 22782 90222
22782 22834 90222
110385 41486 103777
41486 103777 110385
103777 41486 110385
127386 7560 131862
7560 127386 131862
131862 7560 127386
26207 24514 148646
148646 24514 26207
24514 26207 148646
97860 12492 147025
12492 97860 147025
147025 12492 97860
38158 71668 133078
71668 38158 133078
133078 38158 71668
43931 20749 47601
47601 20749 43931
20749 43931 47601
91201 50933 122123
122123 50933 91201
50933 91201 122123
104709 94353 114134
94353 104709 114134
114134 94353 104709
51935 18908 59238
18908 51935 59238
59238 18908 51935
98531 21653 48060
21653 48060 98531
48060 21653 98531
97361 18406 20940
18406 20940 97361
20940 18406 97361
134099 3887 144515
3887 134099 144515
144515 3887 134099
23047 18077 110682
110682 18077 23047
18077 23047 110682
127085 42770 67681
42770 67681 127085
67681 42770 127085
18035 47271 53804
47271 18035 53804
53804 18035 47271
67197 4836 67263
4836 67197 67263
67263 4836 67197
459 21798 27065
27065 459 21798
21798 459 27065
39461 6862 112729
112729 6862 39461
6862 39461 112729
86471 6410 133551
133551 6410 86471
6410 86471 133551
46070 69984 140089
140089 46070 69984
69984 46070 140089
62206 45315 117064
45315 62206 117064
117064 45315 62206
56261 15158 102761
102761 15158 56261
15158 56261 102761
52498 54169 106515
106515 52498 54169
54169 52498 106515
43586 25151 110709
25151 43586 110709
110709 25151 43586
88996 96066 113266
96066 88996 113266
113266 88996 96066
147552 71734 74000
74000 71734 147552
71734 74000 147552
22534 72150 135052
72150 22534 135052
135052 22534 72150
148554 72214 91457
91457 72214 148554
72214 91457 148554
8503 52519 134219
134219 8503 52519
52519 8503 134219
48556 57754 63667
57754 48556 63667
63667 48556 57754
93902 45128 129382
129382 45128 93902
45128 93902 129382
42068 10058 102110
102110 10058 42068
10058 42068 102110
31771 4041 144223
4041 31771 144223
144223 4041 31771
118228 19545 48552
19545 48552 118228
48552 19545 118228
144762 49654 57249
49654 57249 144762
57249 49654 144762
63948 2967 93789
93789 2967 63948
2967 63948 93789
139841 31124 87534
31124 87534 139841
87534 31124 139841
77919 1956 62681
62681 1956 77919
1956 62681 77919
75260 38587 110235
110235 38587 75260
38587 75260 110235
127013 70147 105635
105635 70147 127013
70147 105635 127013
10670 89048 110570
110570 10670 89048
89048 10670 110570
58420 68890 79205
79205 58420 68890
68890 58420 79205
23105 48559 88815
48559 23105 88815
88815 23105 48559
81782 50328 52977
50328 52977 81782
52977 50328 81782
42992 70803 98991
98991 42992 70803
70803 42992 98991
38700 75418 78475
75418 38700 78475
78475 38700 75418
129535 30123 113005
113005 30123 129535
30123 113005 129535
110419 8127 45940
45940 8127 110419
8127 45940 110419
81383 6670 111099
6670 81383 111099
111099 6670 81383
52580 17443 90224
90224 17443 52580
17443 52580 90224
66 5455 66031
66031 66 5455
5455 66 66031
101327 16746 125408
16746 101327 125408
125408 16746 101327
99130 81078 140178
140178 81078 99130
81078 99130 140178
139251 58803 110370
58803 110370 139251
110370 58803 139251
58232 41461 87762
41461 58232 87762
87762 41461 58232
40184 40316 49753
49753 40184 40316
40316 40184 49753
131184 14 129538
129538 14 131184
14 129538 131184
41606 30745 74032
74032 30745 41606
30745 41606 74032
123009 15454 143754
143754 15454 123009
15454 123009 143754
24850 69510 148495
69510 24850 148495
148495 24850 69510
14403 27345 144997
144997 14403 27345
27345 14403 144997
139527 13583 25883
25883 13583 139527
13583 25883 139527
33610 31280 123419
31280 33610 123419
123419 31280 33610
72069 34893 138202
138202 34893 72069
34893 72069 138202
74730 37793 56394
56394 37793 74730
37793 56394 74730
92889 68112 94208
94208 68112 92889
68112 92889 94208
140499 44481 56716
44481 56716 140499
56716 44481 140499
135294 85505 141311
141311 85505 135294
85505 135294 141311
41827 96893 123894
123894 41827 96893
96893 41827 123894
61421 19128 129822
129822 19128 61421
19128 61421 129822
133352 3992 84908
3992 84908 133352
84908 3992 133352
14437 4451 14201
4451 14201 14437
14201 4451 14437
5591 26272 54900
26272 5591 54900
54900 5591 26272
62428 25377 110945
110945 25377 62428
25377 62428 110945
140203 1933 16769
16769 1933 140203
1933 16769 140203
49255 47659 149579
47659 49255 149579
149579 47659 49255
14466 36051 57832
57832 14466 36051
36051 14466 57832
93065 71791 144381
144381 71791 93065
71791 93065 144381
131070 82558 140472
140472 82558 131070
82558 131070 140472
27511 58666 96351
58666 27511 96351
96351 27511 58666
9846 50327 80257
80257 9846 50327
50327 9846 80257
88020 60124 145647
145647 60124 88020
60124 88020 145647
135968 3690 69368
3690 69368 135968
69368 3690 135968
124778 96981 130875
130875 96981 124778
96981 124778 130875
113508 71698 83050
71698 83050 113508
83050 71698 113508
5523 45868 69802
69802 5523 45868
45868 5523 69802
79737 71795 86018
86018 71795 79737
71795 79737 86018
62739 128252 140704
128252 62739 140704
140704 62739 128252
94360 27162 127257
27162 94360 127257
127257 27162 94360
11444 41339 103733
41339 11444 103733
103733 11444 41339
52951 27349 42387
27349 42387 52951
42387 27349 52951
125787 9943 58852
58852 9943 125787
9943 58852 125787
136260 101024 126945
101024 126945 136260
126945 101024 136260
53870 45683 93588
93588 45683 53870
45683 53870 93588
8752 92237 147290
147290 8752 92237
92237 8752 147290
72337 50529 134312
134312 50529 72337
50529 72337 134312
107221 89877 97170
97170 89877 107221
89877 97170 107221
11751 25693 138918
25693 11751 138918
138918 11751 25693
54075 13933 133179
13933 54075 133179
133179 13933 54075
84266 99116 143284
99116 84266 143284
143284 84266 99116
83310 27276 100639
100639 27276 83310
27276 83310 100639
109759 19177 77130
19177 77130 109759
77130 19177 109759
63396 46864 139689
139689 46864 63396
