1042 902 1306
1306 902 1042
902 1042 1306
1225 21 1076
1076 21 1225
21 1076 1225
159 948 1458
948 159 1458
1458 159 948
1344 758 1020
1020 758 1344
758 1020 1344
231 4 1239
1239 4 231
4 231 1239
306 455 593
593 306 455
455 306 593
1267 345 755
345 755 1267
755 345 1267
1006 343 1269
343 1006 1269
1269 343 1006
966 221 283
283 221 966
221 283 966
834 145 1046
1046 145 834
145 834 1046
60 953 1071
953 60 1071
1071 60 953
427 578 814
578 427 814
814 427 578
281 158 1380
1380 158 281
158 281 1380
201 775 1459
1459 201 775
775 201 1459
836 675 1419
675 836 1419
1419 675 836
492 78 533
78 492 533
533 78 492
1434 1226 1261
1261 1226 1434
1226 1261 1434
560 80 382
382 80 560
80 382 560
1179 1062 1213
1213 1062 1179
1062 1179 1213
425 232 1373
232 425 1373
1373 232 425
1438 445 905
905 445 1438
445 905 1438
863 1375 1481
1481 863 1375
1375 863 1481
936 480 1420
480 936 1420
1420 480 936
101 967 1182
967 101 1182
1182 101 967
1080 133 985
133 985 1080
985 133 1080
541 549 1029
1029 541 549
549 541 1029
1381 249 1483
1483 249 1381
249 1381 1483
1133 327 413
327 413 1133
413 327 1133
769 157 1436
1436 157 769
157 769 1436
1180 443 759
443 759 1180
759 443 1180
1390 14 520
520 14 1390
14 520 1390
469 87 219
219 87 469
87 219 469
32 1096 1320
1320 32 1096
1096 32 1320
681 237 392
237 392 681
392 237 681
695 274 789
274 695 789
789 274 695
499 849 1112
849 499 1112
1112 499 849
913 11 1188
11 913 1188
1188 11 913
312 588 907
588 312 907
907 312 588
604 144 390
390 144 604
144 390 604
172 525 1168
1168 172 525
525 172 1168
143 329 1183
329 143 1183
1183 143 329
210 1014 1271
1271 210 1014
1014 210 1271
1238 199 357
357 199 1238
199 357 1238
439 77 1122
1122 77 439
77 439 1122
1079 937 1310
937 1079 1310
1310 937 1079
526 692 879
692 526 879
879 526 692
268 897 1465
1465 268 897
897 268 1465
1323 326 510
326 510 1323
510 326 1323
1146 1152 1184
1184 1146 1152
1152 1146 1184
1024 546 1012
1012 546 1024
546 1012 1024
547 302 1142
1142 302 547
302 547 1142
164 389 1312
389 164 1312
1312 164 389
65 474 1358
1358 65 474
474 65 1358
1117 227 1043
227 1043 1117
1043 227 1117
831 360 1172
360 831 1172
1172 360 831
206 484 517
517 206 484
484 206 517
941 747 946
946 747 941
747 941 946
1474 925 1039
925 1039 1474
1039 925 1474
505 607 1205
607 505 1205
1205 505 607
874 994 1154
1154 874 994
994 874 1154
1091 403 1377
403 1091 1377
1377 403 1091
372 477 727
477 372 727
727 372 477
1028 373 996
996 373 1028
373 996 1028
786 543 1369
1369 543 786
543 786 1369
1294 146 310
310 146 1294
146 310 1294
1411 1073 1399
1399 1073 1411
1073 1399 1411
23 1283 1341
1341 23 1283
1283 23 1341
825 1084 1131
1084 825 1131
1131 825 1084
318 1088 1448
1088 318 1448
1448 318 1088
917 291 1363
1363 291 917
291 917 1363
687 817 1067
817 687 1067
1067 687 817
1314 1114 1468
1114 1314 1468
1468 1114 1314
1240 1086 1216
1216 1086 1240
1086 1216 1240
712 1322 1355
1322 712 1355
1355 712 1322
822 270 298
270 298 822
298 270 822
537 9 1289
9 537 1289
1289 9 537
598 197 657
197 598 657
657 197 598
576 183 638
183 576 638
638 183 576
979 1125 1247
1247 979 1125
1125 979 1247
565 890 1033
1033 565 890
890 565 1033
1336 74 984
74 984 1336
984 74 1336
278 810 1285
810 278 1285
1285 278 810
328 442 1450
1450 328 442
442 328 1450
1232 289 1026
289 1026 1232
1026 289 1232
574 244 1065
1065 244 574
244 574 1065
1001 91 235
91 235 1001
235 91 1001
693 866 968
866 693 968
968 693 866
665 127 932
127 665 932
932 127 665
934 394 1002
1002 394 934
394 934 1002
355 410 586
410 355 586
586 355 410
840 1364 1379
1379 840 1364
1364 840 1379
668 81 1149
81 668 1149
1149 81 668
370 1057 1290
1290 370 1057
1057 370 1290
57 41 778
41 57 778
778 41 57
1447 299 1418
299 1418 1447
1418 299 1447
1119 732 819
819 732 1119
732 819 1119
58 118 171
171 58 118
118 58 171
189 640 653
640 189 653
653 189 640
1151 553 1357
553 1151 1357
1357 553 1151
983 348 1432
348 983 1432
1432 348 983
358 212 1337
1337 212 358
212 358 1337
109 324 423
423 109 324
324 109 423
641 992 1196
1196 641 992
992 641 1196
1487 8 450
8 450 1487
450 8 1487
923 7 577
7 577 923
577 7 923
1469 1243 1391
1243 1391 1469
1391 1243 1469
1307 126 271
271 126 1307
126 271 1307
1309 473 1231
1231 473 1309
473 1231 1309
1103 15 742
15 742 1103
742 15 1103
924 860 1186
860 924 1186
1186 860 924
1063 241 429
429 241 1063
241 429 1063
1051 112 1449
1449 112 1051
112 1051 1449
446 248 1164
248 446 1164
1164 248 446
110 506 973
973 110 506
506 110 973
1106 635 666
635 666 1106
666 635 1106
621 731 898
731 621 898
898 621 731
300 148 999
999 148 300
148 300 999
1200 69 552
552 69 1200
69 552 1200
464 976 1049
976 464 1049
1049 464 976
1007 317 611
611 317 1007
317 611 1007
285 6 405
6 285 405
405 6 285
433 787 864
864 433 787
787 433 864
535 1407 1429
1429 535 1407
1407 535 1429
981 580 1075
1075 580 981
580 981 1075
308 22 671
22 308 671
671 22 308
461 1056 1356
1056 461 1356
1356 461 1056
414 930 1047
930 414 1047
1047 414 930
406 218 1113
1113 218 406
218 406 1113
1277 656 703
703 656 1277
656 703 1277
1035 1 243
1 243 1035
243 1 1035
1349 354 922
922 354 1349
354 922 1349
486 330 745
745 330 486
330 486 745
200 279 634
279 200 634
634 200 279
334 166 396
396 166 334
166 334 396
1360 471 1293
1293 471 1360
471 1293 1360
217 478 1058
1058 217 478
478 217 1058
926 364 921
921 364 926
364 921 926
1288 1163 1412
1163 1288 1412
1412 1163 1288
233 179 1139
1139 179 233
179 233 1139
1233 1090 1350
1090 1233 1350
1350 1090 1233
468 702 875
875 468 702
702 468 875
273 1082 1153
1082 273 1153
1153 273 1082
342 13 904
13 342 904
904 13 342
1019 267 708
708 267 1019
267 708 1019
54 256 554
256 54 554
554 54 256
1297 56 1338
56 1297 1338
1338 56 1297
915 170 982
982 170 915
170 915 982
719 555 975
975 555 719
555 719 975
914 86 125
86 125 914
125 86 914
190 134 260
260 134 190
134 190 260
669 949 1319
949 669 1319
1319 669 949
1155 239 1346
1346 239 1155
239 1155 1346
1313 1083 1098
1098 1083 1313
1083 1098 1313
1272 182 803
182 803 1272
803 182 1272
1010 527 1478
527 1010 1478
1478 527 1010
1156 774 1485
774 1156 1485
1485 774 1156
33 1158 1202
1158 33 1202
1202 33 1158
856 867 997
867 856 997
997 856 867
536 365 1173
365 536 1173
1173 365 536
1299 115 162
162 115 1299
115 162 1299
918 85 1021
1021 85 918
85 918 1021
62 1275 1305
1305 62 1275
1275 62 1305
421 434 928
928 421 434
434 421 928
1097 111 689
111 689 1097
689 111 1097
850 277 1383
277 850 1383
1383 277 850
751 623 963
963 623 751
623 751 963
1374 422 538
422 538 1374
538 422 1374
1109 51 1015
51 1015 1109
1015 51 1109
1274 380 947
380 947 1274
947 380 1274
677 481 835
835 481 677
481 677 835
1372 52 398
398 52 1372
52 398 1372
884 901 974
901 884 974
974 884 901
614 463 802
802 463 614
463 614 802
1433 720 988
720 988 1433
988 720 1433
1308 662 857
662 857 1308
857 662 1308
367 796 816
816 367 796
796 367 816
383 660 1087
1087 383 660
660 383 1087
991 497 1403
1403 497 991
497 991 1403
989 132 141
132 141 989
141 132 989
316 491 690
690 316 491
491 316 690
684 961 1022
961 684 1022
1022 684 961
304 18 1227
18 304 1227
1227 18 304
238 568 1192
1192 238 568
568 238 1192
583 584 750
584 583 750
750 583 584
169 1137 1230
1230 169 1137
1137 169 1230
1138 550 782
550 782 1138
782 550 1138
226 673 851
673 226 851
851 226 673
544 667 744
667 544 744
744 544 667
205 311 1143
311 205 1143
1143 205 311
120 619 1159
1159 120 619
619 120 1159
1343 790 887
887 790 1343
790 887 1343
563 1050 1174
1174 563 1050
1050 563 1174
585 88 686
88 585 686
686 88 585
1331 116 723
723 116 1331
116 723 1331
1004 869 1150
1150 869 1004
869 1004 1150
303 734 876
876 303 734
734 303 876
29 252 1500
1500 29 252
252 29 1500
294 416 939
416 294 939
939 294 416
1037 800 1440
800 1037 1440
1440 800 1037
335 637 1061
1061 335 637
637 335 1061
1495 795 1401
1401 795 1495
795 1401 1495
1456 123 933
123 933 1456
933 123 1456
962 1291 1472
1472 962 1291
1291 962 1472
1160 909 1245
1245 909 1160
909 1160 1245
401 1194 1498
1498 401 1194
1194 401 1498
1318 72 664
72 664 1318
664 72 1318
1354 262 1286
1286 262 1354
262 1286 1354
482 180 570
180 482 570
570 180 482
1451 150 955
150 955 1451
955 150 1451
138 124 207
124 138 207
207 124 138
451 519 911
519 451 911
911 451 519
275 100 1023
100 275 1023
1023 100 275
1211 333 1036
333 1036 1211
1036 333 1211
628 618 1417
618 628 1417
1417 618 628
1223 42 184
42 184 1223
184 42 1223
325 809 1270
809 325 1270
1270 325 809
384 1400 1454
1400 384 1454
1454 384 1400
1499 572 1121
1121 572 1499
572 1121 1499
1262 1162 1332
1332 1162 1262
1162 1262 1332
1235 508 608
508 608 1235
608 508 1235
705 559 627
627 559 705
559 627 705
1266 990 1334
1334 990 1266
990 1266 1334
631 622 987
987 622 631
622 631 987
768 346 1256
346 768 1256
1256 346 768
466 224 629
629 224 466
224 466 629
870 287 1212
287 870 1212
1212 287 870
431 454 1416
1416 431 454
454 431 1416
1484 265 459
459 265 1484
265 459 1484
1333 251 935
251 935 1333
935 251 1333
881 1311 1368
1311 881 1368
1368 881 1311
426 502 1351
502 426 1351
1351 426 502
842 424 1445
424 842 1445
1445 424 842
539 765 1480
1480 539 765
765 539 1480
1130 1166 1406
1406 1130 1166
1166 1130 1406
1345 236 296
296 236 1345
236 296 1345
545 36 397
36 397 545
397 36 545
178 247 862
247 178 862
862 178 247
97 1252 1263
1252 97 1263
1263 97 1252
908 295 336
295 336 908
336 295 908
151 340 523
523 151 340
340 151 523
122 938 1382
1382 122 938
938 122 1382
624 696 1473
696 624 1473
1473 624 696
117 70 1034
70 117 1034
1034 70 117
532 436 501
501 436 532
436 501 532
1185 1018 1099
1099 1018 1185
1018 1099 1185
663 610 736
610 663 736
736 610 663
1237 713 927
713 927 1237
927 713 1237
175 73 1000
1000 73 175
73 175 1000
871 498 518
518 498 871
498 518 871
315 19 344
344 19 315
19 315 344
672 209 617
209 617 672
617 209 672
694 599 609
599 609 694
609 599 694
96 167 208
167 96 208
208 96 167
1414 806 980
806 980 1414
980 806 1414
678 612 625
625 612 678
612 625 678
1064 1003 1335
1003 1064 1335
1335 1003 1064
591 859 1491
859 591 1491
1491 591 859
242 718 855
855 242 718
718 242 855
940 350 1095
1095 350 940
350 940 1095
781 1127 1161
1127 781 1161
1161 781 1127
791 82 1408
1408 82 791
82 791 1408
847 754 1367
754 847 1367
1367 754 847
147 160 229
160 147 229
229 147 160
573 361 571
571 361 573
361 571 573
952 284 969
969 284 952
284 952 969
107 419 592
592 107 419
419 107 592
220 385 886
385 220 886
886 220 385
680 216 1388
1388 216 680
216 680 1388
1385 25 659
659 25 1385
25 659 1385
575 40 1490
1490 40 575
40 575 1490
709 139 1302
1302 139 709
139 709 1302
188 214 943
214 188 943
943 188 214
1486 724 823
823 724 1486
724 823 1486
1222 557 1248
1248 557 1222
557 1222 1248
479 349 1208
349 479 1208
1208 349 479
970 76 1100
76 970 1100
1100 76 970
1040 493 1298
493 1040 1298
1298 493 1040
1444 632 676
632 676 1444
676 632 1444
259 255 1342
255 259 1342
1342 255 259
375 753 1167
753 375 1167
1167 375 753
1081 203 542
542 203 1081
203 542 1081
282 895 1410
895 282 1410
1410 282 895
1317 827 1124
1124 827 1317
827 1124 1317
1032 258 965
965 258 1032
258 965 1032
808 792 1425
1425 792 808
792 808 1425
1352 156 799
799 156 1352
156 799 1352
195 582 1325
582 195 1325
1325 195 582
691 865 1170
865 691 1170
1170 691 865
404 187 645
187 404 645
645 187 404
868 64 494
494 64 868
64 494 868
1387 1402 1489
1489 1387 1402
1402 1387 1489
269 309 1398
309 269 1398
1398 269 309
92 154 1110
1110 92 154
154 92 1110
417 698 1209
698 417 1209
1209 417 698
737 733 1409
1409 733 737
733 737 1409
1066 971 1108
971 1066 1108
1108 971 1066
960 460 1442
460 960 1442
1442 460 960
363 616 945
945 363 616
616 363 945
738 528 726
528 726 738
726 528 738
1477 83 338
83 338 1477
338 83 1477
1370 642 647
647 642 1370
642 647 1370
977 191 331
331 191 977
191 331 977
352 777 824
777 352 824
824 352 777
438 826 1093
1093 438 826
826 438 1093
90 106 701
106 90 701
701 90 106
192 27 636
636 27 192
27 192 636
1393 264 654
264 654 1393
654 264 1393
1475 53 1234
53 1234 1475
1234 53 1475
931 655 752
752 655 931
655 752 931
253 55 516
55 253 516
516 55 253
764 739 757
739 757 764
757 739 764
1027 1265 1362
1265 1027 1362
1362 1027 1265
729 45 707
707 45 729
45 707 729
1189 605 846
605 846 1189
846 605 1189
1482 514 986
986 514 1482
514 986 1482
441 569 710
710 441 569
569 441 710
61 1059 1126
1126 61 1059
1059 61 1126
567 1300 1476
1476 567 1300
1300 567 1476
1210 49 437
437 49 1210
49 437 1210
30 153 511
153 30 511
511 30 153
456 177 772
772 177 456
177 456 772
889 402 1463
402 889 1463
1463 402 889
1198 152 1443
152 1198 1443
1443 152 1198
1457 717 1074
1074 717 1457
717 1074 1457
942 102 163
102 163 942
163 102 942
548 181 529
181 529 548
529 181 548
558 630 1315
630 558 1315
1315 558 630
140 353 845
353 140 845
845 140 353
771 290 978
290 771 978
978 290 771
1280 993 1120
993 1120 1280
1120 993 1280
420 524 561
561 420 524
524 420 561
202 66 1321
1321 66 202
66 202 1321
1295 408 760
408 760 1295
760 408 1295
540 415 1148
1148 415 540
415 540 1148
852 288 872
288 852 872
872 288 852
84 512 721
721 84 512
512 84 721
50 10 1008
10 50 1008
1008 10 50
121 105 234
105 121 234
234 105 121
38 89 882
89 38 882
882 38 89
899 735 780
780 735 899
735 780 899
142 444 1031
444 142 1031
1031 142 444
1384 841 1176
841 1176 1384
1176 841 1384
1339 1101 1470
1470 1101 1339
1101 1339 1470
706 1191 1242
1242 706 1191
1191 706 1242
1467 34 1085
1085 34 1467
34 1085 1467
447 1178 1430
1178 447 1430
1430 447 1178
1264 2 722
2 722 1264
722 2 1264
68 98 1479
1479 68 98
98 68 1479
453 388 746
388 453 746
746 388 453
1497 472 509
472 509 1497
509 472 1497
1284 1204 1258
1204 1258 1284
1258 1204 1284
399 67 1105
1105 67 399
67 399 1105
1441 579 1464
579 1441 1464
1464 579 1441
594 59 1144
59 594 1144
1144 59 594
379 323 1250
1250 323 379
323 379 1250
1461 71 1488
1488 71 1461
71 1461 1488
894 292 1187
292 894 1187
1187 292 894
1347 407 1296
407 1296 1347
1296 407 1347
1197 301 1199
301 1197 1199
1199 301 1197
485 828 1171
828 485 1171
1171 485 828
770 643 1397
1397 643 770
643 770 1397
44 951 1282
1282 44 951
951 44 1282
418 223 956
956 223 418
223 418 956
1396 648 730
648 730 1396
730 648 1396
412 93 496
93 412 496
496 93 412
674 135 682
682 135 674
135 674 682
490 1201 1394
1201 490 1394
1394 490 1201
877 513 1251
513 877 1251
1251 513 877
944 339 679
679 339 944
339 679 944
1115 240 530
530 240 1115
240 530 1115
725 257 649
649 257 725
257 649 725
1215 1111 1228
1228 1111 1215
1111 1215 1228
1069 1292 1353
1292 1069 1353
1353 1069 1292
1102 47 551
47 551 1102
551 47 1102
615 155 633
633 155 615
155 615 633
75 186 487
186 75 487
487 75 186
386 858 1376
858 386 1376
1376 386 858
761 1301 1327
1327 761 1301
1301 761 1327
833 176 1340
1340 176 833
176 833 1340
1257 813 1206
813 1206 1257
1206 813 1257
1053 832 854
854 832 1053
832 854 1053
920 222 1094
1094 222 920
222 920 1094
452 581 1329
1329 452 581
581 452 1329
1229 104 597
597 104 1229
104 597 1229
818 31 652
652 31 818
31 652 818
740 590 1236
1236 590 740
590 740 1236
1220 137 341
137 341 1220
341 137 1220
347 48 1221
48 347 1221
1221 48 347
465 376 606
376 465 606
606 376 465
685 246 458
458 246 685
246 458 685
1460 562 1455
562 1455 1460
1455 562 1460
440 168 1044
168 440 1044
1044 168 440
958 716 1413
716 958 1413
1413 716 958
432 595 1330
1330 432 595
595 432 1330
114 522 1279
522 114 1279
1279 114 522
409 794 1415
794 409 1415
1415 409 794
1217 280 998
998 280 1217
280 998 1217
704 254 1431
254 704 1431
1431 254 704
589 503 1281
503 589 1281
1281 503 589
883 1157 1303
1303 883 1157
1157 883 1303
929 276 1048
1048 276 929
276 929 1048
213 43 1466
1466 43 213
43 213 1466
1276 483 797
797 483 1276
483 797 1276
161 620 821
821 161 620
620 161 821
1395 448 1104
448 1104 1395
1104 448 1395
411 63 1348
1348 63 411
63 411 1348
596 728 762
762 596 728
728 596 762
1424 515 566
566 515 1424
515 566 1424
475 880 1492
1492 475 880
880 475 1492
1060 644 1218
1218 644 1060
644 1060 1218
767 651 916
651 767 916
916 651 767
1389 1361 1435
1435 1361 1389
1361 1389 1435
903 24 820
24 820 903
820 24 903
848 37 313
313 37 848
37 313 848
1328 556 1259
1259 556 1328
556 1259 1328
194 885 1169
885 194 1169
1169 194 885
715 103 603
103 603 715
603 103 715
387 149 1452
149 387 1452
1452 149 387
211 1195 1378
1195 211 1378
1378 211 1195
245 873 1316
1316 245 873
873 245 1316
12 136 600
600 12 136
136 12 600
650 319 362
362 319 650
319 362 650
1118 1030 1190
1190 1030 1118
1030 1118 1190
1068 250 1386
250 1068 1386
1386 250 1068
1287 193 320
320 193 1287
193 320 1287
838 1025 1426
1025 838 1426
1426 838 1025
613 174 646
646 174 613
174 613 646
888 1072 1496
1496 888 1072
1072 888 1496
1437 1203 1453
1453 1203 1437
1203 1437 1453
805 1129 1132
1129 805 1132
1132 805 1129
784 697 1405
697 784 1405
1405 697 784
131 1116 1493
1493 131 1116
1116 131 1493
391 198 912
198 391 912
912 198 391
5 521 807
807 5 521
521 5 807
783 393 476
476 393 783
393 476 783
1147 1446 1494
1446 1147 1494
1494 1147 1446
1278 658 843
658 843 1278
843 658 1278
369 743 1145
1145 369 743
743 369 1145
185 504 844
504 185 844
844 185 504
972 332 1392
1392 332 972
332 972 1392
1077 779 1268
779 1077 1268
1268 779 1077
1107 1219 1260
1260 1107 1219
1219 1107 1260
811 79 1193
79 811 1193
1193 79 811
26 366 1326
1326 26 366
366 26 1326
601 500 853
853 500 601
500 601 853
113 228 1207
228 113 1207
1207 113 228
430 756 1214
1214 430 756
756 430 1214
39 108 261
108 39 261
261 39 108
337 307 1439
307 337 1439
1439 307 337
1423 377 495
495 377 1423
377 495 1423
910 165 900
900 165 910
165 900 910
741 359 812
359 741 812
812 359 741
435 3 626
3 435 626
626 3 435
878 919 1273
919 878 1273
1273 878 919
1038 215 785
215 785 1038
785 215 1038
1136 462 788
788 462 1136
462 788 1136
1052 1045 1054
1054 1045 1052
1045 1052 1054
1427 225 1365
1365 225 1427
225 1365 1427
531 297 714
714 297 531
297 531 714
1165 230 488
230 488 1165
488 230 1165
1241 395 964
395 964 1241
964 395 1241
35 699 893
893 35 699
699 35 893
467 130 1128
1128 130 467
130 467 1128
94 1135 1255
1255 94 1135
1135 94 1255
1017 957 1041
1041 957 1017
957 1017 1041
1140 564 661
564 661 1140
661 564 1140
1134 507 815
507 815 1134
815 507 1134
954 286 688
688 286 954
286 688 954
46 378 1359
1359 46 378
378 46 1359
1422 776 1324
1324 776 1422
776 1324 1422
748 798 1078
1078 748 798
798 748 1078
1462 356 1253
1253 356 1462
356 1253 1462
793 20 1181
20 793 1181
1181 20 793
99 17 670
17 99 670
670 17 99
128 950 1005
950 128 1005
1005 128 950
1254 351 1404
1404 351 1254
351 1254 1404
534 196 1011
1011 196 534
196 534 1011
959 263 906
906 263 959
263 906 959
1141 602 749
602 749 1141
749 602 1141
1371 763 766
766 763 1371
763 766 1371
1224 314 1249
1249 314 1224
314 1224 1249
1013 381 839
381 839 1013
839 381 1013
829 129 892
892 129 829
129 829 892
272 457 861
457 272 861
861 272 457
711 28 837
28 711 837
837 28 711
830 322 1092
322 830 1092
1092 322 830
470 1009 1070
1070 470 1009
1009 470 1070
293 587 891
891 293 587
587 293 891
1428 639 896
639 896 1428
896 639 1428
700 119 1089
119 700 1089
1089 119 700
266 368 801
801 266 368
368 266 801
489 428 449
449 428 489
428 449 489
16 1244 1246
1246 16 1244
1244 16 1246
683 305 1304
305 683 1304
1304 305 683
204 1175 1471
1175 204 1471
1471 204 1175
95 374 400
400 95 374
374 95 400
371 773 1016
1016 371 773
773 371 1016
321 804 995
804 321 995
995 321 804
1123 173 1421
1421 173 1123
173 1123 1421
1055 1177 1366
1366 1055 1177
1177 1055 1366
