70266 87942 135367
87942 70266 135367
135367 70266 87942
79630 66946 118844
118844 66946 79630
66946 79630 118844
133089 23503 149135
149135 23503 133089
23503 133089 149135
135831 22498 41212
41212 22498 135831
22498 41212 135831
45417 125442 129249
129249 45417 125442
125442 45417 129249
92198 18436 81160
81160 18436 92198
18436 81160 92198
114476 73008 120710
120710 73008 114476
73008 114476 120710
121628 35961 85079
85079 35961 121628
35961 85079 121628
145783 23968 45004
23968 45004 145783
45004 23968 145783
64789 27582 74216
27582 64789 74216
74216 27582 64789
115834 70611 119502
70611 115834 119502
119502 70611 115834
147474 15354 111763
15354 111763 147474
111763 15354 147474
34126 19494 94604
19494 34126 94604
94604 19494 34126
10104 3226 97904
97904 3226 10104
3226 10104 97904
19049 35514 148354
35514 19049 148354
148354 19049 35514
21905 26771 113890
26771 21905 113890
113890 21905 26771
4529 27176 92882
27176 4529 92882
92882 4529 27176
13413 31207 82094
31207 13413 82094
82094 13413 31207
124088 13850 101450
13850 101450 124088
101450 13850 124088
125639 127062 137042
137042 125639 127062
127062 125639 137042
800 119929 139449
139449 800 119929
119929 800 139449
102582 50032 125329
50032 102582 125329
125329 50032 102582
124780 18726 148579
148579 18726 124780
18726 124780 148579
91839 98816 144485
144485 91839 98816
98816 91839 144485
41277 61327 88619
61327 41277 88619
88619 41277 61327
50158 63036 100143
100143 50158 63036
63036 50158 100143
134605 115001 127245
115001 127245 134605
127245 115001 134605
24286 31599 143561
143561 24286 31599
31599 24286 143561
117919 1997 145467
1997 117919 145467
145467 1997 117919
51565 88042 143385
143385 51565 88042
88042 51565 143385
71356 2874 44736
2874 44736 71356
44736 2874 71356
29169 59217 73842
59217 29169 73842
73842 29169 59217
14769 30574 61991
30574 14769 61991
61991 14769 30574
132450 60734 104591
104591 60734 132450
60734 104591 132450
66998 30050 46375
46375 30050 66998
30050 46375 66998
63931 72235 107245
72235 63931 107245
107245 63931 72235
26060 60874 101895
60874 26060 101895
101895 26060 60874
105645 21340 108952
21340 105645 108952
108952 21340 105645
72558 16216 121418
16216 72558 121418
121418 16216 72558
56874 332 108712
332 56874 108712
108712 332 56874
142196 22100 73132
73132 22100 142196
22100 73132 142196
17838 2115 33157
2115 17838 33157
33157 2115 17838
95981 5537 138438
138438 5537 95981
5537 95981 138438
9327 57147 57221
57221 9327 57147
57147 9327 57221
127017 1707 22556
1707 22556 127017
22556 1707 127017
113524 30770 101569
30770 101569 113524
101569 30770 113524
1347 93320 115287
93320 1347 115287
115287 1347 93320
94779 15512 44229
44229 15512 94779
15512 44229 94779
103274 8718 78548
8718 78548 103274
78548 8718 103274
117592 12876 56411
12876 56411 117592
56411 12876 117592
29168 121248 136566
136566 29168 121248
121248 29168 136566
78002 58085 87973
58085 78002 87973
87973 58085 78002
138099 64582 94468
64582 94468 138099
94468 64582 138099
65917 94894 120660
120660 65917 94894
94894 65917 120660
100696 4107 79011
4107 79011 100696
79011 4107 100696
47981 29257 99615
99615 29257 47981
29257 47981 99615
131001 7270 148692
7270 131001 148692
148692 7270 131001
117209 95060 112490
112490 95060 117209
95060 112490 117209
15320 97793 135018
135018 15320 97793
97793 15320 135018
117501 60871 102756
60871 102756 117501
102756 60871 117501
117759 34153 59858
59858 34153 117759
34153 59858 117759
123008 64125 81033
81033 64125 123008
64125 81033 123008
83963 37108 47937
37108 47937 83963
47937 37108 83963
20484 49447 124900
124900 20484 49447
49447 20484 124900
15822 17264 88172
88172 15822 17264
17264 15822 88172
136899 44604 119096
119096 44604 136899
44604 119096 136899
36897 65668 71293
71293 36897 65668
65668 36897 71293
51689 5384 99883
5384 51689 99883
99883 5384 51689
114590 82134 135965
135965 82134 114590
82134 114590 135965
145312 81022 125354
81022 125354 145312
125354 81022 145312
138703 42376 123933
42376 123933 138703
123933 42376 138703
82661 25470 132617
25470 82661 132617
132617 25470 82661
119123 119269 122562
122562 119123 119269
119269 119123 122562
28393 27098 148261
27098 28393 148261
148261 27098 28393
35183 15250 88608
88608 15250 35183
15250 35183 88608
4867 4797 66426
4797 4867 66426
66426 4797 4867
25901 572 45026
572 25901 45026
45026 572 25901
31142 8189 144000
144000 8189 31142
8189 31142 144000
76279 10988 11115
10988 11115 76279
11115 10988 76279
149396 66703 143003
143003 66703 149396
66703 143003 149396
90054 4850 149628
149628 4850 90054
4850 90054 149628
48961 32097 62422
62422 32097 48961
32097 48961 62422
25524 77456 119373
119373 25524 77456
77456 25524 119373
75808 79285 105041
79285 75808 105041
105041 75808 79285
23537 62059 96532
62059 23537 96532
96532 23537 62059
2958 88301 98807
88301 2958 98807
98807 2958 88301
33516 66255 102234
102234 33516 66255
66255 33516 102234
120473 56719 75124
75124 56719 120473
56719 75124 120473
48439 5926 83007
5926 48439 83007
83007 5926 48439
146791 132973 133459
132973 133459 146791
133459 132973 146791
11354 84482 143635
84482 11354 143635
143635 11354 84482
140048 49776 141502
141502 49776 140048
49776 140048 141502
122929 75215 83937
75215 83937 122929
83937 75215 122929
47790 51928 66204
51928 47790 66204
66204 47790 51928
6937 5893 8336
5893 6937 8336
8336 5893 6937
87376 119942 136508
119942 87376 136508
136508 87376 119942
88209 32078 91672
32078 88209 91672
91672 32078 88209
18788 127451 134043
127451 18788 134043
134043 18788 127451
109124 48797 93967
48797 93967 109124
93967 48797 109124
39957 52858 136597
136597 39957 52858
52858 39957 136597
41601 135720 143132
143132 41601 135720
135720 41601 143132
143281 40330 86356
40330 86356 143281
86356 40330 143281
30791 56961 84875
84875 30791 56961
56961 30791 84875
63719 77904 89744
77904 63719 89744
89744 63719 77904
65578 102900 132182
102900 65578 132182
132182 65578 102900
94343 26403 71547
71547 26403 94343
26403 71547 94343
5143 83120 149683
83120 5143 149683
149683 5143 83120
90605 7182 47515
7182 47515 90605
47515 7182 90605
33994 67636 72073
67636 33994 72073
72073 33994 67636
81019 71399 136090
136090 71399 81019
71399 81019 136090
15413 77190 89068
77190 15413 89068
89068 15413 77190
314 37786 137884
137884 314 37786
37786 314 137884
91981 15283 134031
15283 91981 134031
134031 15283 91981
31963 35821 133251
35821 31963 133251
133251 31963 35821
33576 33557 39017
39017 33557 33576
33557 33576 39017
20185 16306 73050
73050 16306 20185
16306 20185 73050
120597 3583 73792
73792 3583 120597
3583 73792 120597
59450 6001 145331
145331 6001 59450
6001 59450 145331
92563 35043 80669
35043 80669 92563
80669 35043 92563
1082 68931 148226
148226 1082 68931
68931 1082 148226
93390 120570 148720
120570 93390 148720
148720 93390 120570
74906 82593 143434
82593 74906 143434
143434 74906 82593
120215 122277 140711
122277 120215 140711
140711 120215 122277
58200 22482 27966
27966 22482 58200
22482 27966 58200
61012 52459 84881
52459 61012 84881
84881 52459 61012
119571 92998 99422
99422 92998 119571
92998 99422 119571
86606 58815 74660
74660 58815 86606
58815 74660 86606
11032 1024 66510
1024 11032 66510
66510 1024 11032
76661 6551 122142
6551 76661 122142
122142 6551 76661
112874 92500 121333
92500 112874 121333
121333 92500 112874
3523 16096 123019
16096 3523 123019
123019 3523 16096
3748 124226 134985
134985 3748 124226
124226 3748 134985
138540 28719 130887
130887 28719 138540
28719 130887 138540
98297 15378 77516
77516 15378 98297
15378 77516 98297
17250 15627 137002
15627 17250 137002
137002 15627 17250
88597 47653 140412
47653 88597 140412
140412 47653 88597
93594 28780 43754
43754 28780 93594
28780 43754 93594
78718 48506 53436
53436 48506 78718
48506 53436 78718
128546 49516 145968
145968 49516 128546
49516 128546 145968
17281 28556 68981
68981 17281 28556
28556 17281 68981
116925 84379 132781
132781 84379 116925
84379 116925 132781
85691 8799 139942
139942 8799 85691
8799 85691 139942
147951 65716 107281
107281 65716 147951
65716 107281 147951
113469 23378 64658
64658 23378 113469
23378 64658 113469
29624 15443 93041
93041 15443 29624
15443 29624 93041
22311 44373 55870
44373 22311 55870
55870 22311 44373
103056 68241 102615
102615 68241 103056
68241 102615 103056
44951 11107 36424
36424 11107 44951
11107 36424 44951
87562 88511 128623
128623 87562 88511
88511 87562 128623
141956 8629 149369
149369 8629 141956
8629 141956 149369
88016 4123 4997
4123 4997 88016
4997 4123 88016
67413 26381 126965
126965 26381 67413
26381 67413 126965
37805 29629 81545
81545 29629 37805
29629 37805 81545
53549 31419 74139
74139 31419 53549
31419 53549 74139
22895 40854 137729
137729 22895 40854
40854 22895 137729
115048 23580 50801
50801 23580 115048
23580 50801 115048
11443 16941 41858
16941 11443 41858
41858 11443 16941
59246 50391 108538
50391 59246 108538
108538 50391 59246
58209 141363 147102
141363 58209 147102
147102 58209 141363
120738 8271 114372
114372 8271 120738
8271 114372 120738
76204 98880 103851
98880 76204 103851
103851 76204 98880
130382 38589 52862
38589 52862 130382
52862 38589 130382
72649 87395 144790
144790 72649 87395
87395 72649 144790
108669 35247 126869
35247 108669 126869
126869 35247 108669
106625 66114 75621
66114 75621 106625
75621 66114 106625
61130 49029 77247
49029 61130 77247
77247 49029 61130
129018 11861 138365
11861 129018 138365
138365 11861 129018
112817 61251 103224
103224 61251 112817
61251 103224 112817
110148 5308 87234
87234 5308 110148
5308 87234 110148
22929 1160 38708
1160 22929 38708
38708 1160 22929
40305 25017 75079
75079 25017 40305
25017 40305 75079
49224 83231 105988
105988 49224 83231
83231 49224 105988
123635 66999 134513
134513 66999 123635
66999 123635 134513
92615 18629 79596
79596 18629 92615
18629 79596 92615
23986 2137 79297
79297 2137 23986
2137 23986 79297
96929 39666 55558
55558 39666 96929
39666 55558 96929
3961 85611 124519
124519 3961 85611
85611 3961 124519
143122 57608 79732
57608 79732 143122
79732 57608 143122
68745 12215 104979
104979 12215 68745
12215 68745 104979
60917 66764 116333
116333 60917 66764
66764 60917 116333
51949 16231 117976
117976 16231 51949
16231 51949 117976
32780 66606 118092
66606 32780 118092
118092 32780 66606
67731 11210 38548
38548 11210 67731
11210 38548 67731
19453 25414 55384
25414 19453 55384
55384 19453 25414
112143 39896 100247
39896 100247 112143
100247 39896 112143
78882 18610 112621
18610 78882 112621
112621 18610 78882
88024 24070 141650
141650 24070 88024
24070 88024 141650
149118 36395 123018
123018 36395 149118
36395 123018 149118
8489 87603 132392
87603 8489 132392
132392 8489 87603
75273 76264 120694
76264 75273 120694
120694 75273 76264
90746 74576 138028
138028 74576 90746
74576 90746 138028
4753 101637 117625
117625 4753 101637
101637 4753 117625
41013 42793 111820
42793 41013 111820
111820 41013 42793
19255 86328 137089
137089 19255 86328
86328 19255 137089
104546 21293 136723
21293 104546 136723
136723 21293 104546
136847 33646 108946
108946 33646 136847
33646 108946 136847
75373 43991 132033
43991 75373 132033
132033 43991 75373
130817 96475 98347
96475 98347 130817
98347 96475 130817
88898 9192 137924
137924 9192 88898
9192 88898 137924
135103 89568 96827
89568 96827 135103
96827 89568 135103
126554 7532 90532
90532 7532 126554
7532 90532 126554
72139 18944 61466
18944 61466 72139
61466 18944 72139
59628 83204 114456
83204 59628 114456
114456 59628 83204
133869 61508 114458
114458 61508 133869
61508 114458 133869
48064 51010 141811
51010 48064 141811
141811 48064 51010
140550 45632 98792
98792 45632 140550
45632 98792 140550
56682 18842 112023
112023 18842 56682
18842 56682 112023
60437 23135 55788
23135 55788 60437
55788 23135 60437
108940 67748 82201
82201 67748 108940
67748 82201 108940
11290 88706 119893
88706 11290 119893
119893 11290 88706
61220 20224 91365
91365 20224 61220
20224 61220 91365
40719 21302 79626
21302 40719 79626
79626 21302 40719
92019 14778 41566
41566 14778 92019
14778 41566 92019
50971 51514 96358
96358 50971 51514
51514 50971 96358
102619 54247 112844
112844 54247 102619
54247 102619 112844
3067 16195 138491
138491 3067 16195
16195 3067 138491
68840 60392 97616
97616 60392 68840
60392 68840 97616
124737 5237 79973
79973 5237 124737
5237 79973 124737
2147 66876 105876
66876 2147 105876
105876 2147 66876
45564 124176 129568
124176 45564 129568
129568 45564 124176
57300 117666 129789
117666 57300 129789
129789 57300 117666
139147 104899 107133
107133 104899 139147
104899 107133 139147
44181 107843 135127
107843 44181 135127
135127 44181 107843
50594 7787 100004
7787 50594 100004
100004 7787 50594
61269 80958 96496
96496 61269 80958
80958 61269 96496
56 62146 148695
148695 56 62146
62146 56 148695
119409 45279 65599
65599 45279 119409
45279 65599 119409
135603 76558 108429
76558 108429 135603
108429 76558 135603
86575 79705 143955
143955 79705 86575
79705 86575 143955
104822 53918 138374
53918 104822 138374
138374 53918 104822
93340 34129 93602
34129 93340 93602
93602 34129 93340
44341 44419 48165
48165 44341 44419
44419 44341 48165
113959 64402 102205
102205 64402 113959
64402 102205 113959
68277 40573 84402
84402 40573 68277
40573 68277 84402
126949 69407 86923
69407 86923 126949
86923 69407 126949
72052 85994 99125
85994 72052 99125
99125 72052 85994
55700 1350 76961
1350 55700 76961
76961 1350 55700
149595 5404 108203
5404 108203 149595
108203 5404 149595
142063 1073 147561
147561 1073 142063
1073 142063 147561
33441 15803 58706
15803 33441 58706
58706 15803 33441
146792 86559 113495
86559 113495 146792
113495 86559 146792
4412 73906 119463
119463 4412 73906
73906 4412 119463
70390 72957 105259
105259 70390 72957
72957 70390 105259
142474 43958 92941
92941 43958 142474
43958 92941 142474
116118 64625 97705
64625 97705 116118
97705 64625 116118
72095 37164 72820
37164 72095 72820
72820 37164 72095
65473 39691 102568
102568 39691 65473
39691 65473 102568
47788 25715 128580
128580 25715 47788
25715 47788 128580
68458 72501 111091
72501 68458 111091
111091 68458 72501
67779 23769 97804
97804 23769 67779
23769 67779 97804
93312 41748 107598
107598 41748 93312
41748 93312 107598
88018 24419 69498
69498 24419 88018
24419 69498 88018
127565 29913 92652
29913 92652 127565
92652 29913 127565
81806 4565 82104
82104 4565 81806
4565 81806 82104
103859 19238 99291
19238 99291 103859
99291 19238 103859
30944 99998 101686
101686 30944 99998
99998 30944 101686
45902 18172 130450
130450 18172 45902
18172 45902 130450
116000 71620 123271
71620 116000 123271
123271 71620 116000
82074 24182 42552
42552 24182 82074
24182 42552 82074
94176 31669 83587
31669 83587 94176
83587 31669 94176
21735 67978 142608
67978 21735 142608
142608 21735 67978
132161 27795 71454
71454 27795 132161
27795 71454 132161
44013 32836 41844
41844 32836 44013
32836 41844 44013
88148 34833 94944
94944 34833 88148
34833 88148 94944
97024 35637 52870
52870 35637 97024
35637 52870 97024
134875 79524 140388
140388 79524 134875
79524 134875 140388
134889 68821 147013
68821 134889 147013
147013 68821 134889
59933 33229 125702
33229 59933 125702
125702 33229 59933
129292 38895 118471
118471 38895 129292
38895 118471 129292
127543 31461 36232
31461 36232 127543
36232 31461 127543
50384 140395 146432
146432 50384 140395
140395 50384 146432
1576 8232 86420
8232 1576 86420
86420 1576 8232
30194 77896 117014
117014 30194 77896
77896 30194 117014
87488 7788 18200
18200 7788 87488
7788 18200 87488
77590 7198 22977
22977 7198 77590
7198 22977 77590
146778 139312 149926
149926 139312 146778
139312 146778 149926
102412 71181 147052
71181 102412 147052
147052 71181 102412
17091 100229 110016
110016 17091 100229
100229 17091 110016
35315 35258 42276
35258 35315 42276
42276 35258 35315
94182 29404 41048
29404 41048 94182
41048 29404 94182
15541 74317 131222
131222 15541 74317
74317 15541 131222
5782 46256 82188
82188 5782 46256
46256 5782 82188
133385 41752 56077
56077 41752 133385
41752 56077 133385
130003 33407 104245
33407 104245 130003
104245 33407 130003
140889 37509 78688
37509 78688 140889
78688 37509 140889
36548 32272 103804
103804 32272 36548
32272 36548 103804
11250 46226 117791
117791 11250 46226
46226 11250 117791
98471 31184 35813
31184 35813 98471
35813 31184 98471
90654 20265 65397
20265 65397 90654
65397 20265 90654
78010 33386 106707
106707 33386 78010
33386 78010 106707
81052 109090 128748
109090 81052 128748
128748 81052 109090
51627 122429 141608
141608 51627 122429
122429 51627 141608
134061 48766 83363
83363 48766 134061
48766 83363 134061
130573 60024 136278
60024 130573 136278
136278 60024 130573
129311 28462 96003
96003 28462 129311
28462 96003 129311
34599 93193 114811
114811 34599 93193
93193 34599 114811
67488 62763 121986
121986 62763 67488
62763 67488 121986
108750 38248 86734
38248 86734 108750
86734 38248 108750
94533 35414 49461
35414 49461 94533
49461 35414 94533
83798 74827 146081
146081 74827 83798
74827 83798 146081
76226 31008 72191
31008 72191 76226
72191 31008 76226
9615 80511 126940
80511 9615 126940
126940 9615 80511
46931 68970 146982
68970 46931 146982
146982 46931 68970
50407 12550 89365
12550 50407 89365
89365 12550 50407
54668 108285 108628
108628 54668 108285
108285 54668 108628
97200 19616 63147
63147 19616 97200
19616 63147 97200
106034 15387 131774
15387 106034 131774
131774 15387 106034
5565 80388 92576
92576 5565 80388
80388 5565 92576
110933 27355 76451
27355 76451 110933
76451 27355 110933
142377 41567 77985
77985 41567 142377
41567 77985 142377
41296 78168 80481
80481 41296 78168
78168 41296 80481
54369 69789 119474
119474 54369 69789
69789 54369 119474
90779 52212 59992
52212 59992 90779
59992 52212 90779
79640 1840 104132
104132 1840 79640
1840 79640 104132
92026 80060 108886
108886 80060 92026
80060 92026 108886
141000 26126 146314
26126 141000 146314
146314 26126 141000
135258 51265 137760
137760 51265 135258
51265 135258 137760
97632 110381 114599
110381 97632 114599
114599 97632 110381
110429 80674 115093
80674 110429 115093
115093 80674 110429
111466 120492 148907
148907 111466 120492
120492 111466 148907
120427 70636 125996
125996 70636 120427
70636 120427 125996
41615 93173 132751
132751 41615 93173
93173 41615 132751
106148 45705 148936
45705 106148 148936
148936 45705 106148
137826 11247 14639
11247 14639 137826
14639 11247 137826
45986 8256 64005
64005 8256 45986
8256 45986 64005
71258 15768 76381
15768 71258 76381
76381 15768 71258
11672 14375 144497
14375 11672 144497
144497 11672 14375
109279 78883 90120
90120 78883 109279
78883 90120 109279
147054 13297 77184
13297 77184 147054
77184 13297 147054
57328 84421 115468
84421 57328 115468
115468 57328 84421
6035 30672 133302
133302 6035 30672
30672 6035 133302
9522 100470 130609
100470 9522 130609
130609 9522 100470
130141 70442 144020
70442 130141 144020
144020 70442 130141
62867 50264 107377
107377 50264 62867
50264 62867 107377
12111 64184 88768
88768 12111 64184
64184 12111 88768
132219 3349 23369
3349 23369 132219
23369 3349 132219
126324 42178 53425
53425 42178 126324
42178 53425 126324
11577 32911 68409
32911 11577 68409
68409 11577 32911
16272 56849 85233
56849 16272 85233
85233 16272 56849
128536 38667 128928
128928 38667 128536
38667 128536 128928
114362 299 31570
31570 299 114362
299 31570 114362
137034 62725 91064
62725 91064 137034
91064 62725 137034
140172 25478 62014
25478 62014 140172
62014 25478 140172
4659 10869 27898
27898 4659 10869
10869 4659 27898
66910 55277 92479
55277 66910 92479
92479 55277 66910
80814 50125 120741
120741 50125 80814
50125 80814 120741
74752 53472 101521
101521 53472 74752
53472 74752 101521
62874 58699 135925
58699 62874 135925
135925 58699 62874
120464 26477 73866
26477 73866 120464
73866 26477 120464
109711 798 122822
798 109711 122822
122822 798 109711
38915 74870 102090
74870 38915 102090
102090 38915 74870
56166 74974 113078
113078 56166 74974
74974 56166 113078
137670 25151 69292
25151 69292 137670
69292 25151 137670
16584 35711 64906
35711 16584 64906
64906 16584 35711
129884 8184 8301
8184 8301 129884
8301 8184 129884
100476 63130 95775
63130 95775 100476
95775 63130 100476
66469 71289 112625
112625 66469 71289
71289 66469 112625
140101 61064 149165
149165 61064 140101
61064 140101 149165
64930 71320 72057
72057 64930 71320
71320 64930 72057
80195 76535 138472
138472 76535 80195
76535 80195 138472
49057 31552 73638
31552 49057 73638
73638 31552 49057
7836 43658 143318
43658 7836 143318
143318 7836 43658
28234 13970 53193
53193 13970 28234
13970 28234 53193
107641 35740 81559
35740 81559 107641
81559 35740 107641
18328 30288 145544
30288 18328 145544
145544 18328 30288
13536 8876 50868
8876 13536 50868
50868 8876 13536
84809 74475 81918
81918 74475 84809
74475 81918 84809
14416 2900 128932
2900 14416 128932
128932 2900 14416
40193 112586 140355
140355 40193 112586
112586 40193 140355
27006 24164 25650
24164 25650 27006
25650 24164 27006
62387 71887 80785
71887 62387 80785
80785 62387 71887
9101 98115 146900
146900 9101 98115
98115 9101 146900
67095 82747 141730
82747 67095 141730
141730 67095 82747
44498 4378 73593
73593 4378 44498
4378 44498 73593
134260 28585 30418
30418 28585 134260
28585 30418 134260
14896 26184 69024
26184 14896 69024
69024 14896 26184
144118 2676 103201
103201 2676 144118
2676 103201 144118
38192 14618 93047
14618 38192 93047
93047 14618 38192
111738 61150 62791
61150 62791 111738
62791 61150 111738
34066 24357 115740
24357 34066 115740
115740 24357 34066
29203 5853 89627
5853 29203 89627
89627 5853 29203
9056 28264 105334
28264 9056 105334
105334 9056 28264
25550 36213 52621
36213 25550 52621
52621 25550 36213
95213 37890 80684
80684 37890 95213
37890 80684 95213
92012 40108 108056
108056 40108 92012
40108 92012 108056
114288 139835 143158
143158 114288 139835
139835 114288 143158
46897 3883 38483
38483 3883 46897
3883 38483 46897
27116 13916 46989
46989 13916 27116
13916 27116 46989
18973 11200 85385
85385 11200 18973
11200 18973 85385
139198 10765 35155
10765 35155 139198
35155 10765 139198
34257 129462 130122
129462 34257 130122
130122 34257 129462
112718 89909 115341
115341 89909 112718
89909 112718 115341
50473 9886 99231
9886 50473 99231
99231 9886 50473
64729 24080 63755
24080 63755 64729
63755 24080 64729
50735 489 6341
489 6341 50735
6341 489 50735
45248 22826 85342
85342 22826 45248
22826 45248 85342
4645 123550 147814
123550 4645 147814
147814 4645 123550
18407 47550 73351
73351 18407 47550
47550 18407 73351
139766 90637 92350
90637 92350 139766
92350 90637 139766
45314 59406 98361
59406 45314 98361
98361 45314 59406
55107 66005 127887
127887 55107 66005
66005 55107 127887
89819 8878 84391
84391 8878 89819
8878 84391 89819
95141 106901 117593
117593 95141 106901
106901 95141 117593
1599 32411 121094
32411 1599 121094
121094 1599 32411
75741 54592 87947
87947 54592 75741
54592 75741 87947
31831 80150 112241
112241 31831 80150
80150 31831 112241
109418 81871 109744
109744 81871 109418
81871 109418 109744
5157 22097 99153
22097 5157 99153
99153 5157 22097
40401 61212 117415
117415 40401 61212
61212 40401 117415
53270 13478 82485
13478 53270 82485
82485 13478 53270
84854 110993 122129
110993 84854 122129
122129 84854 110993
137942 111401 122218
122218 111401 137942
111401 122218 137942
77033 7210 36560
7210 36560 77033
36560 7210 77033
144555 5476 79214
5476 79214 144555
79214 5476 144555
19267 15476 117900
15476 19267 117900
117900 15476 19267
43155 44383 62379
44383 43155 62379
62379 43155 44383
126061 79252 126728
126728 79252 126061
79252 126061 126728
42187 78899 127945
78899 42187 127945
127945 42187 78899
91232 17043 73228
17043 73228 91232
73228 17043 91232
53452 94336 149180
149180 53452 94336
94336 53452 149180
50155 82257 116722
82257 50155 116722
116722 50155 82257
97633 101153 123672
101153 97633 123672
123672 97633 101153
56615 35386 83217
35386 56615 83217
83217 35386 56615
42865 77877 96660
96660 42865 77877
77877 42865 96660
13820 37652 77858
77858 13820 37652
37652 13820 77858
101543 107780 120005
107780 101543 120005
120005 101543 107780
69972 134042 148704
134042 69972 148704
148704 69972 134042
16075 11514 123037
11514 16075 123037
123037 11514 16075
4162 122303 141225
141225 4162 122303
122303 4162 141225
80617 51041 75537
75537 51041 80617
51041 75537 80617
119267 38833 132880
132880 38833 119267
38833 119267 132880
12478 36833 108169
36833 12478 108169
108169 12478 36833
96340 3339 32544
3339 32544 96340
32544 3339 96340
29123 14771 89914
89914 14771 29123
14771 29123 89914
28504 61302 71219
71219 28504 61302
61302 28504 71219
141990 46395 81313
81313 46395 141990
46395 81313 141990
120640 71520 118014
118014 71520 120640
71520 118014 120640
2692 57122 147713
147713 2692 57122
57122 2692 147713
92190 27956 52694
27956 52694 92190
52694 27956 92190
67219 43712 68680
68680 43712 67219
43712 67219 68680
38062 79845 85256
85256 38062 79845
79845 38062 85256
31952 16047 98552
16047 31952 98552
98552 16047 31952
79958 94509 119207
94509 79958 119207
119207 79958 94509
69363 101517 129985
129985 69363 101517
101517 69363 129985
124536 3355 22110
3355 22110 124536
22110 3355 124536
67939 86076 110138
110138 67939 86076
86076 67939 110138
98438 7465 121436
121436 7465 98438
7465 98438 121436
6812 94239 133125
94239 6812 133125
133125 6812 94239
9008 12680 95365
95365 9008 12680
12680 9008 95365
79118 53655 148511
53655 79118 148511
148511 53655 79118
66687 86659 142236
142236 66687 86659
86659 66687 142236
95904 45710 56491
45710 56491 95904
56491 45710 95904
37445 101422 111135
101422 37445 111135
111135 37445 101422
35955 18884 85010
85010 18884 35955
18884 35955 85010
81673 9559 43587
9559 43587 81673
43587 9559 81673
113221 2040 63055
2040 63055 113221
63055 2040 113221
15838 23082 134516
134516 15838 23082
23082 15838 134516
57478 108318 123006
123006 57478 108318
108318 57478 123006
11218 71371 120906
71371 11218 120906
120906 11218 71371
83914 93159 126712
93159 83914 126712
126712 83914 93159
139175 19608 132000
132000 19608 139175
19608 132000 139175
96987 10309 129552
10309 96987 129552
129552 10309 96987
70621 70403 122187
70403 70621 122187
122187 70403 70621
129402 36882 108194
36882 108194 129402
108194 36882 129402
124319 59979 137594
137594 59979 124319
59979 124319 137594
43334 34628 72286
34628 43334 72286
72286 34628 43334
131859 3786 15265
15265 3786 131859
3786 15265 131859
12810 26222 60630
60630 12810 26222
26222 12810 60630
144458 7869 29543
29543 7869 144458
7869 29543 144458
141840 46414 93358
93358 46414 141840
46414 93358 141840
38698 75123 98143
75123 38698 98143
98143 38698 75123
82054 101032 122071
122071 82054 101032
101032 82054 122071
77201 65691 82591
65691 77201 82591
82591 65691 77201
95024 115603 140810
115603 95024 140810
140810 95024 115603
79556 71446 91219
91219 71446 79556
71446 79556 91219
43070 26 144343
26 43070 144343
144343 26 43070
4445 79041 135537
79041 4445 135537
135537 4445 79041
28964 26858 44505
44505 26858 28964
26858 28964 44505
116923 133894 141065
141065 116923 133894
133894 116923 141065
125784 20219 24255
20219 24255 125784
24255 20219 125784
144197 81775 140227
140227 81775 144197
81775 140227 144197
129056 98642 105840
98642 105840 129056
105840 98642 129056
96833 101168 109872
101168 96833 109872
109872 96833 101168
104837 92908 125844
92908 104837 125844
125844 92908 104837
34827 51777 116561
116561 34827 51777
51777 34827 116561
86619 4436 141809
4436 86619 141809
141809 4436 86619
107506 49152 69762
49152 69762 107506
69762 49152 107506
149363 34619 36925
34619 36925 149363
36925 34619 149363
126749 76088 136488
136488 76088 126749
76088 126749 136488
94262 107535 114263
114263 94262 107535
107535 94262 114263
98721 98692 117157
98692 98721 117157
117157 98692 98721
96068 84960 133881
133881 84960 96068
84960 96068 133881
42268 30200 101724
101724 30200 42268
30200 42268 101724
56861 66401 79320
79320 56861 66401
66401 56861 79320
27787 14002 46784
14002 27787 46784
46784 14002 27787
120501 27810 136174
27810 120501 136174
136174 27810 120501
67700 56344 129553
129553 56344 67700
56344 67700 129553
82932 11048 92606
11048 82932 92606
92606 11048 82932
124085 26333 40679
40679 26333 124085
26333 40679 124085
141879 14277 27811
27811 14277 141879
14277 27811 141879
94034 13532 24367
24367 13532 94034
13532 24367 94034
106048 83088 137334
137334 83088 106048
83088 106048 137334
132681 77805 114082
77805 114082 132681
114082 77805 132681
22340 83096 120671
83096 22340 120671
120671 22340 83096
120150 31828 46957
31828 46957 120150
46957 31828 120150
56549 12788 65976
65976 12788 56549
12788 56549 65976
69216 63409 121706
121706 63409 69216
63409 69216 121706
87201 52851 63465
52851 63465 87201
63465 52851 87201
51857 59660 63332
63332 51857 59660
59660 51857 63332
128351 65990 119591
65990 119591 128351
119591 65990 128351
61225 3156 42037
42037 3156 61225
3156 42037 61225
140032 47402 105576
105576 47402 140032
47402 105576 140032
94679 10535 24464
10535 24464 94679
24464 10535 94679
17157 41980 95616
41980 17157 95616
95616 17157 41980
89099 9693 84852
84852 9693 89099
9693 84852 89099
10771 462 72458
462 10771 72458
72458 462 10771
29072 84104 137104
84104 29072 137104
137104 29072 84104
52460 6514 79094
79094 6514 52460
6514 52460 79094
2216 7611 86515
86515 2216 7611
7611 2216 86515
103048 53486 96949
96949 53486 103048
53486 96949 103048
68486 31239 97575
97575 31239 68486
31239 68486 97575
29769 66407 116518
116518 29769 66407
66407 29769 116518
22580 60433 121775
121775 22580 60433
60433 22580 121775
72195 116135 149427
116135 72195 149427
149427 72195 116135
68227 103806 109664
103806 68227 109664
109664 68227 103806
83960 110375 149889
110375 83960 149889
149889 83960 110375
96416 36716 132147
132147 36716 96416
36716 96416 132147
88039 130961 131134
131134 88039 130961
130961 88039 131134
116828 7139 58753
58753 7139 116828
7139 58753 116828
94550 48001 144672
48001 94550 144672
144672 48001 94550
73241 25447 86840
86840 25447 73241
25447 73241 86840
53148 19934 38811
19934 38811 53148
38811 19934 53148
93561 45127 91040
91040 45127 93561
45127 91040 93561
79758 45198 145432
145432 45198 79758
45198 79758 145432
128454 120104 136536
136536 120104 128454
120104 128454 136536
38556 39581 105991
39581 38556 105991
105991 38556 39581
73826 18994 98517
98517 18994 73826
18994 73826 98517
47254 54428 76318
76318 47254 54428
54428 47254 76318
13473 85089 135070
85089 13473 135070
135070 13473 85089
25776 90918 116687
90918 25776 116687
116687 25776 90918
111520 34556 49995
49995 34556 111520
34556 49995 111520
99837 46991 92283
92283 46991 99837
46991 92283 99837
132328 64607 147560
64607 132328 147560
147560 64607 132328
147795 8754 27906
8754 27906 147795
27906 8754 147795
60470 18754 107623
18754 60470 107623
107623 18754 60470
89871 72840 91294
91294 72840 89871
72840 89871 91294
53304 56153 97182
97182 53304 56153
56153 53304 97182
118143 6977 126575
6977 118143 126575
126575 6977 118143
69886 19074 139095
139095 19074 69886
19074 69886 139095
25213 63726 105692
105692 25213 63726
63726 25213 105692
62774 18692 32216
18692 32216 62774
32216 18692 62774
17961 67642 98704
67642 17961 98704
98704 17961 67642
106839 107390 133193
107390 106839 133193
133193 106839 107390
109722 8015 97973
8015 97973 109722
97973 8015 109722
24548 37817 43266
43266 24548 37817
37817 24548 43266
32327 55546 87578
87578 32327 55546
55546 32327 87578
22390 5850 126342
126342 5850 22390
5850 22390 126342
18266 98781 119296
98781 18266 119296
119296 18266 98781
32033 28215 125481
28215 32033 125481
125481 28215 32033
123291 110732 128758
110732 123291 128758
128758 110732 123291
69499 51942 131378
51942 69499 131378
131378 51942 69499
147238 27188 133110
27188 133110 147238
133110 27188 147238
99259 40307 43988
40307 43988 99259
43988 40307 99259
7795 17452 89845
89845 7795 17452
17452 7795 89845
61164 36782 39202
39202 36782 61164
36782 39202 61164
63004 115419 138494
115419 63004 138494
138494 63004 115419
38323 13673 25346
13673 25346 38323
25346 13673 38323
62179 43423 142221
43423 62179 142221
142221 43423 62179
124265 38063 63641
63641 38063 124265
38063 63641 124265
14442 88069 126849
88069 14442 126849
126849 14442 88069
68767 43223 93098
93098 43223 68767
43223 68767 93098
32433 126878 134406
126878 32433 134406
134406 32433 126878
17813 43337 117968
43337 17813 117968
117968 17813 43337
63106 40374 114878
40374 63106 114878
114878 40374 63106
112776 2252 63154
63154 2252 112776
2252 63154 112776
119321 44223 100210
44223 100210 119321
100210 44223 119321
97334 34712 76745
76745 34712 97334
34712 76745 97334
25173 76743 118701
118701 25173 76743
76743 25173 118701
104115 60952 80138
80138 60952 104115
60952 80138 104115
21737 39008 76885
76885 21737 39008
39008 21737 76885
48 113188 136524
113188 48 136524
136524 48 113188
42827 2163 56827
56827 2163 42827
2163 42827 56827
75790 114997 136132
136132 75790 114997
114997 75790 136132
54268 124197 149302
149302 54268 124197
124197 54268 149302
106003 18296 87730
18296 87730 106003
87730 18296 106003
127652 12731 16054
12731 16054 127652
16054 12731 127652
96649 58993 128719
58993 96649 128719
128719 58993 96649
40754 70568 104480
104480 40754 70568
70568 40754 104480
83797 63989 145844
145844 63989 83797
63989 83797 145844
44353 69768 90676
90676 44353 69768
69768 44353 90676
97052 2672 24120
24120 2672 97052
2672 24120 97052
97619 43564 75737
75737 43564 97619
43564 75737 97619
100281 15765 51815
51815 15765 100281
15765 51815 100281
125669 13466 35201
35201 13466 125669
13466 35201 125669
73277 32008 115137
115137 32008 73277
32008 73277 115137
119868 28677 104341
104341 28677 119868
28677 104341 119868
125885 66913 110085
110085 66913 125885
66913 110085 125885
124719 3470 100372
3470 100372 124719
100372 3470 124719
70583 986 95576
95576 986 70583
986 70583 95576
79814 44289 60575
44289 60575 79814
60575 44289 79814
99571 4290 58725
4290 58725 99571
58725 4290 99571
21652 72312 72871
72312 21652 72871
72871 21652 72312
80324 33656 73490
33656 73490 80324
73490 33656 80324
62250 932 80372
932 62250 80372
80372 932 62250
87616 44238 45783
45783 44238 87616
44238 45783 87616
52069 70259 102827
102827 52069 70259
70259 52069 102827
142854 56327 104216
104216 56327 142854
56327 104216 142854
99309 19793 49205
19793 49205 99309
49205 19793 99309
45201 4515 46209
4515 45201 46209
46209 4515 45201
7894 21837 68444
68444 7894 21837
21837 7894 68444
15359 71902 112192
71902 15359 112192
112192 15359 71902
21076 21234 46862
46862 21076 21234
21234 21076 46862
43361 38102 106712
38102 43361 106712
106712 38102 43361
53006 123149 137762
123149 53006 137762
137762 53006 123149
149020 43929 144783
43929 144783 149020
144783 43929 149020
135073 84628 134016
84628 134016 135073
134016 84628 135073
120928 56723 84979
84979 56723 120928
56723 84979 120928
15750 23791 42945
23791 15750 42945
42945 15750 23791
9890 56564 141771
141771 9890 56564
56564 9890 141771
53587 53166 128038
53166 53587 128038
128038 53166 53587
145025 79991 129604
79991 129604 145025
129604 79991 145025
117743 24112 106115
24112 106115 117743
106115 24112 117743
75810 62976 94701
62976 75810 94701
94701 62976 75810
82137 7073 96438
96438 7073 82137
7073 82137 96438
99808 43387 44224
43387 44224 99808
44224 43387 99808
94169 43980 95797
43980 94169 95797
95797 43980 94169
89267 33371 48642
48642 33371 89267
33371 48642 89267
129531 49306 120968
49306 120968 129531
120968 49306 129531
22878 130183 139964
139964 22878 130183
130183 22878 139964
102194 96919 148854
148854 96919 102194
96919 102194 148854
130558 54122 88571
88571 54122 130558
54122 88571 130558
7068 53021 126987
53021 7068 126987
126987 7068 53021
119949 33964 136088
33964 119949 136088
136088 33964 119949
133491 9943 104573
104573 9943 133491
9943 104573 133491
93050 49966 146288
49966 93050 146288
146288 49966 93050
41743 80351 119209
80351 41743 119209
119209 41743 80351
45910 68562 121846
121846 45910 68562
68562 45910 121846
127948 50275 96628
96628 50275 127948
50275 96628 127948
130404 2532 85533
85533 2532 130404
2532 85533 130404
12048 67691 76925
76925 12048 67691
67691 12048 76925
35139 78785 145595
78785 35139 145595
145595 35139 78785
113721 79952 145412
79952 113721 145412
145412 79952 113721
146714 89383 130315
89383 130315 146714
130315 89383 146714
52185 78495 118872
78495 52185 118872
118872 52185 78495
7529 54229 56901
56901 7529 54229
54229 7529 56901
18561 44384 101559
44384 18561 101559
101559 18561 44384
69593 23573 123468
123468 23573 69593
23573 69593 123468
74876 54049 125350
54049 74876 125350
125350 54049 74876
67732 91133 140024
140024 67732 91133
91133 67732 140024
77092 27936 57572
27936 57572 77092
57572 27936 77092
92285 120643 141282
120643 92285 141282
141282 92285 120643
75117 1102 137053
137053 1102 75117
1102 75117 137053
59240 22750 79986
22750 59240 79986
79986 22750 59240
102246 95590 103444
95590 102246 103444
103444 95590 102246
116808 51807 143010
143010 51807 116808
51807 116808 143010
71660 126420 133061
126420 71660 133061
133061 71660 126420
86666 87862 149894
149894 86666 87862
87862 86666 149894
34847 3627 43813
43813 3627 34847
3627 34847 43813
135116 18258 103685
103685 18258 135116
18258 103685 135116
17346 36007 91262
91262 17346 36007
36007 17346 91262
16707 63662 104038
104038 16707 63662
63662 16707 104038
89776 51604 59473
51604 59473 89776
59473 51604 89776
56532 29975 65749
65749 29975 56532
29975 56532 65749
138379 90979 97947
90979 97947 138379
97947 90979 138379
83368 56597 116129
56597 83368 116129
116129 56597 83368
52331 30636 95711
30636 52331 95711
95711 30636 52331
47824 87089 145915
87089 47824 145915
145915 47824 87089
91756 98034 145969
145969 91756 98034
98034 91756 145969
78162 75903 115303
115303 75903 78162
75903 78162 115303
134777 6558 144967
6558 134777 144967
144967 6558 134777
88641 40000 106727
106727 40000 88641
40000 88641 106727
11151 113225 133944
133944 11151 113225
113225 11151 133944
60901 62065 102895
102895 60901 62065
62065 60901 102895
88008 111493 148690
148690 88008 111493
111493 88008 148690
15827 33660 126922
33660 15827 126922
126922 15827 33660
90725 96067 148016
148016 90725 96067
96067 90725 148016
6611 51079 142038
51079 6611 142038
142038 6611 51079
66053 21764 120943
21764 66053 120943
120943 21764 66053
57601 34695 112704
34695 57601 112704
112704 34695 57601
130082 81073 127167
127167 81073 130082
81073 127167 130082
58613 129285 137124
129285 58613 137124
137124 58613 129285
122066 55235 137614
55235 122066 137614
137614 55235 122066
105308 8340 115220
115220 8340 105308
8340 105308 115220
66541 72552 127814
72552 66541 127814
127814 66541 72552
26450 27260 43066
43066 26450 27260
27260 26450 43066
67466 52007 126510
52007 67466 126510
126510 52007 67466
29824 14162 59054
59054 14162 29824
14162 29824 59054
123413 85741 111969
85741 111969 123413
111969 85741 123413
72459 29805 120754
29805 72459 120754
120754 29805 72459
105055 786 46413
786 46413 105055
46413 786 105055
143519 28878 87167
28878 87167 143519
87167 28878 143519
64876 106235 125205
106235 64876 125205
125205 64876 106235
62287 48420 55836
48420 55836 62287
55836 48420 62287
149505 97835 141834
141834 97835 149505
97835 141834 149505
39331 53707 88147
53707 39331 88147
88147 39331 53707
56913 35738 60968
60968 35738 56913
35738 56913 60968
2249 9372 135336
9372 2249 135336
135336 2249 9372
90478 45691 118537
118537 45691 90478
45691 90478 118537
1851 1288 36088
1288 1851 36088
36088 1288 1851
60477 51599 68166
51599 60477 68166
68166 51599 60477
80769 7641 54719
7641 54719 80769
54719 7641 80769
77035 15423 46629
15423 46629 77035
46629 15423 77035
26288 9702 19131
19131 9702 26288
9702 19131 26288
130767 34602 68157
68157 34602 130767
34602 68157 130767
149162 4139 127963
127963 4139 149162
4139 127963 149162
72749 38292 44651
38292 44651 72749
44651 38292 72749
81647 81958 135724
135724 81647 81958
81958 81647 135724
38790 31880 101749
31880 38790 101749
101749 31880 38790
59368 88789 149597
149597 59368 88789
88789 59368 149597
95342 28779 93500
93500 28779 95342
28779 93500 95342
37729 80233 82037
80233 37729 82037
82037 37729 80233
92226 4888 5202
4888 5202 92226
5202 4888 92226
3092 20516 140163
140163 3092 20516
20516 3092 140163
