2628 8378 11839
8378 2628 11839
11839 2628 8378
1970 668 5135
668 1970 5135
5135 668 1970
7872 1320 4152
4152 1320 7872
1320 4152 7872
6996 1878 9997
1878 6996 9997
9997 1878 6996
4785 8418 11064
8418 4785 11064
11064 4785 8418
3405 5938 13150
5938 3405 13150
13150 3405 5938
12057 12327 14262
14262 12057 12327
12327 12057 14262
8459 5715 14839
14839 5715 8459
5715 8459 14839
6797 8457 10194
10194 6797 8457
8457 6797 10194
7961 7339 7687
7339 7687 7961
7687 7339 7961
8870 4915 12801
12801 4915 8870
4915 8870 12801
3065 339 2361
339 2361 3065
2361 339 3065
12138 3812 12073
12073 3812 12138
3812 12073 12138
13456 7219 9260
7219 9260 13456
9260 7219 13456
12204 1303 13502
13502 1303 12204
1303 12204 13502
14287 5681 8160
5681 8160 14287
8160 5681 14287
3908 2437 9441
9441 2437 3908
2437 3908 9441
9804 59 6913
59 6913 9804
6913 59 9804
368 1459 2836
1459 368 2836
2836 368 1459
11225 2384 4743
4743 2384 11225
2384 4743 11225
4017 406 9904
406 4017 9904
9904 406 4017
863 3870 7868
3870 863 7868
7868 863 3870
7535 9743 10624
9743 7535 10624
10624 7535 9743
10705 7861 8578
8578 7861 10705
7861 8578 10705
10926 485 10073
10073 485 10926
485 10073 10926
8691 9525 12251
9525 8691 12251
12251 8691 9525
6862 12771 14152
12771 6862 14152
14152 6862 12771
2671 6036 8483
6036 2671 8483
8483 2671 6036
3094 2734 10285
10285 2734 3094
2734 3094 10285
13014 4118 5504
5504 4118 13014
4118 5504 13014
9837 6721 8014
8014 6721 9837
6721 8014 9837
11244 9262 10642
9262 10642 11244
10642 9262 11244
3247 8787 12340
8787 3247 12340
12340 3247 8787
3327 6668 7258
7258 3327 6668
6668 3327 7258
4609 5721 11551
11551 4609 5721
5721 4609 11551
7523 1492 1538
1538 1492 7523
1492 1538 7523
223 8336 9355
9355 223 8336
8336 223 9355
11661 9776 12600
12600 9776 11661
9776 11661 12600
4993 1966 10804
1966 4993 10804
10804 1966 4993
13919 2943 10460
10460 2943 13919
2943 10460 13919
11800 5886 8139
5886 8139 11800
8139 5886 11800
4353 9253 13860
13860 4353 9253
9253 4353 13860
99 8760 13546
13546 99 8760
8760 99 13546
7070 645 6002
6002 645 7070
645 6002 7070
2560 2362 3111
2362 2560 3111
3111 2362 2560
10830 6809 7242
6809 7242 10830
7242 6809 10830
13202 5359 7142
5359 7142 13202
7142 5359 13202
3188 448 14339
448 3188 14339
14339 448 3188
5502 853 7447
7447 853 5502
853 5502 7447
7874 3095 8953
3095 7874 8953
8953 3095 7874
3221 3452 3643
3643 3221 3452
3452 3221 3643
11167 8832 14886
8832 11167 14886
14886 8832 11167
1996 7438 12837
7438 1996 12837
12837 1996 7438
1336 5746 13189
13189 1336 5746
5746 1336 13189
13263 5303 12141
12141 5303 13263
5303 12141 13263
672 2556 13121
2556 672 13121
13121 672 2556
4525 2766 8452
2766 4525 8452
8452 2766 4525
4356 1100 6615
1100 4356 6615
6615 1100 4356
12520 1518 11109
1518 11109 12520
11109 1518 12520
8640 3834 7384
3834 7384 8640
7384 3834 8640
13864 4678 4947
4947 4678 13864
4678 4947 13864
10641 12743 13974
13974 10641 12743
12743 10641 13974
1807 7991 8255
8255 1807 7991
7991 1807 8255
5572 5682 13294
13294 5572 5682
5682 5572 13294
8690 8105 9621
8105 8690 9621
9621 8105 8690
11816 4465 6785
6785 4465 11816
4465 6785 11816
12991 3248 9675
9675 3248 12991
3248 9675 12991
138 7965 12857
12857 138 7965
7965 138 12857
1037 1021 14263
1021 1037 14263
14263 1021 1037
8331 6207 13375
6207 8331 13375
13375 6207 8331
5173 2115 3813
2115 3813 5173
3813 2115 5173
3689 5882 6037
6037 3689 5882
5882 3689 6037
4158 7571 14151
7571 4158 14151
14151 4158 7571
7083 458 14173
458 7083 14173
14173 458 7083
8820 1086 1980
1086 1980 8820
1980 1086 8820
14813 414 7503
7503 414 14813
414 7503 14813
4818 1435 7770
1435 4818 7770
7770 1435 4818
3905 2487 13262
13262 2487 3905
2487 3905 13262
5565 2775 3987
2775 3987 5565
3987 2775 5565
11867 9517 10552
9517 10552 11867
10552 9517 11867
8366 11172 12796
12796 8366 11172
11172 8366 12796
2210 1528 7412
1528 2210 7412
7412 1528 2210
5613 86 4700
86 4700 5613
4700 86 5613
5655 9907 12322
12322 5655 9907
9907 5655 12322
10803 2383 7291
7291 2383 10803
2383 7291 10803
12861 7707 8371
7707 8371 12861
8371 7707 12861
5833 4980 8554
8554 4980 5833
4980 5833 8554
4694 417 11222
11222 417 4694
417 4694 11222
12027 1273 3127
1273 3127 12027
3127 1273 12027
4705 1285 7975
1285 4705 7975
7975 1285 4705
527 8161 9079
9079 527 8161
8161 527 9079
14472 7784 9480
9480 7784 14472
7784 9480 14472
3581 2512 13278
13278 2512 3581
2512 3581 13278
9909 6692 10454
6692 9909 10454
10454 6692 9909
7486 717 9718
717 7486 9718
9718 717 7486
8724 9845 11288
9845 8724 11288
11288 8724 9845
11633 12903 14907
12903 11633 14907
14907 11633 12903
244 1815 5315
1815 244 5315
5315 244 1815
4878 10428 11458
11458 4878 10428
10428 4878 11458
9292 68 11514
68 9292 11514
11514 68 9292
11923 3120 4974
4974 3120 11923
3120 4974 11923
10027 986 4336
986 4336 10027
4336 986 10027
5766 120 6897
120 5766 6897
6897 120 5766
14999 11812 14518
14518 11812 14999
11812 14518 14999
1101 6274 12981
6274 1101 12981
12981 1101 6274
9732 5892 14498
5892 9732 14498
14498 5892 9732
14402 5670 9399
9399 5670 14402
5670 9399 14402
7277 2653 9211
9211 2653 7277
2653 7277 9211
9754 2120 5832
5832 2120 9754
2120 5832 9754
8873 6050 9666
9666 6050 8873
6050 8873 9666
10327 5714 13468
5714 10327 13468
13468 5714 10327
13498 7539 9613
9613 7539 13498
7539 9613 13498
6833 12607 13147
13147 6833 12607
12607 6833 13147
12264 3020 10376
10376 3020 12264
3020 10376 12264
13832 2794 5934
2794 5934 13832
5934 2794 13832
10925 2579 4274
4274 2579 10925
2579 4274 10925
4034 4393 11482
4393 4034 11482
11482 4034 4393
12236 5217 11338
11338 5217 12236
5217 11338 12236
3484 2633 7018
2633 3484 7018
7018 2633 3484
5169 4457 8843
4457 5169 8843
8843 4457 5169
836 6782 11408
11408 836 6782
6782 836 11408
162 5233 11036
11036 162 5233
5233 162 11036
5817 8557 11577
8557 5817 11577
11577 5817 8557
10507 589 10665
589 10507 10665
10665 589 10507
7005 4894 6850
6850 4894 7005
4894 6850 7005
14685 1031 11379
1031 11379 14685
11379 1031 14685
9823 6102 12049
12049 6102 9823
6102 9823 12049
7340 2459 11705
2459 7340 11705
11705 2459 7340
13714 5621 9921
5621 9921 13714
9921 5621 13714
11465 4321 6931
4321 6931 11465
6931 4321 11465
450 4489 12780
12780 450 4489
4489 450 12780
4106 2264 10126
2264 4106 10126
10126 2264 4106
7724 3694 6700
6700 3694 7724
3694 6700 7724
12721 2672 5479
2672 5479 12721
5479 2672 12721
1400 8657 9688
9688 1400 8657
8657 1400 9688
7825 352 5837
5837 352 7825
352 5837 7825
2299 5392 7763
7763 2299 5392
5392 2299 7763
6213 7141 8178
7141 6213 8178
8178 6213 7141
7228 13208 14804
14804 7228 13208
13208 7228 14804
5941 10727 13218
13218 5941 10727
10727 5941 13218
10890 3048 4592
3048 4592 10890
4592 3048 10890
8236 1709 12871
1709 8236 12871
12871 1709 8236
3355 2792 7944
7944 2792 3355
2792 3355 7944
10494 11298 13924
11298 10494 13924
13924 10494 11298
6366 6331 9195
9195 6331 6366
6331 6366 9195
12446 10135 14120
10135 12446 14120
14120 10135 12446
6143 8051 11348
8051 6143 11348
11348 6143 8051
11114 4293 6108
6108 4293 11114
4293 6108 11114
11612 674 3103
3103 674 11612
674 3103 11612
8304 9308 9890
9308 8304 9890
9890 8304 9308
14594 8509 11592
8509 11592 14594
11592 8509 14594
5962 2023 2990
2023 2990 5962
2990 2023 5962
4582 4933 5573
4933 4582 5573
5573 4582 4933
8983 9290 12960
9290 8983 12960
12960 8983 9290
4171 7725 13676
13676 4171 7725
7725 4171 13676
13418 5933 6345
5933 6345 13418
6345 5933 13418
206 1402 2087
2087 206 1402
1402 206 2087
7960 7870 8118
7870 7960 8118
8118 7870 7960
12892 3137 8435
3137 8435 12892
8435 3137 12892
13878 2504 12819
12819 2504 13878
2504 12819 13878
5991 2107 5168
5168 2107 5991
2107 5168 5991
2010 3961 8473
3961 2010 8473
8473 2010 3961
9052 2810 5342
2810 5342 9052
5342 2810 9052
10844 5849 7449
5849 7449 10844
7449 5849 10844
5800 9023 12710
9023 5800 12710
12710 5800 9023
11691 7522 9432
7522 9432 11691
9432 7522 11691
971 2207 3483
3483 971 2207
2207 971 3483
9322 2357 10322
2357 9322 10322
10322 2357 9322
2196 7504 10189
10189 2196 7504
7504 2196 10189
6119 1993 7093
1993 6119 7093
7093 1993 6119
1810 3160 10244
3160 1810 10244
10244 1810 3160
6175 3183 13956
3183 6175 13956
13956 3183 6175
2478 998 13273
998 2478 13273
13273 998 2478
7747 6549 8504
6549 7747 8504
8504 6549 7747
12538 1917 5336
5336 1917 12538
1917 5336 12538
13099 74 1727
74 1727 13099
1727 74 13099
7664 5799 5950
5799 5950 7664
5950 5799 7664
5189 8587 11081
11081 5189 8587
8587 5189 11081
12337 6 13650
13650 6 12337
6 12337 13650
10534 1126 3746
1126 3746 10534
3746 1126 10534
5377 12012 13252
12012 5377 13252
13252 5377 12012
1318 4914 10619
10619 1318 4914
4914 1318 10619
4259 6684 8485
8485 4259 6684
6684 4259 8485
6559 1171 6253
6253 1171 6559
1171 6253 6559
9915 1004 6714
1004 6714 9915
6714 1004 9915
14662 11318 11871
11318 11871 14662
11871 11318 14662
10873 3791 11256
3791 10873 11256
11256 3791 10873
5645 8117 9396
8117 5645 9396
9396 5645 8117
950 1652 12182
12182 950 1652
1652 950 12182
9181 4820 9051
9051 4820 9181
4820 9051 9181
1626 5441 11993
5441 1626 11993
11993 1626 5441
7215 10656 14139
10656 7215 14139
14139 7215 10656
3417 6123 9179
9179 3417 6123
6123 3417 9179
12599 5164 9618
5164 9618 12599
9618 5164 12599
3453 7085 14178
7085 3453 14178
14178 3453 7085
10678 1569 5867
5867 1569 10678
1569 5867 10678
6636 12287 13610
12287 6636 13610
13610 6636 12287
13240 2451 3175
3175 2451 13240
2451 3175 13240
11015 2111 2328
2111 2328 11015
2328 2111 11015
5893 3701 14632
3701 5893 14632
14632 3701 5893
7901 10787 14454
10787 7901 14454
14454 7901 10787
1139 3852 14573
14573 1139 3852
3852 1139 14573
597 274 6827
274 597 6827
6827 274 597
7952 1345 4480
1345 4480 7952
4480 1345 7952
13453 4129 9861
4129 9861 13453
9861 4129 13453
14792 4815 9020
4815 9020 14792
9020 4815 14792
8542 6391 11623
6391 8542 11623
11623 6391 8542
13506 1226 7234
7234 1226 13506
1226 7234 13506
1179 9243 11680
9243 1179 11680
11680 1179 9243
6381 938 1467
938 1467 6381
1467 938 6381
7895 10849 13497
13497 7895 10849
10849 7895 13497
7788 743 972
972 743 7788
743 972 7788
8583 3148 14664
14664 3148 8583
3148 8583 14664
877 1829 3223
1829 877 3223
3223 877 1829
11676 518 2815
2815 518 11676
518 2815 11676
1479 3271 9032
3271 1479 9032
9032 1479 3271
7261 3365 13500
3365 7261 13500
13500 3365 7261
4673 6512 8476
6512 4673 8476
8476 4673 6512
11075 3141 10607
3141 10607 11075
10607 3141 11075
1901 7935 9452
9452 1901 7935
7935 1901 9452
13690 6371 13608
6371 13608 13690
13608 6371 13690
1099 11582 12953
11582 1099 12953
12953 1099 11582
798 2889 9570
9570 798 2889
2889 798 9570
13896 2324 11199
11199 2324 13896
2324 11199 13896
1617 6185 8739
6185 1617 8739
8739 1617 6185
12787 5462 9134
9134 5462 12787
5462 9134 12787
7189 7156 13047
7156 7189 13047
13047 7156 7189
7887 552 3066
3066 552 7887
552 3066 7887
2827 6417 9848
6417 2827 9848
9848 2827 6417
10518 10874 13075
13075 10518 10874
10874 10518 13075
4013 10467 12937
10467 4013 12937
12937 4013 10467
13166 279 9583
279 9583 13166
9583 279 13166
6727 1119 4299
4299 1119 6727
1119 4299 6727
14548 5252 7477
5252 7477 14548
7477 5252 14548
6975 4178 11869
11869 4178 6975
4178 6975 11869
13827 1742 8779
8779 1742 13827
1742 8779 13827
1290 3669 11090
11090 1290 3669
3669 1290 11090
12523 2513 5326
5326 2513 12523
2513 5326 12523
871 539 8171
539 871 8171
8171 539 871
9870 2313 10615
10615 2313 9870
2313 9870 10615
6934 2217 10220
2217 6934 10220
10220 2217 6934
4416 9629 14626
14626 4416 9629
9629 4416 14626
14854 12480 14795
12480 14795 14854
14795 12480 14854
12695 4852 8503
8503 4852 12695
4852 8503 12695
14665 6511 11286
11286 6511 14665
6511 11286 14665
12415 4508 12865
4508 12415 12865
12865 4508 12415
9809 3801 6573
6573 3801 9809
3801 6573 9809
388 296 8591
8591 296 388
296 388 8591
9153 1733 12152
12152 1733 9153
1733 9153 12152
10924 1210 13280
13280 1210 10924
1210 10924 13280
12623 1066 10084
1066 10084 12623
10084 1066 12623
5678 1153 4617
4617 1153 5678
1153 4617 5678
5642 7453 10796
7453 5642 10796
10796 5642 7453
5924 582 14134
582 5924 14134
14134 582 5924
2643 11180 14933
14933 2643 11180
11180 2643 14933
10351 6228 9637
9637 6228 10351
6228 9637 10351
6026 10884 11742
11742 6026 10884
10884 6026 11742
7480 324 11777
11777 324 7480
324 7480 11777
4102 4306 14848
4306 4102 14848
14848 4102 4306
1118 5927 11165
5927 1118 11165
11165 1118 5927
452 1926 13585
1926 452 13585
13585 452 1926
1052 9932 11565
11565 1052 9932
9932 1052 11565
14378 4433 14109
14109 4433 14378
4433 14109 14378
1275 3704 4207
3704 1275 4207
4207 1275 3704
11200 5811 10360
5811 10360 11200
10360 5811 11200
9198 5568 11938
5568 9198 11938
11938 5568 9198
14157 204 1104
204 1104 14157
1104 204 14157
5340 5422 12099
5422 5340 12099
12099 5340 5422
3633 4063 12839
12839 3633 4063
4063 3633 12839
6133 3476 7918
3476 6133 7918
7918 3476 6133
11838 2392 2480
2392 2480 11838
2480 2392 11838
1130 12353 13697
12353 1130 13697
13697 1130 12353
4131 5297 13971
13971 4131 5297
5297 4131 13971
12401 294 5821
5821 294 12401
294 5821 12401
11328 1716 9294
9294 1716 11328
1716 9294 11328
5700 7051 13398
7051 5700 13398
13398 5700 7051
11879 4549 5352
4549 5352 11879
5352 4549 11879
8883 860 13778
13778 860 8883
860 8883 13778
3903 8018 12129
12129 3903 8018
8018 3903 12129
1133 8639 12992
12992 1133 8639
8639 1133 12992
3679 10896 11151
11151 3679 10896
10896 3679 11151
7178 1001 12601
1001 7178 12601
12601 1001 7178
2634 6248 9162
9162 2634 6248
6248 2634 9162
1287 6398 11764
11764 1287 6398
6398 1287 11764
6830 12052 14276
12052 6830 14276
14276 6830 12052
10906 4466 5094
5094 4466 10906
4466 5094 10906
10062 3841 4441
3841 4441 10062
4441 3841 10062
12647 4170 6374
6374 4170 12647
4170 6374 12647
14646 7900 12090
7900 12090 14646
12090 7900 14646
8937 1407 7064
1407 7064 8937
7064 1407 8937
10939 8732 12605
8732 10939 12605
12605 8732 10939
3645 2371 7628
7628 2371 3645
2371 3645 7628
13936 11091 13397
13397 11091 13936
11091 13397 13936
2785 1704 6288
1704 2785 6288
6288 1704 2785
9361 917 1669
917 1669 9361
1669 917 9361
11187 3972 8952
3972 8952 11187
8952 3972 11187
2699 2627 2684
2627 2684 2699
2684 2627 2699
9826 9945 10655
10655 9826 9945
9945 9826 10655
3445 786 8804
786 3445 8804
8804 786 3445
1611 3614 7630
3614 1611 7630
7630 1611 3614
10551 2162 9928
2162 9928 10551
9928 2162 10551
1457 898 11693
11693 898 1457
898 1457 11693
7114 8862 14254
14254 7114 8862
8862 7114 14254
5968 8717 10034
8717 5968 10034
10034 5968 8717
6045 8094 14438
8094 6045 14438
14438 6045 8094
9332 7244 9383
7244 9332 9383
9383 7244 9332
13068 12400 14357
14357 12400 13068
12400 13068 14357
7126 3002 5647
3002 5647 7126
5647 3002 7126
11789 3511 12031
3511 11789 12031
12031 3511 11789
9460 10917 12555
10917 9460 12555
12555 9460 10917
13058 9444 10275
10275 9444 13058
9444 10275 13058
10431 1683 7856
7856 1683 10431
1683 7856 10431
4757 7615 13969
13969 4757 7615
7615 4757 13969
2654 4084 5466
5466 2654 4084
4084 2654 5466
6979 6315 9595
9595 6315 6979
6315 6979 9595
9129 6379 14902
6379 9129 14902
14902 6379 9129
2942 13 11926
13 2942 11926
11926 13 2942
11386 4586 13592
13592 4586 11386
4586 11386 13592
6764 1096 9719
1096 6764 9719
9719 1096 6764
10836 10965 13140
10965 10836 13140
13140 10836 10965
11143 13739 13855
13739 11143 13855
13855 11143 13739
3230 243 8790
8790 243 3230
243 3230 8790
11289 11480 13507
11480 11289 13507
13507 11289 11480
3762 6815 7792
6815 3762 7792
7792 3762 6815
10469 1326 4802
4802 1326 10469
1326 4802 10469
7253 7389 14823
14823 7253 7389
7389 7253 14823
5114 1680 7155
1680 5114 7155
7155 1680 5114
7884 1915 9044
9044 1915 7884
1915 7884 9044
4430 9106 13306
9106 4430 13306
13306 4430 9106
4733 1396 5046
5046 1396 4733
1396 4733 5046
13391 9906 12949
9906 12949 13391
12949 9906 13391
10511 2170 5293
5293 2170 10511
2170 5293 10511
6259 408 757
408 757 6259
757 408 6259
8017 4942 8456
8456 4942 8017
4942 8017 8456
9203 1962 3661
1962 3661 9203
3661 1962 9203
4862 8731 10406
8731 4862 10406
10406 4862 8731
12288 5438 11986
5438 11986 12288
11986 5438 12288
5140 791 4442
4442 791 5140
791 4442 5140
85 1532 5754
1532 85 5754
5754 85 1532
14135 3182 13912
3182 13912 14135
13912 3182 14135
5980 1376 13410
13410 1376 5980
1376 5980 13410
9564 3547 4028
4028 3547 9564
3547 4028 9564
7841 8150 14314
8150 7841 14314
14314 7841 8150
8091 10542 14084
10542 8091 14084
14084 8091 10542
122 8077 8246
8246 122 8077
8077 122 8246
7898 8168 12849
8168 7898 12849
12849 7898 8168
9643 1579 12352
1579 9643 12352
12352 1579 9643
2816 6268 8227
8227 2816 6268
6268 2816 8227
7214 2121 6877
6877 2121 7214
2121 6877 7214
1825 12860 14720
14720 1825 12860
12860 1825 14720
1293 1115 10640
10640 1115 1293
1115 1293 10640
5434 7043 13519
7043 5434 13519
13519 5434 7043
13954 7701 12670
7701 12670 13954
12670 7701 13954
327 918 1661
1661 327 918
918 327 1661
5993 9445 11758
11758 5993 9445
9445 5993 11758
9221 2710 6561
6561 2710 9221
2710 6561 9221
9746 2279 2648
2648 2279 9746
2279 2648 9746
9916 12847 13824
12847 9916 13824
13824 9916 12847
10984 2704 2838
2838 2704 10984
2704 2838 10984
6965 3983 8927
8927 3983 6965
3983 6965 8927
10783 3369 11291
3369 10783 11291
11291 3369 10783
5874 4766 13366
4766 5874 13366
13366 4766 5874
12928 9147 11890
11890 9147 12928
9147 11890 12928
6957 5448 7346
7346 5448 6957
5448 6957 7346
12256 297 11650
11650 297 12256
297 11650 12256
1649 13079 13786
13079 1649 13786
13786 1649 13079
9522 4352 12587
12587 4352 9522
4352 9522 12587
3234 9510 11112
9510 3234 11112
11112 3234 9510
3207 12147 14097
12147 3207 14097
14097 3207 12147
1763 4015 10058
4015 1763 10058
10058 1763 4015
3911 10576 11996
10576 3911 11996
11996 3911 10576
1355 2224 6016
2224 1355 6016
6016 1355 2224
8376 6226 9496
9496 6226 8376
6226 8376 9496
493 3193 11094
3193 493 11094
11094 493 3193
6579 7021 12622
12622 6579 7021
7021 6579 12622
4220 5983 13308
13308 4220 5983
5983 4220 13308
6686 6643 11583
6643 6686 11583
11583 6643 6686
4987 819 1006
819 1006 4987
1006 819 4987
10912 6299 9599
6299 9599 10912
9599 6299 10912
8977 3716 11050
3716 8977 11050
11050 3716 8977
11292 3049 9895
3049 9895 11292
9895 3049 11292
5879 5183 11276
11276 5183 5879
5183 5879 11276
4516 8988 14875
8988 4516 14875
14875 4516 8988
6508 3142 11103
11103 3142 6508
3142 6508 11103
14745 3656 10479
3656 10479 14745
10479 3656 14745
2071 2750 3363
3363 2071 2750
2750 2071 3363
14296 4088 6759
6759 4088 14296
4088 6759 14296
7745 2839 5706
2839 5706 7745
5706 2839 7745
6383 5609 9866
9866 5609 6383
5609 6383 9866
1398 2465 12489
2465 1398 12489
12489 1398 2465
2235 10444 10529
10444 2235 10529
10529 2235 10444
9726 1736 5944
1736 5944 9726
5944 1736 9726
4769 1280 13806
1280 4769 13806
13806 1280 4769
13033 4055 11920
4055 11920 13033
11920 4055 13033
12620 3312 5673
3312 5673 12620
5673 3312 12620
9217 328 8622
328 8622 9217
8622 328 9217
9215 5116 9882
9882 5116 9215
5116 9215 9882
11855 1068 5910
5910 1068 11855
1068 5910 11855
14336 2268 4453
2268 4453 14336
4453 2268 14336
8885 8796 9929
8796 8885 9929
9929 8796 8885
1831 11982 14143
11982 1831 14143
14143 1831 11982
11047 5922 12639
5922 11047 12639
12639 5922 11047
190 3209 3245
3245 190 3209
3209 190 3245
8242 3997 10222
10222 3997 8242
3997 8242 10222
353 2226 14437
14437 353 2226
2226 353 14437
665 2842 7331
2842 665 7331
7331 665 2842
1719 13303 13458
13303 1719 13458
13458 1719 13303
12047 5625 9009
9009 5625 12047
5625 9009 12047
3083 11127 13090
13090 3083 11127
11127 3083 13090
9869 361 9238
361 9238 9869
9238 361 9869
14870 4496 10009
4496 10009 14870
10009 4496 14870
11334 6230 7428
7428 6230 11334
6230 7428 11334
228 7287 7542
7287 228 7542
7542 228 7287
3878 3454 10938
10938 3454 3878
3454 3878 10938
13940 920 10726
10726 920 13940
920 10726 13940
817 9131 14850
14850 817 9131
9131 817 14850
2271 11506 12093
11506 2271 12093
12093 2271 11506
11673 5604 6918
6918 5604 11673
5604 6918 11673
5632 5007 12821
12821 5007 5632
5007 5632 12821
10778 14652 14914
14652 10778 14914
14914 10778 14652
11851 2908 13825
13825 2908 11851
2908 11851 13825
6262 10790 13692
13692 6262 10790
10790 6262 13692
6348 1494 7175
7175 1494 6348
1494 6348 7175
3971 1584 3842
3842 1584 3971
1584 3842 3971
8270 47 10180
47 8270 10180
10180 47 8270
11161 10565 14011
14011 10565 11161
10565 11161 14011
765 4016 8778
8778 765 4016
4016 765 8778
9475 3004 9107
3004 9107 9475
9107 3004 9475
13426 8608 11988
11988 8608 13426
8608 11988 13426
8240 736 1369
1369 736 8240
736 1369 8240
3729 925 3690
3690 925 3729
925 3690 3729
13193 7746 8761
8761 7746 13193
7746 8761 13193
6011 7264 14332
7264 6011 14332
14332 6011 7264
3587 2386 14251
2386 3587 14251
14251 2386 3587
9205 2238 10850
10850 2238 9205
2238 9205 10850
3899 724 10663
10663 724 3899
724 3899 10663
10563 2008 12061
2008 10563 12061
12061 2008 10563
780 12211 12360
12360 780 12211
12211 780 12360
8195 10038 11959
10038 8195 11959
11959 8195 10038
429 5213 11356
11356 429 5213
5213 429 11356
852 4932 14373
4932 852 14373
14373 852 4932
14732 7084 10710
7084 10710 14732
10710 7084 14732
9920 1724 14927
1724 9920 14927
14927 1724 9920
4660 8897 10738
8897 4660 10738
10738 4660 8897
14653 4864 11467
11467 4864 14653
4864 11467 14653
12753 3854 13556
13556 3854 12753
3854 12753 13556
107 4682 9624
4682 107 9624
9624 107 4682
2589 805 14502
14502 805 2589
805 2589 14502
8725 5513 11567
5513 8725 11567
11567 5513 8725
3649 3747 12926
12926 3649 3747
3747 3649 12926
6080 2761 10961
2761 6080 10961
10961 2761 6080
14250 5288 13645
5288 13645 14250
13645 5288 14250
14770 4547 14600
14600 4547 14770
4547 14600 14770
3875 7014 13562
13562 3875 7014
7014 3875 13562
8762 7344 10401
10401 7344 8762
7344 8762 10401
956 12990 13025
13025 956 12990
12990 956 13025
14882 1464 3874
1464 3874 14882
3874 1464 14882
12982 159 3753
3753 159 12982
159 3753 12982
2381 3197 5546
5546 2381 3197
3197 2381 5546
12783 4175 7496
4175 7496 12783
7496 4175 12783
1821 11415 12195
11415 1821 12195
12195 1821 11415
7714 4599 13779
4599 7714 13779
13779 4599 7714
6184 13229 14305
14305 6184 13229
13229 6184 14305
5212 3051 6745
3051 5212 6745
6745 3051 5212
12845 337 9329
337 9329 12845
9329 337 12845
9370 5109 12020
5109 9370 12020
12020 5109 9370
14433 2303 13284
13284 2303 14433
2303 13284 14433
1899 4795 8856
8856 1899 4795
4795 1899 8856
8913 2042 2874
2874 2042 8913
2042 2874 8913
14055 270 4898
4898 270 14055
270 4898 14055
14219 1614 8512
8512 1614 14219
1614 8512 14219
4117 2970 11104
2970 4117 11104
11104 2970 4117
224 5228 10681
10681 224 5228
5228 224 10681
5306 72 14348
72 5306 14348
14348 72 5306
5073 1525 11006
1525 5073 11006
11006 1525 5073
9076 8335 12196
12196 8335 9076
8335 9076 12196
15000 723 5136
5136 723 15000
723 5136 15000
523 686 1343
1343 523 686
686 523 1343
11684 8743 12550
8743 11684 12550
12550 8743 11684
6817 10608 13669
10608 6817 13669
13669 6817 10608
7186 704 6863
704 6863 7186
6863 704 7186
8813 5839 12458
5839 8813 12458
12458 5839 8813
8887 1505 9614
1505 8887 9614
9614 1505 8887
6917 2274 7736
7736 2274 6917
2274 6917 7736
9236 590 13054
13054 590 9236
590 9236 13054
10598 303 5426
303 5426 10598
5426 303 10598
14926 1145 13835
13835 1145 14926
1145 13835 14926
13179 627 7732
7732 627 13179
627 7732 13179
749 7441 7789
7441 749 7789
7789 749 7441
9682 13558 13796
13558 9682 13796
13796 9682 13558
8567 271 13729
13729 271 8567
271 8567 13729
11522 3948 11965
11965 3948 11522
3948 11522 11965
14432 3782 5235
5235 3782 14432
3782 5235 14432
2453 1706 7069
1706 2453 7069
7069 1706 2453
8339 5940 14190
5940 8339 14190
14190 5940 8339
7863 7552 9135
9135 7552 7863
7552 7863 9135
14383 1257 8467
1257 8467 14383
8467 1257 14383
264 1809 8125
8125 264 1809
1809 264 8125
2929 3348 10495
3348 2929 10495
10495 2929 3348
6653 2571 6125
6125 2571 6653
2571 6125 6653
2976 5137 8303
8303 2976 5137
5137 2976 8303
2438 1609 8022
1609 2438 8022
8022 1609 2438
12505 8277 10132
10132 8277 12505
8277 10132 12505
3607 4431 11619
11619 3607 4431
4431 3607 11619
2873 1666 2515
2515 1666 2873
1666 2515 2873
445 10081 11044
11044 445 10081
10081 445 11044
9037 10370 14915
14915 9037 10370
10370 9037 14915
10247 528 2629
2629 528 10247
528 2629 10247
7673 2433 12615
2433 7673 12615
12615 2433 7673
13206 3973 12145
3973 12145 13206
12145 3973 13206
5505 7946 10176
7946 5505 10176
10176 5505 7946
13200 2446 6515
2446 6515 13200
6515 2446 13200
8849 2255 5911
2255 5911 8849
5911 2255 8849
11586 2233 10966
2233 10966 11586
10966 2233 11586
5656 5789 13012
5789 5656 13012
13012 5656 5789
9544 484 3461
484 3461 9544
3461 484 9544
6547 2477 7091
7091 2477 6547
2477 6547 7091
10253 392 3352
3352 392 10253
392 3352 10253
11887 10316 14610
10316 11887 14610
14610 10316 11887
4896 4855 5211
4855 4896 5211
5211 4855 4896
1059 6278 12296
6278 1059 12296
12296 1059 6278
2348 4543 9354
9354 2348 4543
4543 2348 9354
10265 4787 14172
4787 10265 14172
14172 4787 10265
10758 3568 10732
3568 10732 10758
10732 3568 10758
8916 8969 14445
8969 8916 14445
14445 8916 8969
2947 3078 8034
8034 2947 3078
3078 2947 8034
9235 395 5742
395 5742 9235
5742 395 9235
9605 1271 12705
12705 1271 9605
1271 9605 12705
11057 460 1673
460 1673 11057
1673 460 11057
1787 4784 10291
4784 1787 10291
10291 1787 4784
491 316 4907
316 491 4907
4907 316 491
4596 6688 8318
8318 4596 6688
6688 4596 8318
12908 2913 6377
2913 6377 12908
6377 2913 12908
421 10489 14382
10489 421 14382
14382 421 10489
3448 1123 13732
13732 1123 3448
1123 3448 13732
7575 5797 6241
6241 5797 7575
5797 6241 7575
1952 10331 10788
10331 1952 10788
10788 1952 10331
13800 5639 6055
6055 5639 13800
5639 6055 13800
11640 10769 12137
12137 10769 11640
10769 11640 12137
7643 5105 12416
5105 7643 12416
12416 5105 7643
11753 7015 10354
7015 10354 11753
10354 7015 11753
4181 3946 11238
11238 3946 4181
3946 4181 11238
9493 9301 12900
9301 9493 12900
12900 9301 9493
13475 4566 14330
14330 4566 13475
4566 13475 14330
789 3549 8422
3549 789 8422
8422 789 3549
14014 314 2053
314 2053 14014
2053 314 14014
1843 7172 8957
8957 1843 7172
7172 1843 8957
12643 7102 14459
14459 7102 12643
7102 12643 14459
8733 3332 5566
3332 5566 8733
5566 3332 8733
12265 2649 10793
10793 2649 12265
2649 10793 12265
12019 752 5515
5515 752 12019
752 5515 12019
4821 11274 11720
11720 4821 11274
11274 4821 11720
8071 5216 10183
10183 5216 8071
5216 8071 10183
9046 3912 12280
12280 3912 9046
3912 9046 12280
4024 5880 13545
5880 4024 13545
13545 4024 5880
7635 7359 13872
13872 7359 7635
7359 7635 13872
2921 5576 9115
9115 2921 5576
5576 2921 9115
14060 675 4172
4172 675 14060
675 4172 14060
6731 6805 8412
8412 6731 6805
6805 6731 8412
13388 11476 12988
11476 12988 13388
12988 11476 13388
4778 3003 3217
3217 3003 4778
3003 3217 4778
1261 9183 13991
13991 1261 9183
9183 1261 13991
12950 952 3935
952 3935 12950
3935 952 12950
11149 1738 4318
1738 4318 11149
4318 1738 11149
1346 907 8566
8566 907 1346
907 1346 8566
50 10835 14200
10835 50 14200
14200 50 10835
11498 4838 7090
7090 4838 11498
4838 7090 11498
11411 6054 11658
11658 6054 11411
6054 11411 11658
915 3859 6428
3859 915 6428
6428 915 3859
10725 1414 10680
1414 10680 10725
10680 1414 10725
7760 1697 14718
14718 1697 7760
1697 7760 14718
2473 827 5530
827 2473 5530
5530 827 2473
7097 6171 10487
6171 7097 10487
10487 6171 7097
7993 14480 14962
14962 7993 14480
14480 7993 14962
13566 4358 12164
12164 4358 13566
4358 12164 13566
6411 6321 10573
6321 6411 10573
10573 6321 6411
8048 5764 12215
5764 8048 12215
12215 5764 8048
5431 1428 11198
11198 1428 5431
1428 5431 11198
5314 8669 12747
12747 5314 8669
8669 5314 12747
3861 931 1116
1116 931 3861
931 1116 3861
13126 10195 10621
10195 10621 13126
10621 10195 13126
13774 4343 12770
4343 12770 13774
12770 4343 13774
14957 27 7184
27 7184 14957
7184 27 14957
10983 1186 6729
6729 1186 10983
1186 6729 10983
2624 10397 13137
10397 2624 13137
13137 2624 10397
12190 2345 5245
2345 5245 12190
5245 2345 12190
10066 3546 5596
5596 3546 10066
3546 5596 10066
14413 7608 11906
7608 11906 14413
11906 7608 14413
11041 7078 7985
7985 7078 11041
7078 7985 11041
11252 8548 14238
14238 8548 11252
8548 11252 14238
5006 3709 14964
3709 5006 14964
14964 3709 5006
6317 9712 10992
9712 6317 10992
10992 6317 9712
548 4414 4671
4671 548 4414
4414 548 4671
12071 5362 13862
13862 5362 12071
5362 12071 13862
7495 9440 11176
11176 7495 9440
9440 7495 11176
12943 2352 6210
6210 2352 12943
2352 6210 12943
10248 5509 8956
8956 5509 10248
5509 8956 10248
106 3037 3552
3037 106 3552
3552 106 3037
9040 13511 14100
13511 9040 14100
14100 9040 13511
7563 531 1390
531 1390 7563
1390 531 7563
11863 1729 4568
1729 4568 11863
4568 1729 11863
13947 211 5507
5507 211 13947
211 5507 13947
4701 1607 3070
1607 3070 4701
3070 1607 4701
10718 2735 2781
2781 2735 10718
2735 2781 10718
891 10618 13758
13758 891 10618
10618 891 13758
10819 63 11774
11774 63 10819
63 10819 11774
5782 3889 12823
12823 3889 5782
3889 5782 12823
1194 10955 11886
11886 1194 10955
10955 1194 11886
1301 9582 11084
11084 1301 9582
9582 1301 11084
8519 8713 14944
14944 8519 8713
8713 8519 14944
12568 970 1378
1378 970 12568
970 1378 12568
11368 9208 10261
9208 10261 11368
10261 9208 11368
12534 428 9996
9996 428 12534
428 9996 12534
8432 6919 13539
6919 8432 13539
13539 6919 8432
14759 7052 11325
11325 7052 14759
7052 11325 14759
4935 9571 12571
9571 4935 12571
12571 4935 9571
10872 5975 11431
11431 5975 10872
5975 10872 11431
2862 2000 12707
2000 2862 12707
12707 2000 2862
5403 1363 11916
11916 1363 5403
1363 5403 11916
7008 5524 8765
5524 7008 8765
8765 5524 7008
6507 5123 5316
5316 5123 6507
5123 5316 6507
13754 4561 12140
4561 12140 13754
12140 4561 13754
2844 5936 10031
10031 2844 5936
5936 2844 10031
9174 4380 12917
12917 4380 9174
4380 9174 12917
13485 256 11358
11358 256 13485
256 11358 13485
2846 893 5942
5942 893 2846
893 2846 5942
3285 4875 8064
4875 3285 8064
8064 3285 4875
14334 2667 7989
7989 2667 14334
2667 7989 14334
2495 12694 13598
13598 2495 12694
12694 2495 13598
12332 6362 6451
6451 6362 12332
6362 6451 12332
9307 1779 14325
14325 1779 9307
1779 9307 14325
14567 1503 5372
5372 1503 14567
1503 5372 14567
11931 9207 13879
13879 9207 11931
9207 11931 13879
5713 832 5935
5935 832 5713
832 5713 5935
425 8181 12986
12986 425 8181
8181 425 12986
8538 2863 3715
3715 2863 8538
2863 3715 8538
5014 3619 9785
3619 5014 9785
9785 3619 5014
13332 8079 10069
10069 8079 13332
8079 10069 13332
14534 3046 13420
3046 13420 14534
13420 3046 14534
2796 6541 9805
9805 2796 6541
6541 2796 9805
12870 41 9291
9291 41 12870
41 9291 12870
6878 3968 12359
3968 6878 12359
12359 3968 6878
5118 9442 11087
11087 5118 9442
9442 5118 11087
3712 4354 13833
13833 3712 4354
4354 3712 13833
1120 6760 7617
7617 1120 6760
6760 1120 7617
10357 12810 13069
12810 10357 13069
13069 10357 12810
3349 1462 8712
8712 1462 3349
1462 3349 8712
396 6270 13328
13328 396 6270
6270 396 13328
1219 345 7057
7057 345 1219
345 1219 7057
5857 5532 8848
5532 5857 8848
8848 5532 5857
5148 8377 11484
8377 5148 11484
11484 5148 8377
11822 4728 8723
4728 8723 11822
8723 4728 11822
4611 4418 6716
6716 4418 4611
4418 4611 6716
8627 12469 13019
13019 8627 12469
12469 8627 13019
13462 73 7422
7422 73 13462
73 7422 13462
13999 2272 10414
2272 10414 13999
10414 2272 13999
1563 5231 12853
12853 1563 5231
5231 1563 12853
3391 4107 10246
4107 3391 10246
10246 3391 4107
678 1583 13269
13269 678 1583
1583 678 13269
2727 4014 8556
8556 2727 4014
4014 2727 8556
8486 9402 11343
11343 8486 9402
9402 8486 11343
9538 3376 10060
3376 9538 10060
10060 3376 9538
10203 5471 13693
13693 5471 10203
5471 10203 13693
9387 2318 8374
2318 8374 9387
8374 2318 9387
2845 3366 8876
8876 2845 3366
3366 2845 8876
1205 569 6172
6172 569 1205
569 1205 6172
5921 6631 7607
7607 5921 6631
6631 5921 7607
10745 8000 13880
8000 10745 13880
13880 8000 10745
12564 10266 12646
12646 10266 12564
10266 12564 12646
11530 1430 9398
1430 9398 11530
9398 1430 11530
10521 1272 7700
1272 7700 10521
7700 1272 10521
14067 1359 12268
1359 12268 14067
12268 1359 14067
10125 4731 8944
4731 8944 10125
8944 4731 10125
653 3422 4302
4302 653 3422
3422 653 4302
7809 2778 12835
2778 7809 12835
12835 2778 7809
93 4046 10335
10335 93 4046
4046 93 10335
12527 4709 11918
11918 4709 12527
4709 11918 12527
3595 10215 13626
10215 3595 13626
13626 3595 10215
4357 5126 6286
6286 4357 5126
5126 4357 6286
5854 2638 10061
2638 5854 10061
10061 2638 5854
3138 4774 14284
4774 3138 14284
14284 3138 4774
8507 7715 8705
7715 8507 8705
8705 7715 8507
11987 5451 9910
5451 9910 11987
9910 5451 11987
7032 4234 5394
5394 4234 7032
4234 5394 7032
7550 2337 12658
2337 7550 12658
12658 2337 7550
4235 7353 10536
10536 4235 7353
7353 4235 10536
13551 4331 13759
13759 4331 13551
4331 13551 13759
1475 6094 10958
10958 1475 6094
6094 1475 10958
1169 6698 14746
6698 1169 14746
14746 1169 6698
14507 746 10217
10217 746 14507
746 10217 14507
4494 12166 13750
13750 4494 12166
12166 4494 13750
14781 7957 13503
7957 13503 14781
13503 7957 14781
286 7713 14528
7713 286 14528
14528 286 7713
3998 11486 14589
14589 3998 11486
11486 3998 14589
234 4931 14835
4931 234 14835
14835 234 4931
5635 1703 13798
1703 5635 13798
13798 1703 5635
5176 5812 9992
9992 5176 5812
5812 5176 9992
515 6495 13309
6495 515 13309
13309 515 6495
4086 4659 10750
10750 4086 4659
4659 4086 10750
5101 3392 14492
14492 3392 5101
3392 5101 14492
4025 3289 5446
5446 3289 4025
3289 4025 5446
14686 5052 6882
6882 5052 14686
5052 6882 14686
4440 3013 12677
12677 3013 4440
3013 4440 12677
1866 5756 8819
8819 1866 5756
5756 1866 8819
8114 446 12403
446 8114 12403
12403 446 8114
9275 13000 14377
13000 9275 14377
14377 9275 13000
7778 3101 8635
3101 7778 8635
8635 3101 7778
36 943 2275
2275 36 943
943 36 2275
5691 11638 13168
11638 5691 13168
13168 5691 11638
1502 260 9862
9862 260 1502
260 1502 9862
4237 831 3118
3118 831 4237
831 3118 4237
9880 5175 14623
5175 9880 14623
14623 5175 9880
11655 2534 4010
4010 2534 11655
2534 4010 11655
6401 9757 14343
14343 6401 9757
9757 6401 14343
5127 3266 6497
3266 5127 6497
6497 3266 5127
13809 1794 14570
14570 1794 13809
1794 13809 14570
8265 13525 14826
14826 8265 13525
13525 8265 14826
11596 9532 12956
9532 11596 12956
12956 9532 11596
13384 2940 10083
10083 2940 13384
2940 10083 13384
9989 3658 14384
14384 3658 9989
3658 9989 14384
5418 3823 5050
3823 5050 5418
5050 3823 5418
11733 9593 12444
9593 11733 12444
12444 9593 11733
8575 1667 3195
3195 1667 8575
1667 3195 8575
7283 8027 10219
8027 7283 10219
10219 7283 8027
6306 6659 14088
14088 6306 6659
6659 6306 14088
7616 3795 9796
9796 3795 7616
3795 7616 9796
5902 251 1517
251 1517 5902
1517 251 5902
267 10866 13756
13756 267 10866
10866 267 13756
225 6347 12547
12547 225 6347
6347 225 12547
10562 1255 7510
7510 1255 10562
1255 7510 10562
14629 9806 12742
12742 9806 14629
9806 12742 14629
10173 1906 2321
1906 2321 10173
2321 1906 10173
3492 975 6628
975 3492 6628
6628 975 3492
1546 1138 11096
1138 1546 11096
11096 1138 1546
9655 3383 4490
3383 4490 9655
4490 3383 9655
10611 7289 10259
7289 10259 10611
10259 7289 10611
5246 8671 10593
8671 5246 10593
10593 5246 8671
14269 5130 8895
8895 5130 14269
5130 8895 14269
13073 10144 13111
10144 13073 13111
13111 10144 13073
776 7904 8667
7904 776 8667
8667 776 7904
3062 3877 8506
3877 3062 8506
8506 3062 3877
1656 3519 9220
9220 1656 3519
3519 1656 9220
11963 5427 5872
5872 5427 11963
5427 5872 11963
10934 6596 8660
6596 8660 10934
8660 6596 10934
3149 10472 10744
10744 3149 10472
10472 3149 10744
9667 11283 12493
11283 9667 12493
12493 9667 11283
9710 2919 13380
2919 9710 13380
13380 2919 9710
4624 4101 5291
4101 4624 5291
5291 4101 4624
12663 8809 14365
8809 12663 14365
14365 8809 12663
910 8906 14226
8906 910 14226
14226 910 8906
12067 2237 5432
2237 5432 12067
5432 2237 12067
12499 4190 14451
14451 4190 12499
4190 12499 14451
10544 1793 4588
4588 1793 10544
1793 4588 10544
6974 1735 6681
6681 1735 6974
1735 6681 6974
693 7309 12358
7309 693 12358
12358 693 7309
7161 1722 1789
1722 1789 7161
1789 1722 7161
6058 236 4150
4150 236 6058
236 4150 6058
11969 3819 11983
3819 11969 11983
11983 3819 11969
3930 1591 8441
8441 1591 3930
1591 3930 8441
13663 6630 13920
6630 13663 13920
13920 6630 13663
4937 14596 14620
14596 4937 14620
14620 4937 14596
13041 2061 8225
8225 2061 13041
2061 8225 13041
1677 11575 12378
12378 1677 11575
11575 1677 12378
1240 2441 5037
2441 1240 5037
5037 1240 2441
8217 9917 12377
12377 8217 9917
9917 8217 12377
4655 6367 8601
6367 4655 8601
8601 4655 6367
12758 6041 8314
8314 6041 12758
6041 8314 12758
5060 1637 13011
13011 1637 5060
1637 5060 13011
10941 433 14171
14171 433 10941
433 10941 14171
4889 37 8769
37 4889 8769
8769 37 4889
5204 2708 3257
2708 3257 5204
3257 2708 5204
14083 9472 11814
9472 11814 14083
11814 9472 14083
7969 1389 4906
1389 4906 7969
4906 1389 7969
5775 3156 11846
3156 5775 11846
11846 3156 5775
2105 10412 14188
14188 2105 10412
10412 2105 14188
7931 10462 12714
12714 7931 10462
10462 7931 12714
1411 1360 7596
7596 1360 1411
1360 1411 7596
7754 1696 7956
7956 1696 7754
1696 7754 7956
8892 2494 12483
2494 8892 12483
12483 2494 8892
14674 2054 14277
14277 2054 14674
2054 14277 14674
10631 6763 12392
6763 10631 12392
12392 6763 10631
5616 1756 2208
2208 1756 5616
1756 2208 5616
10627 8564 9303
9303 8564 10627
8564 9303 10627
11827 8695 11819
8695 11819 11827
11819 8695 11827
1163 8060 11767
8060 1163 11767
11767 1163 8060
4539 10848 14246
10848 4539 14246
14246 4539 10848
13116 6968 8584
8584 6968 13116
6968 8584 13116
9839 1985 12998
1985 9839 12998
12998 1985 9839
5988 13005 13906
13005 5988 13906
13906 5988 13005
11308 2803 9763
2803 9763 11308
9763 2803 11308
11068 331 9185
9185 331 11068
331 9185 11068
2655 2496 11579
2496 2655 11579
11579 2496 2655
2678 8487 11864
11864 2678 8487
8487 2678 11864
426 10588 12804
12804 426 10588
10588 426 12804
7684 4860 6140
4860 6140 7684
6140 4860 7684
11517 1574 9085
9085 1574 11517
1574 9085 11517
13465 5202 13724
13724 5202 13465
5202 13465 13724
5937 1764 9744
9744 1764 5937
1764 5937 9744
12402 427 7044
427 7044 12402
7044 427 12402
2029 402 7572
402 2029 7572
7572 402 2029
5187 3995 8985
8985 3995 5187
3995 5187 8985
6472 1811 10039
1811 6472 10039
10039 1811 6472
11124 2964 5449
5449 2964 11124
2964 5449 11124
9699 3074 13548
13548 3074 9699
3074 9699 13548
5582 6290 8652
8652 5582 6290
6290 5582 8652
541 5485 13272
5485 541 13272
13272 541 5485
501 2547 7364
7364 501 2547
2547 501 7364
4653 9954 10075
9954 4653 10075
10075 4653 9954
10823 4056 13174
13174 4056 10823
4056 10823 13174
11354 6529 8599
6529 8599 11354
8599 6529 11354
13517 1884 10231
1884 10231 13517
10231 1884 13517
7686 12016 14648
12016 7686 14648
14648 7686 12016
8764 4464 4642
4464 4642 8764
4642 4464 8764
13314 6480 13407
6480 13314 13407
13407 6480 13314
13859 3532 5870
3532 5870 13859
5870 3532 13859
9454 3057 4670
3057 4670 9454
4670 3057 9454
10685 5558 12125
5558 10685 12125
12125 5558 10685
6062 1073 13602
1073 6062 13602
13602 1073 6062
12323 9403 11893
9403 11893 12323
11893 9403 12323
3920 4284 11242
4284 3920 11242
11242 3920 4284
5826 8905 12791
8905 5826 12791
12791 5826 8905
13093 3952 8908
3952 8908 13093
8908 3952 13093
11991 5115 7490
7490 5115 11991
5115 7490 11991
12238 7636 7942
7942 7636 12238
7636 7942 12238
12079 4072 5630
5630 4072 12079
4072 5630 12079
1196 6009 6621
6009 1196 6621
6621 1196 6009
3893 1487 13981
1487 3893 13981
13981 1487 3893
11978 2102 10743
2102 10743 11978
10743 2102 11978
14751 9302 13744
13744 9302 14751
9302 13744 14751
12449 13773 14291
14291 12449 13773
13773 12449 14291
14194 7226 13808
7226 13808 14194
13808 7226 14194
14053 4749 7992
7992 4749 14053
4749 7992 14053
4647 8325 12709
12709 4647 8325
8325 4647 12709
9775 3157 11946
3157 9775 11946
11946 3157 9775
9706 4924 11311
11311 4924 9706
4924 9706 11311
11088 2181 12443
12443 2181 11088
2181 11088 12443
3871 7139 12039
7139 3871 12039
12039 3871 7139
13868 3810 8307
3810 8307 13868
8307 3810 13868
6107 6382 12154
6382 6107 12154
12154 6107 6382
694 9833 14897
9833 694 14897
14897 694 9833
113 13404 13673
13404 113 13673
13673 113 13404
13495 8562 11652
11652 8562 13495
8562 11652 13495
5917 6998 13772
6998 5917 13772
13772 5917 6998
9154 9752 13467
9752 9154 13467
13467 9154 9752
7255 5946 10714
5946 7255 10714
10714 5946 7255
12792 758 3388
3388 758 12792
