139961 86148 120423
86148 120423 139961
120423 86148 139961
90756 4249 85974
85974 4249 90756
4249 85974 90756
62797 91221 135818
91221 62797 135818
135818 62797 91221
82309 32701 37984
37984 32701 82309
32701 37984 82309
104306 86395 124718
86395 104306 124718
124718 86395 104306
124143 106230 142033
142033 106230 124143
106230 124143 142033
24762 29085 121766
121766 24762 29085
29085 24762 121766
139901 14392 32995
32995 14392 139901
14392 32995 139901
117619 1079 40820
1079 40820 117619
40820 1079 117619
18636 83992 111504
83992 18636 111504
111504 18636 83992
18479 112709 115113
115113 18479 112709
112709 18479 115113
73481 11318 53140
53140 11318 73481
11318 53140 73481
142109 88442 110659
110659 88442 142109
88442 110659 142109
67891 35994 95512
35994 67891 95512
95512 35994 67891
92382 59681 123135
123135 59681 92382
59681 92382 123135
79857 76230 109913
76230 79857 109913
109913 76230 79857
35950 11798 58200
58200 11798 35950
11798 35950 58200
66918 49008 75782
49008 66918 75782
75782 49008 66918
131293 25888 126335
25888 126335 131293
126335 25888 131293
128269 49226 56168
49226 56168 128269
56168 49226 128269
32631 4273 35040
4273 32631 35040
35040 4273 32631
66000 22605 97998
22605 66000 97998
97998 22605 66000
147316 100376 120994
100376 120994 147316
120994 100376 147316
93048 7705 25612
7705 25612 93048
25612 7705 93048
115502 24675 124641
24675 115502 124641
124641 24675 115502
53925 45797 106238
45797 53925 106238
106238 45797 53925
9242 47231 138745
47231 9242 138745
138745 9242 47231
140818 22324 28227
22324 28227 140818
28227 22324 140818
7919 43235 54410
54410 7919 43235
43235 7919 54410
69466 90230 112386
112386 69466 90230
90230 69466 112386
97240 60790 119952
119952 60790 97240
60790 97240 119952
128692 21282 66684
66684 21282 128692
21282 66684 128692
58086 16319 21065
16319 21065 58086
21065 16319 58086
109405 17886 127473
17886 109405 127473
127473 17886 109405
18177 39238 106305
106305 18177 39238
39238 18177 106305
47338 25795 40300
40300 25795 47338
25795 40300 47338
88557 60825 90127
60825 88557 90127
90127 60825 88557
44897 24594 63217
24594 44897 63217
63217 24594 44897
32499 16038 118731
16038 32499 118731
118731 16038 32499
91138 36225 144524
36225 91138 144524
144524 36225 91138
132604 37054 96874
96874 37054 132604
37054 96874 132604
9444 78300 97949
78300 9444 97949
97949 9444 78300
137756 6429 68238
68238 6429 137756
6429 68238 137756
95541 14200 33978
33978 14200 95541
14200 33978 95541
140790 46515 52288
52288 46515 140790
46515 52288 140790
32507 114783 115515
114783 32507 115515
115515 32507 114783
115188 45269 71428
45269 71428 115188
71428 45269 115188
129685 21013 105211
105211 21013 129685
21013 105211 129685
25758 94908 136048
136048 25758 94908
94908 25758 136048
3773 54904 81483
54904 3773 81483
81483 3773 54904
133385 127277 133667
133667 127277 133385
127277 133385 133667
91923 71831 141115
71831 91923 141115
141115 71831 91923
115776 13136 53867
13136 53867 115776
53867 13136 115776
14988 132097 136983
132097 14988 136983
136983 14988 132097
15380 8285 35210
8285 15380 35210
35210 8285 15380
118388 42637 51283
42637 51283 118388
51283 42637 118388
59064 50234 84537
50234 59064 84537
84537 50234 59064
98272 46973 55872
55872 46973 98272
46973 55872 98272
61376 248 24142
24142 248 61376
248 24142 61376
18188 76624 81712
81712 18188 76624
76624 18188 81712
39038 24205 44697
44697 24205 39038
24205 39038 44697
94500 69036 87570
87570 69036 94500
69036 87570 94500
143331 4010 101801
4010 101801 143331
101801 4010 143331
64644 126803 133727
133727 64644 126803
126803 64644 133727
15485 42660 101033
42660 15485 101033
101033 15485 42660
135971 36175 44267
36175 44267 135971
44267 36175 135971
123951 32010 90631
90631 32010 123951
32010 90631 123951
102534 75982 81911
75982 81911 102534
81911 75982 102534
108804 41018 94302
41018 94302 108804
94302 41018 108804
93101 116496 132442
116496 93101 132442
132442 93101 116496
23629 60947 65028
60947 23629 65028
65028 23629 60947
141202 72914 100715
100715 72914 141202
72914 100715 141202
1313 97572 108266
97572 1313 108266
108266 1313 97572
121427 112103 129397
129397 112103 121427
112103 121427 129397
47403 51538 131530
51538 47403 131530
131530 47403 51538
44396 23517 149423
149423 23517 44396
23517 44396 149423
130486 81844 135542
81844 130486 135542
135542 81844 130486
117292 105326 128701
128701 105326 117292
105326 117292 128701
78623 47781 149230
47781 78623 149230
149230 47781 78623
95100 2800 69375
2800 69375 95100
69375 2800 95100
98320 45218 91738
91738 45218 98320
45218 91738 98320
12669 70485 85343
70485 12669 85343
85343 12669 70485
53400 11905 88948
11905 53400 88948
88948 11905 53400
47373 3021 59468
3021 47373 59468
59468 3021 47373
40154 68308 86429
68308 40154 86429
86429 40154 68308
83949 53220 101820
101820 53220 83949
53220 83949 101820
59844 30674 31068
31068 30674 59844
30674 31068 59844
41832 76534 79678
76534 41832 79678
79678 41832 76534
131277 37664 80349
37664 80349 131277
80349 37664 131277
4824 27985 63616
63616 4824 27985
27985 4824 63616
138003 78849 124881
124881 78849 138003
78849 124881 138003
128519 67658 93113
67658 93113 128519
93113 67658 128519
1837 7558 35958
7558 1837 35958
35958 1837 7558
131647 6259 109200
6259 109200 131647
109200 6259 131647
1007 20670 122706
20670 1007 122706
122706 1007 20670
55912 36881 60088
60088 36881 55912
36881 55912 60088
14555 44913 145668
145668 14555 44913
44913 14555 145668
98841 78218 148088
78218 98841 148088
148088 78218 98841
41516 30758 141579
141579 30758 41516
30758 41516 141579
140755 53273 67360
67360 53273 140755
53273 67360 140755
93047 87038 114715
114715 87038 93047
87038 93047 114715
81147 109471 120200
120200 81147 109471
109471 81147 120200
14468 12421 32994
12421 14468 32994
32994 12421 14468
21452 116048 133313
116048 21452 133313
133313 21452 116048
76497 17500 103902
103902 17500 76497
17500 76497 103902
19272 32405 47663
47663 19272 32405
32405 19272 47663
13336 7478 127675
127675 7478 13336
7478 13336 127675
76731 67892 127184
67892 76731 127184
127184 67892 76731
26326 103559 132025
103559 26326 132025
132025 26326 103559
26879 112311 122334
112311 26879 122334
122334 26879 112311
9463 131841 141733
131841 9463 141733
141733 9463 131841
131023 56887 107878
107878 56887 131023
56887 107878 131023
53824 49445 121645
49445 53824 121645
121645 49445 53824
62570 100669 144114
144114 62570 100669
100669 62570 144114
4875 10952 66602
10952 4875 66602
66602 4875 10952
86674 33675 138313
138313 33675 86674
33675 86674 138313
87913 29639 93602
93602 29639 87913
29639 87913 93602
78087 28902 55256
55256 28902 78087
28902 55256 78087
77605 36815 142511
36815 77605 142511
142511 36815 77605
114435 61347 139976
139976 61347 114435
61347 114435 139976
112458 15759 94298
94298 15759 112458
15759 94298 112458
92763 94747 128606
128606 92763 94747
94747 92763 128606
83674 104506 141491
141491 83674 104506
104506 83674 141491
46231 30972 96158
30972 46231 96158
96158 30972 46231
53979 55500 148059
55500 53979 148059
148059 53979 55500
8228 48902 80088
80088 8228 48902
48902 8228 80088
45527 87557 147740
87557 45527 147740
147740 45527 87557
87653 29502 93525
93525 29502 87653
29502 87653 93525
38033 27796 104566
104566 27796 38033
27796 38033 104566
122400 93480 104949
93480 104949 122400
104949 93480 122400
101736 110141 132388
110141 101736 132388
132388 101736 110141
92107 132655 143650
143650 92107 132655
132655 92107 143650
64941 66618 143618
66618 64941 143618
143618 64941 66618
129620 145591 148284
148284 129620 145591
145591 129620 148284
149276 39917 149786
149786 39917 149276
39917 149276 149786
34479 77614 137112
137112 34479 77614
77614 34479 137112
33183 20251 96628
20251 33183 96628
96628 20251 33183
117600 24752 43568
43568 24752 117600
24752 43568 117600
60779 119732 139264
119732 60779 139264
139264 60779 119732
116087 9100 84498
84498 9100 116087
9100 84498 116087
55977 53858 78149
78149 53858 55977
53858 55977 78149
42729 114680 138235
138235 42729 114680
114680 42729 138235
66767 35346 44159
35346 44159 66767
44159 35346 66767
20149 111045 121673
121673 20149 111045
111045 20149 121673
144139 104345 142569
142569 104345 144139
104345 142569 144139
47149 16107 45354
16107 45354 47149
45354 16107 47149
112242 3089 30105
3089 30105 112242
30105 3089 112242
95440 89950 93482
93482 89950 95440
89950 93482 95440
33016 128984 136878
136878 33016 128984
128984 33016 136878
97717 10247 40664
40664 10247 97717
10247 40664 97717
98169 41528 130123
41528 98169 130123
130123 41528 98169
134542 48252 144148
48252 134542 144148
144148 48252 134542
41636 57702 88774
88774 41636 57702
57702 41636 88774
24437 3054 59956
59956 3054 24437
3054 24437 59956
111967 77564 137287
137287 77564 111967
77564 111967 137287
26750 23417 65555
65555 23417 26750
23417 26750 65555
43437 2049 68226
68226 2049 43437
2049 43437 68226
96797 140741 141321
140741 96797 141321
141321 96797 140741
66994 126396 143694
126396 66994 143694
143694 66994 126396
64393 70827 121209
70827 64393 121209
121209 64393 70827
111577 66278 131620
66278 111577 131620
131620 66278 111577
76628 32475 59781
32475 59781 76628
59781 32475 76628
93183 2714 98684
2714 93183 98684
98684 2714 93183
19524 29760 114714
29760 19524 114714
114714 19524 29760
73938 21670 89770
21670 73938 89770
89770 21670 73938
134792 69539 89649
69539 89649 134792
89649 69539 134792
23605 49189 97010
49189 23605 97010
97010 23605 49189
108923 20573 83787
83787 20573 108923
20573 83787 108923
5311 93397 134554
93397 5311 134554
134554 5311 93397
48787 51590 67872
51590 48787 67872
67872 48787 51590
6753 41229 119246
119246 6753 41229
41229 6753 119246
112471 68385 116398
116398 68385 112471
68385 112471 116398
97123 27811 65429
65429 27811 97123
27811 65429 97123
64523 11827 55181
11827 55181 64523
55181 11827 64523
46341 77444 142291
77444 46341 142291
142291 46341 77444
109092 11483 81384
81384 11483 109092
11483 81384 109092
121228 115402 144741
144741 115402 121228
115402 121228 144741
49691 55451 88083
88083 49691 55451
55451 49691 88083
88850 9931 51147
51147 9931 88850
9931 51147 88850
136181 68483 96709
68483 96709 136181
96709 68483 136181
109104 100367 113304
113304 100367 109104
100367 109104 113304
14685 71713 79527
71713 14685 79527
79527 14685 71713
99552 5720 67497
67497 5720 99552
5720 67497 99552
144287 64366 73191
73191 64366 144287
64366 73191 144287
80183 52234 116400
52234 80183 116400
116400 52234 80183
48015 21305 101842
101842 21305 48015
21305 48015 101842
112906 13445 43991
13445 43991 112906
43991 13445 112906
98761 51837 110269
110269 51837 98761
51837 98761 110269
77443 48273 120900
120900 48273 77443
48273 77443 120900
146572 54096 117610
117610 54096 146572
54096 117610 146572
37543 18240 55875
55875 18240 37543
18240 37543 55875
59795 11961 66867
66867 11961 59795
11961 59795 66867
12073 30415 135877
30415 12073 135877
135877 12073 30415
140391 54551 78971
54551 78971 140391
78971 54551 140391
3942 11036 117555
11036 3942 117555
117555 3942 11036
13714 13599 72635
13599 13714 72635
72635 13599 13714
30069 34270 118757
34270 30069 118757
118757 30069 34270
84821 101393 129801
101393 84821 129801
129801 84821 101393
138150 22218 118744
118744 22218 138150
22218 118744 138150
7852 16860 89292
16860 7852 89292
89292 7852 16860
139156 111234 131389
131389 111234 139156
111234 131389 139156
103115 96038 147774
96038 103115 147774
147774 96038 103115
30975 16415 95928
95928 16415 30975
16415 30975 95928
9657 42018 106245
106245 9657 42018
42018 9657 106245
93008 38447 74942
74942 38447 93008
38447 74942 93008
79964 40076 89991
40076 79964 89991
89991 40076 79964
41214 61169 65291
61169 41214 65291
65291 41214 61169
60094 31324 135107
31324 60094 135107
135107 31324 60094
31988 22006 127102
22006 31988 127102
127102 22006 31988
33830 21429 116977
21429 33830 116977
116977 21429 33830
38662 56469 106724
56469 38662 106724
106724 38662 56469
20218 113061 133329
113061 20218 133329
133329 20218 113061
82914 27635 40727
27635 40727 82914
40727 27635 82914
122368 76692 125945
76692 122368 125945
125945 76692 122368
124624 24655 74279
74279 24655 124624
24655 74279 124624
145149 144319 145395
144319 145149 145395
145395 144319 145149
99163 57906 130199
130199 57906 99163
57906 99163 130199
13083 512 107636
512 13083 107636
107636 512 13083
25631 9235 136308
136308 9235 25631
9235 25631 136308
65010 50528 148494
50528 65010 148494
148494 50528 65010
114677 134405 135879
135879 114677 134405
134405 114677 135879
88444 18220 116852
18220 88444 116852
116852 18220 88444
103756 82569 133815
133815 82569 103756
82569 103756 133815
35521 12352 71668
12352 35521 71668
71668 12352 35521
74423 51269 106869
106869 51269 74423
51269 74423 106869
59143 27050 98979
98979 27050 59143
27050 59143 98979
6190 39414 64158
39414 6190 64158
64158 6190 39414
46796 46148 69652
46148 46796 69652
69652 46148 46796
135044 104677 139747
139747 104677 135044
104677 135044 139747
50202 45255 54428
54428 45255 50202
45255 50202 54428
141551 58816 126053
58816 126053 141551
126053 58816 141551
34989 47189 91289
47189 34989 91289
91289 34989 47189
33820 52266 145255
145255 33820 52266
52266 33820 145255
15366 43456 64992
64992 15366 43456
43456 15366 64992
64063 3265 15849
15849 3265 64063
3265 15849 64063
45057 1571 95068
1571 45057 95068
95068 1571 45057
29614 13328 45177
45177 13328 29614
13328 29614 45177
125623 49461 124297
49461 124297 125623
124297 49461 125623
43724 30032 112293
30032 43724 112293
112293 30032 43724
84806 77435 140473
77435 84806 140473
140473 77435 84806
20245 1109 44167
44167 1109 20245
1109 20245 44167
26928 983 24438
983 24438 26928
24438 983 26928
138403 6492 133813
133813 6492 138403
6492 133813 138403
59514 48486 129829
129829 48486 59514
48486 59514 129829
112956 71514 142020
71514 112956 142020
142020 71514 112956
68214 35356 36832
36832 35356 68214
35356 36832 68214
75401 61484 94107
61484 75401 94107
94107 61484 75401
27957 74706 83667
74706 27957 83667
83667 27957 74706
91996 16638 61909
16638 61909 91996
61909 16638 91996
111877 81222 131469
81222 111877 131469
131469 81222 111877
112843 80352 97312
80352 97312 112843
97312 80352 112843
116140 87984 119862
87984 116140 119862
119862 87984 116140
39102 88921 115247
88921 39102 115247
115247 39102 88921
67971 53990 115324
53990 67971 115324
115324 53990 67971
95665 48408 147776
147776 48408 95665
48408 95665 147776
77797 60090 93831
93831 60090 77797
60090 77797 93831
48069 95729 136594
136594 48069 95729
95729 48069 136594
124662 72880 144262
144262 72880 124662
72880 124662 144262
99708 9744 112114
9744 99708 112114
112114 9744 99708
84430 37333 96816
37333 84430 96816
96816 37333 84430
22355 51452 52207
52207 22355 51452
51452 22355 52207
83748 59049 142870
59049 83748 142870
142870 59049 83748
136933 68441 94723
68441 94723 136933
94723 68441 136933
129746 105948 110406
105948 110406 129746
110406 105948 129746
52485 4408 27784
4408 27784 52485
27784 4408 52485
69234 18508 146463
18508 69234 146463
146463 18508 69234
89180 140166 148637
140166 89180 148637
148637 89180 140166
30637 37687 86260
37687 30637 86260
86260 30637 37687
93355 61147 96417
96417 61147 93355
61147 93355 96417
48722 60752 89751
60752 48722 89751
89751 48722 60752
105841 30977 118461
118461 30977 105841
30977 105841 118461
9288 20468 146395
146395 9288 20468
20468 9288 146395
39340 51923 143442
51923 39340 143442
143442 39340 51923
91117 49181 122968
122968 49181 91117
49181 91117 122968
110161 15551 138160
15551 110161 138160
138160 15551 110161
135136 33832 114193
114193 33832 135136
33832 114193 135136
52863 43990 51638
51638 43990 52863
43990 51638 52863
2955 107167 126610
126610 2955 107167
107167 2955 126610
99290 12485 83435
83435 12485 99290
12485 83435 99290
1522 50681 149754
50681 1522 149754
149754 1522 50681
53792 26507 124876
124876 26507 53792
26507 53792 124876
38102 7122 24265
24265 7122 38102
7122 24265 38102
6729 133965 144273
144273 6729 133965
133965 6729 144273
123268 21328 33973
21328 33973 123268
33973 21328 123268
12683 89837 131033
89837 12683 131033
131033 12683 89837
69696 23903 142062
23903 69696 142062
142062 23903 69696
46690 151 11514
151 11514 46690
11514 151 46690
115209 19177 133842
133842 19177 115209
19177 115209 133842
91255 89607 132807
89607 91255 132807
132807 89607 91255
51068 19279 77428
77428 19279 51068
19279 51068 77428
90017 9645 52873
52873 9645 90017
9645 52873 90017
81323 58847 69948
58847 69948 81323
69948 58847 81323
72082 100265 108896
108896 72082 100265
100265 72082 108896
96118 45917 124788
45917 96118 124788
124788 45917 96118
103770 94310 113044
113044 94310 103770
94310 103770 113044
62346 41550 64135
41550 62346 64135
64135 41550 62346
34980 45773 85424
85424 34980 45773
45773 34980 85424
90898 78596 81522
78596 81522 90898
81522 78596 90898
54228 22266 82470
22266 54228 82470
82470 22266 54228
52862 62455 113797
113797 52862 62455
62455 52862 113797
109057 33616 49981
49981 33616 109057
33616 49981 109057
95031 26195 43333
26195 43333 95031
43333 26195 95031
79991 54932 72875
54932 72875 79991
72875 54932 79991
31289 25867 33705
25867 31289 33705
33705 25867 31289
124562 58024 74098
58024 74098 124562
74098 58024 124562
80208 27562 65215
65215 27562 80208
27562 65215 80208
12345 124405 148754
148754 12345 124405
124405 12345 148754
3995 89961 128781
89961 3995 128781
128781 3995 89961
23530 11447 48673
11447 23530 48673
48673 11447 23530
82651 111562 138615
138615 82651 111562
111562 82651 138615
33335 54092 59820
59820 33335 54092
54092 33335 59820
129576 23512 122337
122337 23512 129576
23512 122337 129576
99406 5415 115639
5415 99406 115639
115639 5415 99406
694 37581 116603
37581 694 116603
116603 694 37581
84283 22802 141197
141197 22802 84283
22802 84283 141197
144465 10970 118110
118110 10970 144465
10970 118110 144465
116160 142229 144765
144765 116160 142229
142229 116160 144765
144476 27898 84164
84164 27898 144476
27898 84164 144476
144445 20142 28817
20142 28817 144445
28817 20142 144445
114977 24902 85907
24902 85907 114977
85907 24902 114977
35679 66390 115792
66390 35679 115792
115792 35679 66390
137041 7792 48463
7792 48463 137041
48463 7792 137041
145471 9552 135692
9552 135692 145471
135692 9552 145471
84949 6267 112027
112027 6267 84949
6267 84949 112027
90178 3665 16112
3665 16112 90178
16112 3665 90178
42590 6843 41652
6843 41652 42590
41652 6843 42590
4947 10853 86887
10853 4947 86887
86887 4947 10853
66636 46161 90229
46161 66636 90229
90229 46161 66636
117524 108150 113320
113320 108150 117524
108150 113320 117524
64999 106467 122741
122741 64999 106467
106467 64999 122741
642 71012 119675
119675 642 71012
71012 642 119675
144771 71908 116579
116579 71908 144771
71908 116579 144771
17599 55189 84883
84883 17599 55189
55189 17599 84883
19880 41065 49742
41065 19880 49742
49742 19880 41065
62001 47607 94802
94802 47607 62001
47607 62001 94802
1342 25886 111999
25886 1342 111999
111999 1342 25886
31506 22902 143261
22902 31506 143261
143261 22902 31506
132996 51234 96661
96661 51234 132996
51234 96661 132996
139870 43713 96194
43713 96194 139870
96194 43713 139870
63069 56930 142169
56930 63069 142169
142169 56930 63069
127071 8451 82497
82497 8451 127071
8451 82497 127071
40036 53110 71047
53110 40036 71047
71047 40036 53110
68562 31273 130707
130707 31273 68562
31273 68562 130707
135104 17384 106830
17384 106830 135104
106830 17384 135104
82725 70533 92964
70533 82725 92964
92964 70533 82725
35712 75188 115169
115169 35712 75188
75188 35712 115169
17608 10675 40959
40959 10675 17608
10675 17608 40959
16539 121847 146027
146027 16539 121847
121847 16539 146027
110457 97448 123598
123598 97448 110457
97448 110457 123598
48510 24885 52548
52548 24885 48510
24885 48510 52548
108254 77824 107684
77824 107684 108254
107684 77824 108254
134136 77775 129170
129170 77775 134136
77775 129170 134136
117033 8208 102879
8208 102879 117033
102879 8208 117033
114115 44235 112047
112047 44235 114115
44235 112047 114115
133296 17144 66914
66914 17144 133296
17144 66914 133296
140434 69619 71279
71279 69619 140434
69619 71279 140434
94726 32265 143523
143523 32265 94726
32265 94726 143523
140075 7064 85636
7064 85636 140075
85636 7064 140075
10627 68140 124052
68140 10627 124052
124052 10627 68140
63333 55067 107203
107203 55067 63333
55067 63333 107203
107712 37361 115040
115040 37361 107712
37361 107712 115040
148155 105930 120154
105930 120154 148155
120154 105930 148155
90556 52149 139171
139171 52149 90556
52149 90556 139171
51043 19686 102358
19686 51043 102358
102358 19686 51043
20474 81659 140681
81659 20474 140681
140681 20474 81659
11481 22797 26093
26093 11481 22797
22797 11481 26093
88652 37776 104012
37776 88652 104012
104012 37776 88652
36867 48315 140678
140678 36867 48315
48315 36867 140678
92001 59128 123739
123739 59128 92001
59128 92001 123739
145380 43256 93949
43256 93949 145380
93949 43256 145380
109669 102265 107118
102265 107118 109669
107118 102265 109669
28315 105931 118849
118849 28315 105931
105931 28315 118849
138099 73403 91859
91859 73403 138099
73403 91859 138099
107618 77450 116598
77450 107618 116598
116598 77450 107618
71729 66701 83035
66701 71729 83035
83035 66701 71729
106088 61693 99435
61693 99435 106088
99435 61693 106088
48096 1008 145685
1008 48096 145685
145685 1008 48096
77705 55606 71317
55606 71317 77705
71317 55606 77705
22787 36921 89778
89778 22787 36921
36921 22787 89778
30897 46838 140261
140261 30897 46838
46838 30897 140261
4410 39950 93470
39950 4410 93470
93470 4410 39950
4972 11306 88329
88329 4972 11306
11306 4972 88329
145776 60039 111731
60039 111731 145776
111731 60039 145776
122881 46026 105099
46026 105099 122881
105099 46026 122881
1709 38347 91591
38347 1709 91591
91591 1709 38347
90773 111357 122602
111357 90773 122602
122602 90773 111357
74944 89738 138425
89738 74944 138425
138425 74944 89738
12660 38207 92342
92342 12660 38207
38207 12660 92342
552 134255 144713
144713 552 134255
134255 552 144713
97869 16987 60079
60079 16987 97869
16987 60079 97869
13444 41796 45793
41796 13444 45793
45793 13444 41796
32551 6540 12444
6540 12444 32551
12444 6540 32551
4374 35485 81429
35485 4374 81429
81429 4374 35485
129206 12223 88780
88780 12223 129206
12223 88780 129206
39940 71790 73414
71790 39940 73414
73414 39940 71790
5463 140927 147917
147917 5463 140927
140927 5463 147917
22634 18748 109456
18748 22634 109456
109456 18748 22634
125115 85083 87988
85083 87988 125115
87988 85083 125115
36642 29923 144183
29923 36642 144183
144183 29923 36642
50806 32081 47032
32081 47032 50806
47032 32081 50806
127810 97638 108764
108764 97638 127810
97638 108764 127810
34231 14828 85285
14828 34231 85285
85285 14828 34231
9745 95851 107385
107385 9745 95851
95851 9745 107385
19312 37716 122272
37716 19312 122272
122272 19312 37716
57951 5005 115537
5005 57951 115537
115537 5005 57951
93257 27669 51224
51224 27669 93257
27669 51224 93257
4593 56578 63444
56578 4593 63444
63444 4593 56578
22058 49650 109132
109132 22058 49650
49650 22058 109132
134119 71921 132357
132357 71921 134119
71921 132357 134119
99196 39953 114182
114182 39953 99196
39953 99196 114182
111893 90143 142802
142802 90143 111893
90143 111893 142802
104672 27321 28402
27321 28402 104672
28402 27321 104672
22644 134079 138804
138804 22644 134079
134079 22644 138804
54064 125255 140747
125255 54064 140747
140747 54064 125255
113968 35081 62331
35081 62331 113968
62331 35081 113968
75851 107852 117298
107852 75851 117298
117298 75851 107852
95129 25477 64879
25477 64879 95129
64879 25477 95129
44821 97418 119632
119632 44821 97418
97418 44821 119632
122409 24989 47983
24989 47983 122409
47983 24989 122409
134997 45242 92262
92262 45242 134997
45242 92262 134997
94667 31530 56794
56794 31530 94667
31530 56794 94667
14133 16328 140161
140161 14133 16328
16328 14133 140161
27969 99000 147203
147203 27969 99000
99000 27969 147203
58235 37102 57051
37102 57051 58235
57051 37102 58235
3765 33153 80351
33153 3765 80351
80351 3765 33153
103589 48205 65278
48205 65278 103589
65278 48205 103589
93970 17458 117671
117671 17458 93970
17458 93970 117671
10157 20782 129474
129474 10157 20782
20782 10157 129474
112688 146884 147765
147765 112688 146884
146884 112688 147765
43083 9215 120850
120850 9215 43083
9215 43083 120850
76478 38056 93494
38056 76478 93494
93494 38056 76478
55119 15770 53380
15770 53380 55119
53380 15770 55119
145768 110918 145499
145499 110918 145768
110918 145499 145768
136339 110565 131671
110565 131671 136339
131671 110565 136339
69772 4563 26150
26150 4563 69772
4563 26150 69772
12024 12981 131384
12981 12024 131384
131384 12024 12981
41450 99511 114311
99511 41450 114311
114311 41450 99511
52081 174 58875
58875 174 52081
174 52081 58875
52505 13402 124686
124686 13402 52505
13402 52505 124686
97490 47093 75484
75484 47093 97490
47093 75484 97490
123837 19628 83414
83414 19628 123837
19628 83414 123837
55662 52584 55225
55225 52584 55662
52584 55225 55662
53798 66011 85388
66011 53798 85388
85388 53798 66011
32113 3246 96655
96655 3246 32113
3246 32113 96655
13074 76524 104396
76524 13074 104396
104396 13074 76524
121584 2401 23226
2401 23226 121584
23226 2401 121584
27788 85246 103213
103213 27788 85246
85246 27788 103213
68284 8182 139298
139298 8182 68284
8182 68284 139298
479 59015 67774
59015 479 67774
67774 479 59015
106762 76106 79277
76106 79277 106762
79277 76106 106762
80529 18060 149021
149021 18060 80529
18060 80529 149021
11078 8903 29521
29521 8903 11078
8903 11078 29521
107567 50210 131848
50210 107567 131848
131848 50210 107567
69378 2851 42066
42066 2851 69378
2851 42066 69378
32722 16467 102730
16467 32722 102730
102730 16467 32722
131827 121816 145827
145827 121816 131827
121816 131827 145827
128475 32760 86529
32760 86529 128475
86529 32760 128475
35648 25455 120185
120185 25455 35648
25455 35648 120185
127465 107030 123171
123171 107030 127465
107030 123171 127465
92441 71055 106492
71055 92441 106492
106492 71055 92441
86989 109169 148110
109169 86989 148110
148110 86989 109169
122940 100723 121277
121277 100723 122940
100723 121277 122940
121848 6391 126200
126200 6391 121848
6391 121848 126200
84810 52723 138708
52723 84810 138708
138708 52723 84810
41557 98950 98976
98976 41557 98950
98950 41557 98976
77652 20810 54765
20810 54765 77652
54765 20810 77652
36606 8432 21616
8432 21616 36606
21616 8432 36606
133700 12058 74585
74585 12058 133700
12058 74585 133700
48600 3808 77140
3808 48600 77140
77140 3808 48600
93678 17558 33548
17558 33548 93678
33548 17558 93678
45767 95819 106132
106132 45767 95819
95819 45767 106132
64236 104940 112051
104940 64236 112051
112051 64236 104940
120210 84540 131625
131625 84540 120210
84540 120210 131625
29963 5845 122352
5845 29963 122352
122352 5845 29963
145451 10549 43122
43122 10549 145451
10549 43122 145451
143387 52436 129454
52436 129454 143387
129454 52436 143387
133981 45798 63484
63484 45798 133981
45798 63484 133981
5107 23488 120442
23488 5107 120442
120442 5107 23488
10900 10352 33555
10352 10900 33555
33555 10352 10900
111129 111738 115291
115291 111129 111738
111738 111129 115291
61024 9326 30086
9326 30086 61024
30086 9326 61024
122797 18422 70641
18422 70641 122797
70641 18422 122797
58044 54606 80041
80041 54606 58044
54606 58044 80041
5329 67217 67235
67217 5329 67235
67235 5329 67217
52499 7860 35421
7860 35421 52499
35421 7860 52499
94791 7698 54775
54775 7698 94791
7698 54775 94791
39684 39673 75854
39673 39684 75854
75854 39673 39684
68102 22496 129100
22496 68102 129100
129100 22496 68102
583 37957 69566
37957 583 69566
69566 583 37957
85237 113712 135854
113712 85237 135854
135854 85237 113712
11938 20652 33773
20652 11938 33773
33773 11938 20652
26857 112768 141151
112768 26857 141151
141151 26857 112768
123395 37544 139364
37544 123395 139364
139364 37544 123395
35340 110065 114945
110065 35340 114945
114945 35340 110065
76482 47979 118612
47979 76482 118612
118612 47979 76482
136885 10949 116958
10949 116958 136885
116958 10949 136885
31908 68552 116452
68552 31908 116452
116452 31908 68552
141077 12350 101610
101610 12350 141077
12350 101610 141077
99966 21989 46937
21989 46937 99966
46937 21989 99966
128720 21659 139556
21659 128720 139556
139556 21659 128720
92355 50481 115709
50481 92355 115709
115709 50481 92355
149470 3703 73695
3703 73695 149470
73695 3703 149470
98279 114681 116317
114681 98279 116317
116317 98279 114681
112000 63307 87598
63307 87598 112000
87598 63307 112000
2762 46335 111317
46335 2762 111317
111317 2762 46335
53247 7156 12072
7156 12072 53247
12072 7156 53247
4984 115833 122643
122643 4984 115833
115833 4984 122643
31947 50420 126179
126179 31947 50420
50420 31947 126179
130668 27823 144140
27823 130668 144140
144140 27823 130668
54608 31274 94525
31274 54608 94525
94525 31274 54608
26601 145408 148245
148245 26601 145408
145408 26601 148245
73600 66143 66489
66489 66143 73600
66143 66489 73600
6499 1130 17993
17993 1130 6499
1130 6499 17993
25290 27230 95868
95868 25290 27230
27230 25290 95868
18524 66229 114296
114296 18524 66229
66229 18524 114296
56917 55250 79821
79821 55250 56917
55250 56917 79821
4111 60089 89287
60089 4111 89287
89287 4111 60089
82163 18546 21656
21656 18546 82163
18546 21656 82163
5615 37791 70436
70436 5615 37791
37791 5615 70436
94561 97089 114989
114989 94561 97089
97089 94561 114989
90620 37035 85471
85471 37035 90620
37035 85471 90620
117780 3581 58509
3581 58509 117780
58509 3581 117780
137518 39828 102885
39828 102885 137518
102885 39828 137518
19318 18721 21705
21705 18721 19318
18721 19318 21705
134944 2911 144417
144417 2911 134944
2911 134944 144417
121016 40162 142625
142625 40162 121016
40162 121016 142625
7223 114937 142628
114937 7223 142628
142628 7223 114937
67607 67224 132706
132706 67224 67607
67224 67607 132706
34133 75578 147218
75578 34133 147218
147218 34133 75578
103829 25438 91310
91310 25438 103829
25438 91310 103829
126002 18133 67022
67022 18133 126002
18133 67022 126002
18243 37118 122289
122289 18243 37118
37118 18243 122289
58106 18967 135536
135536 18967 58106
18967 58106 135536
119429 5900 80309
5900 80309 119429
80309 5900 119429
143629 75843 82496
82496 75843 143629
75843 82496 143629
136689 17715 97437
17715 97437 136689
97437 17715 136689
4392 46281 84601
84601 4392 46281
46281 4392 84601
24783 63304 75245
75245 24783 63304
63304 24783 75245
90098 24024 46188
46188 24024 90098
24024 46188 90098
61149 7432 65288
7432 61149 65288
65288 7432 61149
61402 43118 110790
43118 61402 110790
110790 43118 61402
80902 42862 87524
87524 42862 80902
42862 80902 87524
16901 90547 126449
126449 16901 90547
90547 16901 126449
23491 106344 106491
106491 23491 106344
106344 23491 106491
120668 58324 130867
58324 120668 130867
130867 58324 120668
137032 9951 30669
9951 30669 137032
30669 9951 137032
138521 98671 104649
104649 98671 138521
98671 104649 138521
1657 18100 138632
18100 1657 138632
138632 1657 18100
79970 18976 59075
18976 59075 79970
59075 18976 79970
46898 24850 63486
24850 46898 63486
63486 24850 46898
138053 59231 109610
109610 59231 138053
59231 109610 138053
130356 87636 123506
87636 123506 130356
123506 87636 130356
149889 8186 94338
8186 94338 149889
94338 8186 149889
138441 8375 36630
36630 8375 138441
8375 36630 138441
72446 19620 89174
19620 72446 89174
89174 19620 72446
50076 64143 107877
107877 50076 64143
64143 50076 107877
33215 97389 100014
97389 33215 100014
100014 33215 97389
101188 94725 110866
110866 94725 101188
94725 101188 110866
9333 4256 55678
4256 9333 55678
55678 4256 9333
113337 54849 106636
106636 54849 113337
54849 106636 113337
7274 44085 54027
44085 7274 54027
54027 7274 44085
17755 44256 95968
44256 17755 95968
95968 17755 44256
118709 62157 135252
135252 62157 118709
62157 118709 135252
43896 11851 92458
11851 43896 92458
92458 11851 43896
62550 83777 89324
89324 62550 83777
83777 62550 89324
140838 102636 108844
102636 108844 140838
108844 102636 140838
28741 19669 52859
52859 19669 28741
19669 28741 52859
96522 32182 136530
136530 32182 96522
32182 96522 136530
17931 50789 70975
50789 17931 70975
70975 17931 50789
107494 45774 141775
141775 45774 107494
45774 107494 141775
87426 126670 143130
143130 87426 126670
126670 87426 143130
52750 7281 67784
7281 52750 67784
67784 7281 52750
124660 44533 147414
147414 44533 124660
44533 124660 147414
143156 16372 69890
69890 16372 143156
16372 69890 143156
1506 4180 141553
4180 1506 141553
141553 1506 4180
144550 76771 107058
107058 76771 144550
76771 107058 144550
69986 45876 95365
95365 45876 69986
45876 69986 95365
125420 80274 131719
131719 80274 125420
80274 125420 131719
58141 79813 123234
123234 58141 79813
79813 58141 123234
43069 72617 116165
116165 43069 72617
72617 43069 116165
126086 10817 66173
10817 66173 126086
66173 10817 126086
139916 133895 149194
133895 139916 149194
149194 133895 139916
15982 32092 107500
32092 15982 107500
107500 15982 32092
76571 66399 130750
66399 76571 130750
130750 66399 76571
117169 61573 147925
61573 117169 147925
147925 61573 117169
138101 122165 133285
122165 133285 138101
133285 122165 138101
137517 104704 114734
104704 114734 137517
114734 104704 137517
74631 75088 149919
149919 74631 75088
75088 74631 149919
52512 40849 125591
40849 52512 125591
125591 40849 52512
1581 114838 119411
114838 1581 119411
119411 1581 114838
71934 28426 137114
28426 71934 137114
137114 28426 71934
25969 62586 65393
62586 25969 65393
65393 25969 62586
5008 92274 137768
92274 5008 137768
137768 5008 92274
1005 27484 85370
85370 1005 27484
27484 1005 85370
99945 25551 46134
25551 46134 99945
46134 25551 99945
59532 108904 122245
108904 59532 122245
122245 59532 108904
73423 42381 97982
42381 73423 97982
97982 42381 73423
21169 10514 108696
10514 21169 108696
108696 10514 21169
26992 135165 149839
135165 26992 149839
149839 26992 135165
94884 116902 141189
141189 94884 116902
116902 94884 141189
136107 4585 144186
144186 4585 136107
4585 136107 144186
45328 79943 142105
79943 45328 142105
142105 45328 79943
13177 89716 128831
128831 13177 89716
89716 13177 128831
46328 81121 125518
81121 46328 125518
125518 46328 81121
123606 27148 32914
27148 32914 123606
32914 27148 123606
72824 103878 143057
143057 72824 103878
103878 72824 143057
131740 17946 39483
17946 39483 131740
39483 17946 131740
23235 14876 65317
65317 14876 23235
14876 23235 65317
123522 28333 30347
28333 30347 123522
30347 28333 123522
128567 29137 141721
29137 128567 141721
141721 29137 128567
22398 12502 25337
25337 12502 22398
12502 22398 25337
147010 111987 133168
133168 111987 147010
111987 133168 147010
107791 73901 114951
73901 107791 114951
114951 73901 107791
121488 60498 77330
60498 77330 121488
77330 60498 121488
7089 58478 132270
132270 7089 58478
58478 7089 132270
18152 62141 128306
128306 18152 62141
62141 18152 128306
144645 98126 149406
149406 98126 144645
98126 144645 149406
67855 61878 129958
61878 67855 129958
129958 61878 67855
84778 8160 66460
66460 8160 84778
8160 66460 84778
2871 26987 38816
26987 2871 38816
38816 2871 26987
129664 112946 114364
112946 114364 129664
114364 112946 129664
8490 3014 79614
79614 3014 8490
3014 8490 79614
96062 18247 106545
106545 18247 96062
18247 96062 106545
79632 70710 98054
98054 70710 79632
70710 79632 98054
35908 14773 87002
87002 14773 35908
14773 35908 87002
64082 126447 136340
136340 64082 126447
126447 64082 136340
25614 53920 130075
130075 25614 53920
53920 25614 130075
29757 5827 115185
5827 29757 115185
115185 5827 29757
113773 19676 94076
19676 94076 113773
94076 19676 113773
69460 17083 37322
17083 37322 69460
37322 17083 69460
118216 75630 116978
75630 116978 118216
116978 75630 118216
88224 11207 88250
11207 88224 88250
88250 11207 88224
146777 8258 149006
149006 8258 146777
8258 146777 149006
45284 102666 145324
102666 45284 145324
145324 45284 102666
87901 125562 126349
125562 87901 126349
126349 87901 125562
36220 70143 98007
70143 36220 98007
98007 36220 70143
9619 68201 125432
68201 9619 125432
125432 9619 68201
121486 82287 86627
82287 86627 121486
86627 82287 121486
89958 112710 143729
112710 89958 143729
143729 89958 112710
35452 107856 135470
107856 35452 135470
135470 35452 107856
77148 2070 105991
2070 77148 105991
105991 2070 77148
116438 97934 142493
97934 116438 142493
142493 97934 116438
25656 3931 138730
138730 3931 25656
3931 25656 138730
45831 9184 101550
101550 9184 45831
9184 45831 101550
134465 103509 120689
103509 120689 134465
120689 103509 134465
133780 14593 87677
14593 87677 133780
87677 14593 133780
125928 67609 81436
81436 67609 125928
67609 81436 125928
55986 93427 138759
93427 55986 138759
138759 55986 93427
29827 112696 139105
139105 29827 112696
112696 29827 139105
15670 30419 84791
30419 15670 84791
84791 15670 30419
27712 57097 67743
57097 27712 67743
67743 27712 57097
73265 6989 46046
6989 46046 73265
46046 6989 73265
57084 57921 101069
101069 57084 57921
57921 57084 101069
46273 23850 101072
23850 46273 101072
101072 23850 46273
136257 798 133775
798 133775 136257
133775 798 136257
810 98401 142604
142604 810 98401
98401 810 142604
96953 40449 93098
40449 93098 96953
93098 40449 96953
47788 104572 121197
104572 47788 121197
121197 47788 104572
109834 2707 121715
2707 109834 121715
121715 2707 109834
136111 91858 114103
91858 114103 136111
114103 91858 136111
97838 25824 68787
68787 25824 97838
25824 68787 97838
96188 25071 38567
38567 25071 96188
25071 38567 96188
62748 15408 101926
15408 62748 101926
101926 15408 62748
38439 95218 122436
95218 38439 122436
122436 38439 95218
94680 25457 56510
56510 25457 94680
25457 56510 94680
80925 96602 134752
96602 80925 134752
134752 80925 96602
77978 27533 126839
27533 77978 126839
126839 27533 77978
54170 34554 80555
34554 54170 80555
80555 34554 54170
76375 47535 140687
47535 76375 140687
140687 47535 76375
102854 12419 66787
66787 12419 102854
12419 66787 102854
139792 47903 115192
47903 115192 139792
115192 47903 139792
67961 84162 106060
106060 67961 84162
84162 67961 106060
30358 125359 136610
125359 30358 136610
136610 30358 125359
50653 30433 90653
90653 30433 50653
30433 50653 90653
103699 26395 117370
117370 26395 103699
26395 103699 117370
75380 50034 64227
64227 50034 75380
50034 64227 75380
27069 90058 139041
139041 27069 90058
90058 27069 139041
128796 26312 143964
143964 26312 128796
26312 128796 143964
32302 10570 65221
65221 10570 32302
10570 32302 65221
35018 19532 40695
40695 19532 35018
19532 35018 40695
53931 54161 132256
132256 53931 54161
54161 53931 132256
83462 38959 92779
38959 83462 92779
92779 38959 83462
63091 63983 82176
63983 63091 82176
82176 63091 63983
75733 105573 115946
105573 75733 115946
115946 75733 105573
115641 45952 82232
45952 82232 115641
82232 45952 115641
43081 66638 130409
130409 43081 66638
66638 43081 130409
21138 6293 72112
72112 6293 21138
6293 21138 72112
139702 13528 48087
13528 48087 139702
48087 13528 139702
117026 19001 93791
93791 19001 117026
19001 93791 117026
146830 13817 119853
13817 119853 146830
119853 13817 146830
119523 51342 131333
131333 51342 119523
51342 119523 131333
63170 101581 109564
109564 63170 101581
101581 63170 109564
129784 54757 103915
103915 54757 129784
54757 103915 129784
105585 54382 54822
54822 54382 105585
54382 54822 105585
48186 5470 40696
40696 5470 48186
5470 40696 48186
99982 17729 27023
27023 17729 99982
17729 27023 99982
87610 19895 59994
59994 19895 87610
19895 59994 87610
72856 76604 111752
111752 72856 76604
76604 72856 111752
118030 5701 98056
5701 98056 118030
98056 5701 118030
127692 8054 34334
34334 8054 127692
8054 34334 127692
32748 1025 75328
75328 1025 32748
1025 32748 75328
139312 8914 102937
102937 8914 139312
8914 102937 139312
19542 76796 102279
76796 19542 102279
102279 19542 76796
29244 23028 110906
23028 29244 110906
110906 23028 29244
126065 34597 59890
34597 59890 126065
59890 34597 126065
5742 98340 112719
98340 5742 112719
112719 5742 98340
11210 32780 83620
32780 11210 83620
83620 11210 32780
123259 26843 56022
26843 56022 123259
56022 26843 123259
140524 69788 111006
69788 111006 140524
111006 69788 140524
90293 105514 110168
110168 90293 105514
105514 90293 110168
26834 17185 149576
