7076 9569 11431
11431 7076 9569
9569 7076 11431
2058 7141 10211
10211 2058 7141
7141 2058 10211
4085 1711 1875
1875 1711 4085
1711 1875 4085
12093 11473 13824
11473 12093 13824
13824 11473 12093
12689 9875 14084
14084 9875 12689
9875 12689 14084
396 3390 9195
9195 396 3390
3390 396 9195
1745 13521 13809
13809 1745 13521
13521 1745 13809
1629 7401 10048
7401 1629 10048
10048 1629 7401
10127 2477 3979
2477 3979 10127
3979 2477 10127
10279 7295 13484
7295 10279 13484
13484 7295 10279
3001 1467 9354
1467 3001 9354
9354 1467 3001
6375 4606 11065
4606 6375 11065
11065 4606 6375
13203 4402 7917
7917 4402 13203
4402 7917 13203
6067 6755 10893
10893 6067 6755
6755 6067 10893
9192 6869 9977
6869 9192 9977
9977 6869 9192
126 7769 13145
7769 126 13145
13145 126 7769
12524 4399 4963
4963 4399 12524
4399 4963 12524
3309 5981 13508
5981 3309 13508
13508 3309 5981
14858 11519 12253
11519 12253 14858
12253 11519 14858
10408 6568 12177
12177 6568 10408
6568 10408 12177
14690 1548 13108
1548 13108 14690
13108 1548 14690
6981 6556 8397
6556 6981 8397
8397 6556 6981
11704 1507 2435
1507 2435 11704
2435 1507 11704
3968 5421 8582
8582 3968 5421
5421 3968 8582
3784 1975 11391
1975 3784 11391
11391 1975 3784
1323 6081 9339
9339 1323 6081
6081 1323 9339
1063 9716 10982
9716 1063 10982
10982 1063 9716
5004 5974 7681
5974 5004 7681
7681 5004 5974
7235 4649 14873
4649 7235 14873
14873 4649 7235
7853 5450 13284
5450 7853 13284
13284 5450 7853
1292 4937 14874
14874 1292 4937
4937 1292 14874
7591 6587 14769
14769 6587 7591
6587 7591 14769
8121 895 6802
6802 895 8121
895 6802 8121
5342 4083 5418
4083 5342 5418
5418 4083 5342
4052 4222 5281
4222 4052 5281
5281 4052 4222
225 3598 13157
3598 225 13157
13157 225 3598
11631 6089 9386
6089 9386 11631
9386 6089 11631
6870 11362 13768
13768 6870 11362
11362 6870 13768
3894 8905 13455
13455 3894 8905
8905 3894 13455
2034 2953 5586
2953 2034 5586
5586 2034 2953
11622 13 6250
13 6250 11622
6250 13 11622
5660 3969 7735
3969 5660 7735
7735 3969 5660
2378 5331 12826
5331 2378 12826
12826 2378 5331
7927 5124 11466
11466 5124 7927
5124 7927 11466
10356 8807 12243
8807 10356 12243
12243 8807 10356
2642 551 9672
9672 551 2642
551 2642 9672
12457 3099 14786
3099 12457 14786
14786 3099 12457
312 8991 12629
12629 312 8991
8991 312 12629
2267 1230 12910
1230 2267 12910
12910 1230 2267
1936 4686 11202
4686 1936 11202
11202 1936 4686
1407 1444 2309
1444 1407 2309
2309 1407 1444
10909 432 6169
6169 432 10909
432 6169 10909
6454 10481 10576
10481 6454 10576
10576 6454 10481
10852 3748 6323
6323 3748 10852
3748 6323 10852
8344 6413 10678
6413 8344 10678
10678 6413 8344
10345 1226 12414
12414 1226 10345
1226 10345 12414
12479 4362 7873
4362 7873 12479
7873 4362 12479
6469 5685 8565
8565 5685 6469
5685 6469 8565
4170 4325 6246
4325 4170 6246
6246 4170 4325
11126 3679 11689
3679 11126 11689
11689 3679 11126
6653 6499 14760
14760 6499 6653
6499 6653 14760
7364 8141 13638
8141 7364 13638
13638 7364 8141
3290 747 1603
747 1603 3290
1603 747 3290
14057 2551 9264
9264 2551 14057
2551 9264 14057
3705 4688 14800
14800 3705 4688
4688 3705 14800
14738 10331 11533
11533 10331 14738
10331 11533 14738
5372 4478 8712
8712 4478 5372
4478 5372 8712
455 1352 7666
7666 455 1352
1352 455 7666
9498 2554 11787
11787 2554 9498
2554 9498 11787
6886 8748 14588
8748 6886 14588
14588 6886 8748
14928 10964 11825
10964 11825 14928
11825 10964 14928
14416 13655 15000
13655 14416 15000
15000 13655 14416
7090 12465 14022
12465 7090 14022
14022 7090 12465
6745 3217 5079
5079 3217 6745
3217 5079 6745
4670 242 12283
242 4670 12283
12283 242 4670
1085 1999 14674
1999 1085 14674
14674 1085 1999
3875 1075 12182
12182 1075 3875
1075 3875 12182
13983 1558 4250
4250 1558 13983
1558 4250 13983
9337 10121 10446
10121 9337 10446
10446 9337 10121
728 11175 14091
14091 728 11175
11175 728 14091
3854 1255 12533
1255 3854 12533
12533 1255 3854
9662 6791 9696
9696 6791 9662
6791 9662 9696
6619 71 5131
71 5131 6619
5131 71 6619
6028 9362 13379
9362 6028 13379
13379 6028 9362
5491 414 5351
5351 414 5491
414 5351 5491
7658 6034 14705
14705 6034 7658
6034 7658 14705
14353 4181 11370
11370 4181 14353
4181 11370 14353
13516 2130 3156
3156 2130 13516
2130 3156 13516
11147 4733 9279
4733 9279 11147
9279 4733 11147
4036 4576 14177
4576 4036 14177
14177 4036 4576
9460 9895 10510
9895 9460 10510
10510 9460 9895
547 3185 11821
3185 547 11821
11821 547 3185
2624 772 3472
3472 772 2624
772 2624 3472
11053 9299 11907
11907 9299 11053
9299 11053 11907
12762 5091 11228
11228 5091 12762
5091 11228 12762
9243 11879 12518
11879 9243 12518
12518 9243 11879
8715 5753 12828
12828 5753 8715
5753 8715 12828
4692 7697 13574
7697 4692 13574
13574 4692 7697
9469 2502 4629
4629 2502 9469
2502 4629 9469
14505 3334 10433
3334 10433 14505
10433 3334 14505
9967 3441 4126
3441 4126 9967
4126 3441 9967
552 10928 11880
10928 552 11880
11880 552 10928
10522 3175 13689
3175 10522 13689
13689 3175 10522
2545 2515 7311
2515 2545 7311
7311 2515 2545
379 2807 4534
4534 379 2807
2807 379 4534
13776 7540 11184
11184 7540 13776
7540 11184 13776
10564 7460 12226
7460 10564 12226
12226 7460 10564
2564 2302 5869
5869 2302 2564
2302 2564 5869
10737 10150 13417
13417 10150 10737
10150 10737 13417
12744 8281 10389
8281 10389 12744
10389 8281 12744
14547 4196 13621
13621 4196 14547
4196 13621 14547
10530 13306 14703
13306 10530 14703
14703 10530 13306
9287 1024 4178
1024 4178 9287
4178 1024 9287
4841 6513 7686
7686 4841 6513
6513 4841 7686
13101 8913 10447
10447 8913 13101
8913 10447 13101
6980 6137 13558
13558 6137 6980
6137 6980 13558
3473 9130 10319
10319 3473 9130
9130 3473 10319
14065 6220 13742
13742 6220 14065
6220 13742 14065
3831 4531 5621
4531 3831 5621
5621 3831 4531
4820 7093 13460
13460 4820 7093
7093 4820 13460
14051 3489 8809
8809 3489 14051
3489 8809 14051
12981 4544 9316
4544 9316 12981
9316 4544 12981
12417 8444 10161
10161 8444 12417
8444 10161 12417
9488 1698 10521
10521 1698 9488
1698 9488 10521
2656 11796 13193
11796 2656 13193
13193 2656 11796
14214 5400 12279
5400 12279 14214
12279 5400 14214
8758 5640 13968
5640 8758 13968
13968 5640 8758
1021 2452 2951
2452 1021 2951
2951 1021 2452
4095 171 4135
4135 171 4095
171 4095 4135
6704 6623 11794
6623 6704 11794
11794 6623 6704
8984 2316 11710
11710 2316 8984
2316 8984 11710
51 10208 14200
14200 51 10208
10208 51 14200
1778 10368 13038
13038 1778 10368
10368 1778 13038
8044 1834 14081
14081 1834 8044
1834 8044 14081
2394 716 13911
716 2394 13911
13911 716 2394
5913 1190 14954
14954 1190 5913
1190 5913 14954
248 6788 10207
10207 248 6788
6788 248 10207
7699 6090 7079
7079 6090 7699
6090 7079 7699
4716 11741 12011
12011 4716 11741
11741 4716 12011
2246 5000 5080
5080 2246 5000
5000 2246 5080
1614 9937 11400
11400 1614 9937
9937 1614 11400
10625 2701 11117
2701 10625 11117
11117 2701 10625
14958 783 8077
783 8077 14958
8077 783 14958
10850 480 10183
480 10183 10850
10183 480 10850
1047 3400 12904
12904 1047 3400
3400 1047 12904
4637 10102 12267
10102 4637 12267
12267 4637 10102
4759 3432 9780
3432 4759 9780
9780 3432 4759
8139 10932 12504
10932 8139 12504
12504 8139 10932
14509 2137 10201
2137 10201 14509
10201 2137 14509
2343 10340 10514
10514 2343 10340
10340 2343 10514
2201 1148 6629
6629 1148 2201
1148 2201 6629
3555 12361 13774
12361 3555 13774
13774 3555 12361
1143 2362 5356
2362 1143 5356
5356 1143 2362
4301 4419 10397
10397 4301 4419
4419 4301 10397
789 1330 11781
11781 789 1330
1330 789 11781
4401 136 7677
7677 136 4401
136 4401 7677
828 12393 14064
12393 828 14064
14064 828 12393
11596 1384 8975
1384 8975 11596
8975 1384 11596
4388 4736 5772
5772 4388 4736
4736 4388 5772
9677 7623 9934
7623 9677 9934
9934 7623 9677
5476 2139 7211
7211 2139 5476
2139 5476 7211
4525 8624 9348
9348 4525 8624
8624 4525 9348
14983 4422 6252
6252 4422 14983
4422 6252 14983
8366 3096 5655
5655 3096 8366
3096 5655 8366
8395 7832 7907
7907 7832 8395
7832 7907 8395
6477 735 2028
735 2028 6477
2028 735 6477
8882 115 4274
4274 115 8882
115 4274 8882
14631 2257 3955
3955 2257 14631
2257 3955 14631
9291 6316 7177
6316 7177 9291
7177 6316 9291
10679 13139 14576
14576 10679 13139
13139 10679 14576
14879 4825 8555
4825 8555 14879
8555 4825 14879
4366 6478 14849
6478 4366 14849
14849 4366 6478
5189 9907 14557
14557 5189 9907
9907 5189 14557
5172 4000 8834
8834 4000 5172
4000 5172 8834
10672 3517 13082
3517 10672 13082
13082 3517 10672
14252 11584 14965
14965 11584 14252
11584 14252 14965
11207 6931 13323
13323 6931 11207
6931 11207 13323
4386 81 2108
81 2108 4386
2108 81 4386
5457 8698 13724
13724 5457 8698
8698 5457 13724
9140 4896 7856
7856 4896 9140
4896 7856 9140
14161 4138 9468
9468 4138 14161
4138 9468 14161
7467 6740 14033
14033 6740 7467
6740 7467 14033
7837 8198 13514
8198 7837 13514
13514 7837 8198
9682 6149 13852
13852 6149 9682
6149 9682 13852
12613 1928 14679
14679 1928 12613
1928 12613 14679
7888 4026 4221
4026 4221 7888
4221 4026 7888
4720 1136 8361
1136 4720 8361
8361 1136 4720
8289 10857 14126
10857 8289 14126
14126 8289 10857
6155 10746 14116
14116 6155 10746
10746 6155 14116
491 2060 11760
2060 491 11760
11760 491 2060
13659 8244 11328
8244 11328 13659
11328 8244 13659
11578 6793 14758
6793 11578 14758
14758 6793 11578
3631 4805 8543
4805 3631 8543
8543 3631 4805
9472 10146 13327
13327 9472 10146
10146 9472 13327
12406 6431 12767
12767 6431 12406
6431 12406 12767
10017 1208 8495
1208 8495 10017
8495 1208 10017
13501 9774 14770
14770 9774 13501
9774 13501 14770
13583 4695 12402
12402 4695 13583
4695 12402 13583
8740 9970 14099
9970 8740 14099
14099 8740 9970
5369 5147 12149
12149 5147 5369
5147 5369 12149
4049 56 5944
5944 56 4049
56 4049 5944
10889 10410 11521
11521 10410 10889
10410 10889 11521
3806 6256 9047
6256 3806 9047
9047 3806 6256
10600 4003 11657
4003 10600 11657
11657 4003 10600
2403 1 3669
1 2403 3669
3669 1 2403
7969 7000 10577
10577 7000 7969
7000 7969 10577
557 12542 13442
13442 557 12542
12542 557 13442
6386 27 6094
6094 27 6386
27 6094 6386
1611 12299 14862
12299 1611 14862
14862 1611 12299
13182 1223 11434
11434 1223 13182
1223 11434 13182
7524 9308 11709
11709 7524 9308
9308 7524 11709
14918 326 7127
326 7127 14918
7127 326 14918
11968 1689 4006
1689 4006 11968
4006 1689 11968
2537 7886 8318
8318 2537 7886
7886 2537 8318
5296 4657 9123
9123 4657 5296
4657 5296 9123
3838 11401 14028
14028 3838 11401
11401 3838 14028
13885 3170 7082
7082 3170 13885
3170 7082 13885
3365 1336 10322
10322 1336 3365
1336 3365 10322
10041 572 1544
572 1544 10041
1544 572 10041
11590 1186 13338
13338 1186 11590
1186 11590 13338
1986 10833 13181
10833 1986 13181
13181 1986 10833
1176 8176 11291
11291 1176 8176
8176 1176 11291
12862 2690 14427
14427 2690 12862
2690 12862 14427
6214 6276 6962
6276 6214 6962
6962 6214 6276
13840 952 3206
3206 952 13840
952 3206 13840
8522 9847 10122
9847 8522 10122
10122 8522 9847
11561 2379 14039
14039 2379 11561
2379 11561 14039
9191 8737 14003
8737 9191 14003
14003 8737 9191
14654 1212 2849
1212 2849 14654
2849 1212 14654
7202 4822 12156
4822 7202 12156
12156 4822 7202
3657 1167 1408
1408 1167 3657
1167 1408 3657
3029 3880 9477
9477 3029 3880
3880 3029 9477
13679 5862 12277
5862 12277 13679
12277 5862 13679
7739 3173 5716
5716 3173 7739
3173 5716 7739
5707 5452 8090
5452 5707 8090
8090 5452 5707
17 2572 3187
2572 17 3187
3187 17 2572
9944 2168 13940
13940 2168 9944
2168 9944 13940
13393 2447 3364
3364 2447 13393
2447 3364 13393
831 6007 9631
6007 831 9631
9631 831 6007
6932 10238 14263
10238 6932 14263
14263 6932 10238
946 5025 14429
5025 946 14429
14429 946 5025
14970 7512 11967
11967 7512 14970
7512 11967 14970
561 2860 13269
2860 561 13269
13269 561 2860
10690 12998 13169
13169 10690 12998
12998 10690 13169
14216 1295 10774
1295 10774 14216
10774 1295 14216
14560 1326 14919
14919 1326 14560
1326 14560 14919
3742 1235 11684
11684 1235 3742
1235 3742 11684
12123 1866 9088
9088 1866 12123
1866 9088 12123
1646 1762 11552
1762 1646 11552
11552 1646 1762
3074 2083 6976
2083 3074 6976
6976 2083 3074
8931 7106 7201
7201 7106 8931
7106 7201 8931
10106 2334 13044
13044 2334 10106
2334 10106 13044
3020 3814 13374
3814 3020 13374
13374 3020 3814
1769 4278 4983
4983 1769 4278
4278 1769 4983
12392 1519 6770
1519 6770 12392
6770 1519 12392
14596 47 8883
8883 47 14596
47 8883 14596
3616 7004 9891
7004 3616 9891
9891 3616 7004
3991 7320 11243
11243 3991 7320
7320 3991 11243
9892 1977 11221
1977 9892 11221
11221 1977 9892
4829 1856 14423
14423 1856 4829
1856 4829 14423
8757 3818 9714
3818 8757 9714
9714 3818 8757
1443 7635 11683
7635 1443 11683
11683 1443 7635
13843 10175 13895
10175 13843 13895
13895 10175 13843
1609 4581 14635
14635 1609 4581
4581 1609 14635
1218 1475 2675
1475 1218 2675
2675 1218 1475
12970 5841 9731
9731 5841 12970
5841 9731 12970
562 94 5562
5562 94 562
94 562 5562
548 5053 12154
12154 548 5053
5053 548 12154
2999 6210 14090
14090 2999 6210
6210 2999 14090
7954 3446 5746
5746 3446 7954
3446 5746 7954
13788 13966 14549
14549 13788 13966
13966 13788 14549
14647 9315 12725
9315 12725 14647
12725 9315 14647
8230 8203 10991
10991 8203 8230
8203 8230 10991
8762 7911 8625
8625 7911 8762
7911 8625 8762
11792 3837 6367
3837 6367 11792
6367 3837 11792
10185 256 11046
256 10185 11046
11046 256 10185
12663 998 2256
2256 998 12663
998 2256 12663
14512 9341 13426
9341 13426 14512
13426 9341 14512
6066 3732 7403
3732 6066 7403
7403 3732 6066
12259 4235 9752
9752 4235 12259
4235 9752 12259
488 9574 13090
13090 488 9574
9574 488 13090
4445 6314 14344
14344 4445 6314
6314 4445 14344
9578 428 9698
428 9578 9698
9698 428 9578
8564 10519 13413
13413 8564 10519
10519 8564 13413
8951 5426 14670
14670 5426 8951
5426 8951 14670
798 918 3344
918 798 3344
3344 798 918
4528 3301 4357
3301 4357 4528
4357 3301 4528
2428 8695 11413
11413 2428 8695
8695 2428 11413
13688 2109 4001
2109 4001 13688
4001 2109 13688
2044 2126 8146
8146 2044 2126
2126 2044 8146
11173 6580 6609
6609 6580 11173
6580 6609 11173
1917 7843 8390
8390 1917 7843
7843 1917 8390
8876 2484 3790
2484 3790 8876
3790 2484 8876
14942 3405 5642
3405 5642 14942
5642 3405 14942
7580 11031 12720
11031 7580 12720
12720 7580 11031
10739 4763 9604
9604 4763 10739
4763 9604 10739
478 7043 13218
7043 478 13218
13218 478 7043
2271 11240 12991
11240 2271 12991
12991 2271 11240
9990 3409 4620
3409 4620 9990
4620 3409 9990
7024 7963 14465
7963 7024 14465
14465 7024 7963
10076 632 12237
632 10076 12237
12237 632 10076
3179 13137 14722
13137 3179 14722
14722 3179 13137
11852 969 12358
969 11852 12358
12358 969 11852
14847 5864 10706
10706 5864 14847
5864 10706 14847
3007 9282 12548
9282 3007 12548
12548 3007 9282
1540 274 3050
274 1540 3050
3050 274 1540
4756 6290 8933
6290 4756 8933
8933 4756 6290
13222 143 11979
143 11979 13222
11979 143 13222
7693 8462 9972
9972 7693 8462
8462 7693 9972
14055 3317 4383
3317 4383 14055
4383 3317 14055
11407 8041 12647
12647 8041 11407
8041 11407 12647
1348 1325 5339
5339 1325 1348
1325 1348 5339
8210 6044 11699
11699 6044 8210
6044 8210 11699
9963 3115 4360
3115 4360 9963
4360 3115 9963
12451 6343 7144
6343 7144 12451
7144 6343 12451
10382 82 932
82 932 10382
932 82 10382
5408 9803 10980
9803 5408 10980
10980 5408 9803
8576 1175 9445
9445 1175 8576
1175 8576 9445
13019 6947 7385
7385 6947 13019
6947 7385 13019
1533 889 1981
889 1533 1981
1981 889 1533
3711 2265 13175
2265 3711 13175
13175 2265 3711
2731 3386 4213
3386 2731 4213
4213 2731 3386
8154 955 11688
11688 955 8154
955 8154 11688
11200 5836 6335
5836 6335 11200
6335 5836 11200
7417 4747 9734
9734 4747 7417
4747 7417 9734
3230 3148 9240
9240 3148 3230
3148 3230 9240
966 4043 8939
8939 966 4043
4043 966 8939
12528 5975 12138
12138 5975 12528
5975 12138 12528
12136 1663 6539
1663 6539 12136
6539 1663 12136
3763 3482 8918
3482 3763 8918
8918 3482 3763
6973 10512 10961
10512 6973 10961
10961 6973 10512
6347 3889 4317
4317 3889 6347
3889 4317 6347
13439 2416 6768
2416 6768 13439
6768 2416 13439
13280 5431 8469
8469 5431 13280
5431 8469 13280
12867 1391 9062
1391 9062 12867
9062 1391 12867
2989 7667 11897
11897 2989 7667
7667 2989 11897
5489 7078 13677
13677 5489 7078
7078 5489 13677
9221 5205 12129
5205 9221 12129
12129 5205 9221
7556 3842 5303
5303 3842 7556
3842 5303 7556
5188 2374 10212
2374 5188 10212
10212 2374 5188
1350 3214 6974
6974 1350 3214
3214 1350 6974
208 8810 14135
8810 208 14135
14135 208 8810
8535 3261 14627
14627 3261 8535
3261 8535 14627
13945 5119 10716
10716 5119 13945
5119 10716 13945
7291 8020 8765
8765 7291 8020
8020 7291 8765
13027 5441 11405
5441 11405 13027
11405 5441 13027
8321 6371 8967
8967 6371 8321
6371 8321 8967
6951 3905 4501
3905 4501 6951
4501 3905 6951
11518 4194 5454
5454 4194 11518
4194 5454 11518
33 287 13058
287 33 13058
13058 33 287
13192 938 9350
938 9350 13192
9350 938 13192
2024 8824 12692
8824 2024 12692
12692 2024 8824
10503 11482 13114
11482 10503 13114
13114 10503 11482
13059 77 1850
77 1850 13059
1850 77 13059
9563 930 5899
5899 930 9563
930 5899 9563
9028 2076 10366
10366 2076 9028
2076 9028 10366
9188 8694 8959
8694 8959 9188
8959 8694 9188
1279 2932 8207
2932 1279 8207
8207 1279 2932
7162 223 7437
7437 223 7162
223 7162 7437
7842 5019 12599
12599 5019 7842
5019 7842 12599
13654 4073 5870
4073 5870 13654
5870 4073 13654
9219 2078 2216
2216 2078 9219
2078 2216 9219
14694 4980 14813
14813 4980 14694
4980 14694 14813
1964 8461 14207
8461 1964 14207
14207 1964 8461
2505 4895 8153
8153 2505 4895
4895 2505 8153
1239 1490 13468
13468 1239 1490
1490 1239 13468
5692 10509 10566
10566 5692 10509
10509 5692 10566
1721 6804 12645
6804 1721 12645
12645 1721 6804
7972 197 13480
197 7972 13480
13480 197 7972
12566 2295 9884
2295 9884 12566
9884 2295 12566
8290 8057 8466
8466 8057 8290
8057 8290 8466
13459 271 7342
7342 271 13459
271 7342 13459
13141 2012 12012
12012 2012 13141
2012 12012 13141
218 10416 10872
10416 218 10872
10872 218 10416
1537 6071 14875
14875 1537 6071
6071 1537 14875
7532 2944 5225
2944 5225 7532
5225 2944 7532
5823 5574 9519
9519 5574 5823
5574 5823 9519
6261 7009 12962
7009 6261 12962
12962 6261 7009
5407 6774 11380
6774 5407 11380
11380 5407 6774
2087 6099 9304
9304 2087 6099
6099 2087 9304
8667 3042 11169
11169 3042 8667
3042 8667 11169
5289 7909 14832
14832 5289 7909
7909 5289 14832
5914 7919 8186
7919 5914 8186
8186 5914 7919
5075 1420 2937
1420 2937 5075
2937 1420 5075
12450 6281 10498
10498 6281 12450
6281 10498 12450
6160 5314 10474
10474 5314 6160
5314 6160 10474
6018 1920 10759
1920 6018 10759
10759 1920 6018
6165 6127 8202
8202 6127 6165
6127 6165 8202
7618 5081 14174
14174 5081 7618
5081 7618 14174
5086 6104 8130
8130 5086 6104
6104 5086 8130
13115 8084 13701
8084 13115 13701
13701 8084 13115
12880 2724 13155
2724 12880 13155
13155 2724 12880
13716 4133 12379
4133 12379 13716
12379 4133 13716
7485 2555 11587
2555 7485 11587
11587 2555 7485
13303 3990 13985
13985 3990 13303
3990 13303 13985
4808 2358 7862
7862 2358 4808
2358 4808 7862
8531 11813 14955
14955 8531 11813
11813 8531 14955
12747 11536 12128
11536 12128 12747
12128 11536 12747
12174 5827 13547
5827 12174 13547
13547 5827 12174
1357 6458 12412
12412 1357 6458
6458 1357 12412
11980 822 7587
7587 822 11980
822 7587 11980
5569 767 7391
7391 767 5569
767 5569 7391
11119 1463 13092
13092 1463 11119
1463 11119 13092
2826 683 14015
14015 683 2826
683 2826 14015
6444 9330 12480
12480 6444 9330
9330 6444 12480
4659 7222 8597
7222 4659 8597
8597 4659 7222
1442 5585 14387
14387 1442 5585
5585 1442 14387
4210 3887 6654
3887 4210 6654
6654 3887 4210
8467 3552 4397
4397 3552 8467
3552 4397 8467
13435 519 7672
519 7672 13435
7672 519 13435
10955 3737 9256
3737 9256 10955
9256 3737 10955
10094 3371 13868
13868 3371 10094
3371 10094 13868
4552 2084 3276
2084 3276 4552
3276 2084 4552
10113 1276 7430
1276 7430 10113
7430 1276 10113
3962 5600 14577
5600 3962 14577
14577 3962 5600
8387 8376 10673
8376 8387 10673
10673 8376 8387
13016 9732 10451
9732 10451 13016
10451 9732 13016
3652 2306 11535
11535 2306 3652
2306 3652 11535
6621 2067 13411
2067 6621 13411
13411 2067 6621
10040 7568 13525
7568 10040 13525
13525 7568 10040
4384 5733 14220
14220 4384 5733
5733 4384 14220
5628 2955 11623
11623 2955 5628
2955 5628 11623
3 4 7019
4 3 7019
7019 3 4
13242 6328 6934
6934 6328 13242
6328 6934 13242
9257 6544 8547
6544 8547 9257
8547 6544 9257
90 5760 7388
5760 90 7388
7388 90 5760
3947 7252 9019
9019 3947 7252
7252 3947 9019
2305 12577 13420
12577 2305 13420
13420 2305 12577
13959 8752 12712
12712 8752 13959
8752 12712 13959
4569 14248 14538
14538 4569 14248
14248 4569 14538
14816 4114 13091
13091 4114 14816
4114 13091 14816
8903 9835 14625
9835 8903 14625
14625 8903 9835
4237 9959 14069
14069 4237 9959
9959 4237 14069
776 5054 12410
12410 776 5054
5054 776 12410
11795 273 13112
13112 273 11795
273 11795 13112
4232 2220 3530
2220 3530 4232
3530 2220 4232
3590 617 10501
10501 617 3590
617 3590 10501
5016 7028 8654
7028 5016 8654
8654 5016 7028
303 12370 12371
12370 303 12371
12371 303 12370
8171 6461 9179
9179 6461 8171
6461 8171 9179
7432 3143 13148
3143 7432 13148
13148 3143 7432
901 9442 14240
9442 901 14240
14240 901 9442
12083 4323 7453
7453 4323 12083
4323 7453 12083
12995 2263 5252
5252 2263 12995
2263 5252 12995
4917 7544 11612
7544 4917 11612
11612 4917 7544
6393 6988 13539
6988 6393 13539
13539 6393 6988
10876 5136 12204
5136 10876 12204
12204 5136 10876
4707 3220 13502
13502 3220 4707
3220 4707 13502
979 80 12792
80 979 12792
12792 80 979
9984 1929 7510
1929 7510 9984
7510 1929 9984
9510 2118 7975
7975 2118 9510
2118 7975 9510
6166 10330 12400
12400 6166 10330
10330 6166 12400
9693 987 8574
987 8574 9693
8574 987 9693
3310 9038 10261
10261 3310 9038
9038 3310 10261
3966 14261 14417
14261 3966 14417
14417 3966 14261
6134 1601 4541
1601 4541 6134
4541 1601 6134
9648 6538 8635
6538 8635 9648
8635 6538 9648
6490 8336 14130
14130 6490 8336
8336 6490 14130
9649 6700 6801
6700 6801 9649
6801 6700 9649
12190 11415 14565
14565 11415 12190
11415 12190 14565
8103 654 6488
654 6488 8103
6488 654 8103
12231 124 3167
3167 124 12231
124 3167 12231
9431 7528 10874
7528 9431 10874
10874 7528 9431
11406 2905 12694
12694 2905 11406
2905 11406 12694
13013 1204 6339
1204 6339 13013
6339 1204 13013
6031 3490 6712
6712 3490 6031
3490 6031 6712
9200 3700 11805
11805 3700 9200
3700 9200 11805
10720 2816 12716
2816 10720 12716
12716 2816 10720
10620 1456 14835
1456 10620 14835
14835 1456 10620
11109 4449 9915
4449 9915 11109
9915 4449 11109
3316 2637 12407
12407 2637 3316
2637 3316 12407
2793 1634 2238
1634 2238 2793
2238 1634 2793
10313 6115 8766
8766 6115 10313
6115 8766 10313
4048 2245 10581
10581 2245 4048
2245 4048 10581
9581 1335 8165
1335 8165 9581
8165 1335 9581
1910 1160 6858
6858 1160 1910
1160 1910 6858
5113 9190 9653
9653 5113 9190
9190 5113 9653
1275 647 790
647 790 1275
790 647 1275
8908 2602 6762
6762 2602 8908
2602 6762 8908
5051 1831 2457
2457 1831 5051
1831 2457 5051
11541 3719 6257
3719 6257 11541
6257 3719 11541
10808 210 11134
11134 210 10808
210 10808 11134
1895 5842 6949
5842 1895 6949
6949 1895 5842
6719 4130 10166
4130 6719 10166
10166 4130 6719
7337 5223 11811
11811 5223 7337
5223 7337 11811
11397 1802 10325
10325 1802 11397
1802 10325 11397
754 6484 12930
12930 754 6484
6484 754 12930
13723 3444 6473
3444 6473 13723
6473 3444 13723
13011 2025 4455
2025 4455 13011
4455 2025 13011
10623 6943 10470
10470 6943 10623
6943 10470 10623
13760 13199 14185
13199 13760 14185
14185 13199 13760
7522 1003 7065
7065 1003 7522
1003 7065 7522
8138 7865 11894
11894 7865 8138
7865 8138 11894
3624 7335 9205
9205 3624 7335
7335 3624 9205
666 4610 7237
4610 666 7237
7237 666 4610
10733 9139 13921
13921 9139 10733
9139 10733 13921
4345 5676 8911
5676 4345 8911
8911 4345 5676
5164 3714 10069
10069 3714 5164
3714 5164 10069
2156 2211 5966
5966 2156 2211
2211 2156 5966
1765 3137 7921
3137 1765 7921
7921 1765 3137
8826 8285 8455
8455 8285 8826
8285 8455 8826
2733 266 7701
266 2733 7701
7701 266 2733
1635 7511 12350
7511 1635 12350
12350 1635 7511
6608 5202 10863
10863 5202 6608
5202 6608 10863
7223 2553 14034
14034 2553 7223
2553 7223 14034
4060 890 14314
890 4060 14314
14314 890 4060
283 7312 9870
7312 283 9870
9870 283 7312
12207 5718 6902
6902 5718 12207
5718 6902 12207
11416 232 12015
232 11416 12015
12015 232 11416
14681 2105 6308
2105 6308 14681
6308 2105 14681
14401 8322 8692
8322 8692 14401
8692 8322 14401
4758 1427 2056
2056 1427 4758
1427 2056 4758
14132 3132 10075
3132 10075 14132
10075 3132 14132
7121 755 14959
755 7121 14959
14959 755 7121
14259 1690 11726
11726 1690 14259
1690 11726 14259
4104 3648 9998
9998 3648 4104
3648 4104 9998
5986 8937 12677
12677 5986 8937
8937 5986 12677
8292 5672 5992
5672 5992 8292
5992 5672 8292
887 114 6068
114 887 6068
6068 114 887
3741 5693 13262
13262 3741 5693
5693 3741 13262
14098 2529 8963
2529 8963 14098
8963 2529 14098
3810 2312 14217
2312 3810 14217
14217 2312 3810
3777 10179 12882
12882 3777 10179
10179 3777 12882
13134 4522 7548
4522 7548 13134
7548 4522 13134
7526 4096 8956
8956 4096 7526
4096 7526 8956
10049 10338 10923
10923 10049 10338
10338 10049 10923
2842 2976 10020
10020 2842 2976
2976 2842 10020
9426 794 10388
794 9426 10388
10388 794 9426
9764 9360 12929
12929 9360 9764
9360 9764 12929
5218 3910 4039
3910 4039 5218
4039 3910 5218
12628 896 4650
896 4650 12628
4650 896 12628
3434 4416 14511
14511 3434 4416
4416 3434 14511
10563 9385 10568
10568 9385 10563
9385 10563 10568
9586 1128 10065
10065 1128 9586
1128 9586 10065
4668 1033 14119
1033 4668 14119
14119 1033 4668
14844 4888 12847
12847 4888 14844
4888 12847 14844
7500 3232 13375
3232 7500 13375
13375 3232 7500
12473 5404 10830
5404 10830 12473
10830 5404 12473
12185 5064 13314
5064 12185 13314
13314 5064 12185
6760 7752 10413
7752 6760 10413
10413 6760 7752
172 5324 14733
14733 172 5324
5324 172 14733
14168 7334 14501
14501 7334 14168
7334 14168 14501
703 2800 13073
13073 703 2800
2800 703 13073
10035 8157 12178
8157 10035 12178
12178 8157 10035
10671 5375 10333
5375 10333 10671
10333 5375 10671
5801 5430 10799
10799 5430 5801
5430 5801 10799
4908 8299 9614
9614 4908 8299
8299 4908 9614
12861 3970 4094
4094 3970 12861
3970 4094 12861
6892 9393 12131
9393 6892 12131
12131 6892 9393
6795 9435 13699
13699 6795 9435
9435 6795 13699
6679 4548 7870
7870 4548 6679
4548 6679 7870
2756 10378 11404
10378 2756 11404
11404 2756 10378
5922 12816 14031
14031 5922 12816
12816 5922 14031
6026 944 8283
8283 944 6026
944 6026 8283
14910 5060 10005
5060 10005 14910
10005 5060 14910
12084 4044 5432
5432 4044 12084
4044 5432 12084
2300 11447 12678
11447 2300 12678
12678 2300 11447
3896 833 11966
11966 833 3896
833 3896 11966
14287 7576 13691
13691 7576 14287
7576 13691 14287
6439 9831 10540
9831 6439 10540
10540 6439 9831
13696 4850 8891
8891 4850 13696
4850 8891 13696
12901 5166 14176
14176 5166 12901
5166 12901 14176
6808 4604 11960
11960 4604 6808
4604 6808 11960
12016 6077 9473
9473 6077 12016
6077 9473 12016
4142 24 2925
2925 24 4142
24 2925 4142
12060 252 10374
252 10374 12060
10374 252 12060
1753 1206 14397
14397 1206 1753
1206 1753 14397
4802 5367 13146
5367 4802 13146
13146 4802 5367
5090 1909 8837
1909 5090 8837
8837 1909 5090
11283 916 13409
13409 916 11283
916 11283 13409
8367 550 7860
550 7860 8367
7860 550 8367
7373 3774 13914
13914 3774 7373
3774 7373 13914
1098 3151 4180
3151 1098 4180
4180 1098 3151
13315 6853 8589
8589 6853 13315
6853 8589 13315
4832 5961 13963
5961 4832 13963
13963 4832 5961
5261 2064 12848
2064 5261 12848
12848 2064 5261
6006 10170 11018
10170 6006 11018
11018 6006 10170
10300 1939 5884
5884 1939 10300
1939 5884 10300
12377 7224 9826
9826 7224 12377
7224 9826 12377
5937 11304 14302
11304 5937 14302
14302 5937 11304
10022 4248 9335
4248 9335 10022
9335 4248 10022
1034 10930 13078
13078 1034 10930
10930 1034 13078
7105 802 7005
802 7005 7105
7005 802 7105
1480 1071 9592
1071 1480 9592
9592 1071 1480
7750 3629 14157
3629 7750 14157
14157 3629 7750
2062 4981 11551
11551 2062 4981
4981 2062 11551
2582 8454 11899
8454 2582 11899
11899 2582 8454
8631 9213 14728
14728 8631 9213
9213 8631 14728
5071 8763 13107
13107 5071 8763
8763 5071 13107
10527 3256 7706
7706 3256 10527
3256 7706 10527
813 4185 9414
4185 813 9414
9414 813 4185
3919 1448 7946
7946 1448 3919
1448 3919 7946
12298 4539 6620
6620 4539 12298
4539 6620 12298
6401 1379 6027
1379 6027 6401
6027 1379 6401
9636 1083 5446
1083 5446 9636
5446 1083 9636
8030 899 2462
899 2462 8030
2462 899 8030
9863 5341 8958
8958 5341 9863
5341 8958 9863
5519 3368 14184
14184 3368 5519
3368 5519 14184
8804 178 2507
178 2507 8804
2507 178 8804
558 3359 13666
13666 558 3359
3359 558 13666
3827 13775 13980
13775 3827 13980
13980 3827 13775
4081 4755 4787
4787 4081 4755
4755 4081 4787
13302 10117 13850
13850 10117 13302
10117 13302 13850
8542 742 4482
742 4482 8542
4482 742 8542
1718 10508 11271
10508 1718 11271
11271 1718 10508
8330 8601 14400
8601 8330 14400
14400 8330 8601
13370 3328 9493
9493 3328 13370
3328 9493 13370
1668 5774 6792
6792 1668 5774
5774 1668 6792
12627 1883 10697
10697 1883 12627
1883 10697 12627
9112 2310 9608
2310 9112 9608
9608 2310 9112
6989 9557 11210
11210 6989 9557
9557 6989 11210
11428 3266 11463
11463 3266 11428
3266 11428 11463
12301 8787 8960
8787 8960 12301
8960 8787 12301
2313 7448 14587
14587 2313 7448
7448 2313 14587
5908 5867 11858
5867 5908 11858
11858 5867 5908
5742 6615 9489
9489 5742 6615
6615 5742 9489
8404 7459 11776
7459 8404 11776
11776 7459 8404
700 8184 10861
8184 700 10861
10861 700 8184
5059 625 12530
625 5059 12530
12530 625 5059
360 3822 10920
10920 360 3822
3822 360 10920
13259 11462 14020
11462 13259 14020
14020 11462 13259
3075 10214 10588
10214 3075 10588
10588 3075 10214
13846 364 3839
3839 364 13846
364 3839 13846
13563 1656 7135
1656 7135 13563
7135 1656 13563
5816 7108 10770
10770 5816 7108
7108 5816 10770
1767 4635 10848
10848 1767 4635
4635 1767 10848
8188 4626 11118
11118 4626 8188
4626 8188 11118
3237 3026 10136
10136 3026 3237
3026 3237 10136
11076 10652 14371
10652 11076 14371
14371 10652 11076
121 3466 10699
10699 121 3466
3466 121 10699
14298 13904 14239
14239 13904 14298
13904 14239 14298
9397 6076 8400
6076 8400 9397
8400 6076 9397
12500 3047 4844
4844 3047 12500
3047 4844 12500
7383 2110 7382
2110 7382 7383
7382 2110 7383
14982 2207 10294
10294 2207 14982
2207 10294 14982
11687 6875 14463
14463 6875 11687
6875 11687 14463
532 5820 12493
5820 532 12493
12493 532 5820
6675 6600 9162
9162 6600 6675
6600 6675 9162
233 8921 10346
8921 233 10346
10346 233 8921
14908 5613 8641
5613 8641 14908
8641 5613 14908
14932 8475 11198
8475 11198 14932
11198 8475 14932
679 10883 12569
10883 679 12569
12569 679 10883
10954 2597 7054
7054 2597 10954
2597 7054 10954
6871 11448 13069
13069 6871 11448
11448 6871 13069
11958 8216 8655
8216 8655 11958
8655 8216 11958
14552 2225 12754
12754 2225 14552
2225 12754 14552
10735 977 9893
977 9893 10735
9893 977 10735
378 10316 13779
13779 378 10316
10316 378 13779
11703 285 8013
8013 285 11703
285 8013 11703
2117 3358 9535
9535 2117 3358
3358 2117 9535
10080 4201 6967
4201 6967 10080
6967 4201 10080
9645 4480 13956
4480 9645 13956
13956 4480 9645
3995 649 3234
649 3234 3995
3234 649 3995
3285 1514 6876
6876 1514 3285
1514 3285 6876
14779 5622 5999
5622 5999 14779
5999 5622 14779
9365 3953 11367
3953 9365 11367
11367 3953 9365
4166 1997 2798
2798 1997 4166
1997 2798 4166
9049 9394 10847
9394 9049 10847
10847 9049 9394
3280 13438 14905
14905 3280 13438
13438 3280 14905
10138 811 5221
5221 811 10138
811 5221 10138
5547 5337 13133
13133 5337 5547
5337 5547 13133
4152 4777 13712
4777 4152 13712
13712 4152 4777
14867 5632 13948
5632 13948 14867
13948 5632 14867
254 7534 8672
8672 254 7534
7534 254 8672
1484 2373 14938
2373 1484 14938
14938 1484 2373
2283 11701 13102
11701 2283 13102
13102 2283 11701
3199 2451 11386
2451 3199 11386
11386 2451 3199
13326 6263 13418
6263 13326 13418
13418 6263 13326
13829 2894 4849
2894 4849 13829
4849 2894 13829
10938 6930 10011
10011 6930 10938
6930 10011 10938
9843 7402 13510
13510 7402 9843
7402 9843 13510
14639 834 11662
11662 834 14639
834 11662 14639
14711 640 9366
9366 640 14711
640 9366 14711
8418 6879 11349
6879 8418 11349
11349 6879 8418
13546 3789 7010
7010 3789 13546
3789 7010 13546
3982 6993 9938
6993 3982 9938
9938 3982 6993
1493 4658 8670
4658 1493 8670
8670 1493 4658
7067 10822 14799
14799 7067 10822
10822 7067 14799
4577 7958 13648
7958 4577 13648
13648 4577 7958
5073 4394 13955
13955 4394 5073
4394 5073 13955
1788 10036 13116
10036 1788 13116
13116 1788 10036
11556 6590 13071
6590 11556 13071
13071 6590 11556
6807 5230 6498
6498 5230 6807
5230 6498 6807
4102 7676 14771
14771 4102 7676
7676 4102 14771
400 12337 12943
12943 400 12337
12337 400 12943
8256 2036 5328
5328 2036 8256
2036 5328 8256
3949 10281 12224
10281 3949 12224
12224 3949 10281
12496 111 9968
111 9968 12496
9968 111 12496
14288 337 9371
337 9371 14288
9371 337 14288
11296 1551 10686
10686 1551 11296
1551 10686 11296
11270 1874 6196
6196 1874 11270
1874 6196 11270
13540 1248 2402
2402 1248 13540
1248 2402 13540
10058 293 3291
293 3291 10058
3291 293 10058
9595 2875 10232
2875 9595 10232
10232 2875 9595
10834 6606 11692
6606 10834 11692
11692 6606 10834
2261 2882 13462
13462 2261 2882
2882 2261 13462
14593 4252 10335
4252 10335 14593
10335 4252 14593
13186 2644 6914
6914 2644 13186
2644 6914 13186
9793 4704 13062
13062 4704 9793
4704 9793 13062
8815 3882 9204
3882 8815 9204
9204 3882 8815
8272 2040 10027
2040 8272 10027
10027 2040 8272
12339 5265 10978
5265 10978 12339
10978 5265 12339
10692 9189 11579
9189 10692 11579
11579 9189 10692
10709 5458 14863
14863 5458 10709
5458 10709 14863
4148 2470 13827
13827 2470 4148
2470 4148 13827
5782 6635 12038
6635 5782 12038
12038 5782 6635
9441 2116 13028
2116 9441 13028
13028 2116 9441
11972 5730 5998
5730 5998 11972
5998 5730 11972
11083 49 14173
14173 49 11083
49 11083 14173
10009 10547 13507
10547 10009 13507
13507 10009 10547
2539 12071 14999
14999 2539 12071
12071 2539 14999
13960 4334 7945
4334 7945 13960
7945 4334 13960
3044 4151 10087
4151 3044 10087
10087 3044 4151
4344 1151 9759
1151 4344 9759
9759 1151 4344
11599 3841 10643
10643 3841 11599
3841 10643 11599
5140 1823 13971
1823 5140 13971
13971 1823 5140
11219 1271 8947
8947 1271 11219
1271 8947 11219
11708 7712 14043
14043 7712 11708
7712 11708 14043
9020 10381 10520
10381 9020 10520
10520 9020 10381
8016 12388 13652
13652 8016 12388
12388 8016 13652
10303 290 897
290 897 10303
897 290 10303
7416 1628 10957
1628 7416 10957
10957 1628 7416
11892 8380 13951
8380 11892 13951
13951 8380 11892
11772 4740 10495
10495 4740 11772
4740 10495 11772
10658 7405 11078
7405 10658 11078
11078 7405 10658
11593 3272 7331
7331 3272 11593
3272 7331 11593
14378 4251 10631
10631 4251 14378
4251 10631 14378
85 2692 4774
4774 85 2692
2692 85 4774
3756 1283 8378
1283 3756 8378
8378 1283 3756
5985 405 5159
405 5159 5985
5159 405 5985
13684 23 7300
23 7300 13684
7300 23 13684
10789 1803 6321
1803 6321 10789
6321 1803 10789
1862 6561 6738
6561 1862 6738
6738 1862 6561
11838 3036 12777
3036 11838 12777
12777 3036 11838
6605 763 14342
763 6605 14342
14342 763 6605
11293 5219 7112
5219 7112 11293
7112 5219 11293
8632 9533 11694
9533 8632 11694
11694 8632 9533
4817 11358 12125
12125 4817 11358
11358 4817 12125
4517 11371 13937
11371 4517 13937
13937 4517 11371
10467 2868 6904
6904 2868 10467
2868 6904 10467
2550 976 9497
976 2550 9497
9497 976 2550
4906 7444 13297
7444 4906 13297
13297 4906 7444
7374 3379 13653
3379 7374 13653
13653 3379 7374
6633 1740 11992
11992 1740 6633
1740 6633 11992
3190 147 5610
147 3190 5610
5610 147 3190
11284 3956 9986
3956 9986 11284
9986 3956 11284
6051 4694 12714
12714 4694 6051
4694 6051 12714
14809 1715 1784
1715 1784 14809
1784 1715 14809
5627 200 13897
13897 200 5627
200 5627 13897
429 7808 13083
13083 429 7808
7808 429 13083
8492 12623 14095
14095 8492 12623
12623 8492 14095
5398 5754 13544
5754 5398 13544
13544 5398 5754
1294 8791 11365
8791 1294 11365
11365 1294 8791
2135 1252 5417
5417 1252 2135
1252 2135 5417
3937 2865 8006
2865 3937 8006
8006 2865 3937
13600 5498 9152
5498 9152 13600
9152 5498 13600
934 8452 11788
11788 934 8452
8452 934 11788
11863 3145 13680
13680 3145 11863
3145 11863 13680
30 10037 14418
14418 30 10037
10037 30 14418
11111 1327 3952
3952 1327 11111
1327 3952 11111
382 2194 11815
11815 382 2194
2194 382 11815
2513 1782 8774
1782 2513 8774
8774 1782 2513
2830 7278 8549
7278 2830 8549
8549 2830 7278
8342 1213 12310
1213 8342 12310
12310 1213 8342
8405 1748 2981
2981 1748 8405
1748 2981 8405
9848 8045 9446
9446 8045 9848
8045 9446 9848
3731 1822 6298
1822 3731 6298
6298 1822 3731
9851 9612 14258
9612 9851 14258
14258 9612 9851
4160 3772 12485
3772 4160 12485
12485 3772 4160
13765 4285 5246
4285 5246 13765
5246 4285 13765
1792 13619 13740
13740 1792 13619
13619 1792 13740
12746 2581 8078
2581 8078 12746
8078 2581 12746
6689 2144 6796
6796 2144 6689
2144 6689 6796
2926 1263 7171
7171 1263 2926
1263 2926 7171
9726 1025 4340
1025 4340 9726
4340 1025 9726
10823 1362 13046
13046 1362 10823
1362 10823 13046
2114 7091 14301
14301 2114 7091
7091 2114 14301
11424 3687 9621
3687 9621 11424
9621 3687 11424
13352 10691 14354
10691 13352 14354
14354 10691 13352
4173 7979 8749
8749 4173 7979
7979 4173 8749
4145 11057 14570
14570 4145 11057
11057 4145 14570
5857 673 11829
11829 673 5857
673 5857 11829
12540 1018 10367
1018 10367 12540
10367 1018 12540
3381 11016 11908
11908 3381 11016
11016 3381 11908
11495 2308 4197
2308 4197 11495
4197 2308 11495
9639 6960 11524
11524 6960 9639
6960 9639 11524
383 2958 5563
5563 383 2958
2958 383 5563
9919 6450 10285
6450 9919 10285
10285 6450 9919
1193 4007 13075
4007 1193 13075
13075 1193 4007
10926 4967 12242
12242 4967 10926
4967 10926 12242
8220 385 10768
10768 385 8220
385 8220 10768
5070 7456 8273
8273 5070 7456
7456 5070 8273
8653 163 7930
163 7930 8653
7930 163 8653
3478 2853 13099
2853 3478 13099
13099 2853 3478
13629 1040 3524
1040 3524 13629
3524 1040 13629
4608 5536 7592
7592 4608 5536
5536 4608 7592
5695 10949 13081
13081 5695 10949
10949 5695 13081
14052 3646 14949
3646 14052 14949
14949 3646 14052
11392 4240 5525
4240 5525 11392
5525 4240 11392
13832 6443 9981
6443 9981 13832
9981 6443 13832
14391 1091 9547
9547 1091 14391
1091 9547 14391
11947 5750 9244
5750 9244 11947
9244 5750 11947
9114 2291 4184
4184 2291 9114
2291 4184 9114
9705 361 12356
361 9705 12356
12356 361 9705
5800 11883 12413
12413 5800 11883
11883 5800 12413
3630 3095 10853
10853 3095 3630
3095 3630 10853
9144 5895 13421
5895 9144 13421
13421 5895 9144
3284 1658 14997
1658 3284 14997
14997 1658 3284
67 7475 8257
8257 67 7475
7475 67 8257
12134 4537 10704
4537 10704 12134
10704 4537 12134
1238 309 4080
4080 309 1238
309 1238 4080
1873 6911 9528
6911 1873 9528
9528 1873 6911
12565 8060 13606
8060 12565 13606
13606 8060 12565
3105 6452 9390
6452 3105 9390
9390 3105 6452
1676 5335 6254
5335 1676 6254
6254 1676 5335
6421 5248 6915
6915 5248 6421
5248 6421 6915
12785 8775 12908
8775 12785 12908
12908 8775 12785
8994 4333 14507
4333 8994 14507
14507 4333 8994
4946 3526 9958
3526 4946 9958
9958 3526 4946
13457 651 8992
651 8992 13457
8992 651 13457
10795 8296 13339
13339 8296 10795
8296 10795 13339
14422 2952 13076
2952 13076 14422
13076 2952 14422
13104 11581 14630
14630 11581 13104
11581 13104 14630
12591 9833 11586
9833 11586 12591
11586 9833 12591
11501 9361 9810
9810 9361 11501
9361 9810 11501
9317 7217 11179
7217 9317 11179
11179 7217 9317
9011 1735 12239
1735 9011 12239
12239 1735 9011
5965 694 12258
12258 694 5965
694 5965 12258
12933 2900 12839
12839 2900 12933
2900 12839 12933
4105 14242 14553
14553 4105 14242
14242 4105 14553
1374 7729 13430
13430 1374 7729
7729 1374 13430
12049 14222 14686
14222 12049 14686
14686 12049 14222
14856 8930 9406
9406 8930 14856
8930 9406 14856
4188 2127 6387
2127 4188 6387
6387 2127 4188
8944 1086 4941
1086 4941 8944
4941 1086 8944
9770 5453 13260
13260 5453 9770
5453 9770 13260
13661 7282 9479
7282 9479 13661
9479 7282 13661
10632 4177 11107
11107 4177 10632
4177 10632 11107
11229 1429 9276
9276 1429 11229
1429 9276 11229
4696 2280 14392
14392 2280 4696
2280 4696 14392
10434 2730 10807
10807 2730 10434
2730 10434 10807
6435 2401 7191
2401 6435 7191
7191 2401 6435
13938 5629 9272
9272 5629 13938
5629 9272 13938
4092 2567 9987
