5240 9700 10316
10316 5240 9700
9700 5240 10316
2108 7397 12912
12912 2108 7397
7397 2108 12912
12793 531 8420
8420 531 12793
531 8420 12793
6432 6892 7371
7371 6432 6892
6892 6432 7371
12444 6935 14284
6935 12444 14284
14284 6935 12444
13966 2281 12349
2281 12349 13966
12349 2281 13966
2094 2053 8068
2053 2094 8068
8068 2053 2094
3826 3888 12916
3888 3826 12916
12916 3826 3888
12383 8004 11383
8004 11383 12383
11383 8004 12383
6929 11120 11370
11120 6929 11370
11370 6929 11120
2218 4853 11558
11558 2218 4853
4853 2218 11558
605 7522 11882
7522 605 11882
11882 605 7522
8076 2319 7949
2319 7949 8076
7949 2319 8076
13962 9279 10829
10829 9279 13962
9279 10829 13962
613 3354 12388
12388 613 3354
3354 613 12388
5848 2494 11788
11788 2494 5848
2494 5848 11788
6911 5826 9754
5826 6911 9754
9754 5826 6911
7774 2593 7136
2593 7136 7774
7136 2593 7774
5804 7104 10482
7104 5804 10482
10482 5804 7104
9280 5602 9861
5602 9280 9861
9861 5602 9280
6003 5676 9490
9490 5676 6003
5676 6003 9490
10396 3394 5642
5642 3394 10396
3394 5642 10396
14525 4639 11883
11883 4639 14525
4639 11883 14525
11560 2415 12688
2415 11560 12688
12688 2415 11560
5925 9192 10055
9192 5925 10055
10055 5925 9192
9423 3095 11773
11773 3095 9423
3095 9423 11773
812 950 11793
11793 812 950
950 812 11793
2299 2487 4052
4052 2299 2487
2487 2299 4052
4637 5706 8615
8615 4637 5706
5706 4637 8615
14958 11258 12567
11258 12567 14958
12567 11258 14958
4095 6789 14917
6789 4095 14917
14917 4095 6789
8231 136 13775
13775 136 8231
136 8231 13775
4092 1786 14017
1786 4092 14017
14017 1786 4092
11267 13313 14647
14647 11267 13313
13313 11267 14647
11372 974 3560
974 3560 11372
3560 974 11372
1077 6379 13787
13787 1077 6379
6379 1077 13787
6984 11965 13329
11965 6984 13329
13329 6984 11965
501 5411 13031
13031 501 5411
5411 501 13031
10863 657 11725
657 10863 11725
11725 657 10863
11537 10942 11766
10942 11537 11766
11766 10942 11537
13575 4554 5558
4554 5558 13575
5558 4554 13575
10343 11007 12400
12400 10343 11007
11007 10343 12400
7433 12087 13755
12087 7433 13755
13755 7433 12087
9025 8107 10360
10360 8107 9025
8107 9025 10360
6600 3607 9266
3607 6600 9266
9266 3607 6600
9832 6729 6857
6857 6729 9832
6729 6857 9832
10026 4739 9694
9694 4739 10026
4739 9694 10026
7416 4073 10415
10415 4073 7416
4073 7416 10415
14531 3212 4692
4692 3212 14531
3212 4692 14531
2495 987 12254
12254 987 2495
987 2495 12254
67 4007 7083
7083 67 4007
4007 67 7083
13425 1960 10578
10578 1960 13425
1960 10578 13425
8201 7930 13090
13090 7930 8201
7930 8201 13090
10400 8306 11745
11745 8306 10400
8306 10400 11745
4894 6512 13571
13571 4894 6512
6512 4894 13571
1264 3964 10747
3964 1264 10747
10747 1264 3964
5181 9725 12252
12252 5181 9725
9725 5181 12252
12952 8847 13948
13948 8847 12952
8847 12952 13948
13269 6222 12124
6222 12124 13269
12124 6222 13269
4791 13314 13585
13585 4791 13314
13314 4791 13585
4662 8098 14782
14782 4662 8098
8098 4662 14782
12557 11037 11591
11591 11037 12557
11037 11591 12557
1058 5419 8063
5419 1058 8063
8063 1058 5419
11249 13744 14541
14541 11249 13744
13744 11249 14541
12168 13580 13792
13580 12168 13792
13792 12168 13580
10891 7476 11189
11189 7476 10891
7476 10891 11189
7856 1334 6435
6435 1334 7856
1334 6435 7856
7615 3936 5256
5256 3936 7615
3936 5256 7615
607 419 14934
419 607 14934
14934 419 607
5934 6694 9305
6694 5934 9305
9305 5934 6694
7059 7631 14565
14565 7059 7631
7631 7059 14565
9678 1032 13373
1032 9678 13373
13373 1032 9678
10466 12372 13442
12372 10466 13442
13442 10466 12372
5976 9716 14063
14063 5976 9716
9716 5976 14063
6221 10730 13806
10730 6221 13806
13806 6221 10730
5734 1329 14441
14441 1329 5734
1329 5734 14441
6526 7073 14826
7073 6526 14826
14826 6526 7073
1266 3924 4617
3924 1266 4617
4617 1266 3924
10047 1883 1958
1883 1958 10047
1958 1883 10047
8953 6899 11152
6899 8953 11152
11152 6899 8953
686 1151 1841
1151 686 1841
1841 686 1151
14154 9996 12773
9996 12773 14154
12773 9996 14154
3278 2681 8052
2681 3278 8052
8052 2681 3278
6376 5200 10731
5200 6376 10731
10731 5200 6376
6754 5064 5261
5261 5064 6754
5064 5261 6754
3997 5367 14087
5367 3997 14087
14087 3997 5367
8811 768 4581
768 4581 8811
4581 768 8811
14961 7818 9797
7818 9797 14961
9797 7818 14961
1175 11039 14595
14595 1175 11039
11039 1175 14595
14371 2149 2900
2900 2149 14371
2149 2900 14371
5965 7261 13472
13472 5965 7261
7261 5965 13472
13046 1020 1243
1020 1243 13046
1243 1020 13046
1430 5854 13389
5854 1430 13389
13389 1430 5854
6210 7068 7790
7068 6210 7790
7790 6210 7068
4246 3789 13682
3789 4246 13682
13682 3789 4246
8099 1591 4684
4684 1591 8099
1591 4684 8099
5385 3361 11185
3361 5385 11185
11185 3361 5385
11099 10274 11870
10274 11099 11870
11870 10274 11099
14947 3985 8913
3985 8913 14947
8913 3985 14947
1383 5048 8089
8089 1383 5048
5048 1383 8089
6486 5434 8901
8901 5434 6486
5434 6486 8901
1797 961 2339
2339 961 1797
961 1797 2339
4238 1040 3475
3475 1040 4238
1040 3475 4238
4420 12561 13101
12561 4420 13101
13101 4420 12561
6938 2382 9668
9668 2382 6938
2382 6938 9668
384 2616 12033
2616 384 12033
12033 384 2616
11260 4567 7412
7412 4567 11260
4567 7412 11260
5265 7343 8968
7343 5265 8968
8968 5265 7343
12522 4045 13730
13730 4045 12522
4045 12522 13730
2646 171 12113
12113 171 2646
171 2646 12113
672 3372 13008
3372 672 13008
13008 672 3372
6123 1247 6890
1247 6123 6890
6890 1247 6123
5921 4494 7848
7848 4494 5921
4494 5921 7848
11736 685 7411
7411 685 11736
685 7411 11736
7591 7902 8841
7902 7591 8841
8841 7591 7902
1331 5051 5704
5704 1331 5051
5051 1331 5704
13627 7640 12164
12164 7640 13627
7640 12164 13627
8320 6528 13894
13894 6528 8320
6528 8320 13894
11993 4623 4972
4623 4972 11993
4972 4623 11993
13801 897 1178
897 1178 13801
1178 897 13801
3231 5594 13738
5594 3231 13738
13738 3231 5594
11879 2006 7463
7463 2006 11879
2006 7463 11879
9515 4200 8822
4200 8822 9515
8822 4200 9515
13940 3794 8957
3794 8957 13940
8957 3794 13940
10670 8958 12630
12630 8958 10670
8958 10670 12630
4618 7270 7968
7968 4618 7270
7270 4618 7968
13747 249 12385
12385 249 13747
249 12385 13747
13950 479 3362
479 3362 13950
3362 479 13950
14887 10757 13993
13993 10757 14887
10757 13993 14887
3788 4383 7814
4383 3788 7814
7814 3788 4383
8981 3368 11546
3368 8981 11546
11546 3368 8981
2151 1761 9203
1761 2151 9203
9203 1761 2151
3146 5600 10767
5600 3146 10767
10767 3146 5600
1305 3833 7297
7297 1305 3833
3833 1305 7297
5107 5360 8613
5360 5107 8613
8613 5107 5360
7995 454 5772
454 5772 7995
5772 454 7995
10604 4127 12366
12366 4127 10604
4127 10604 12366
11361 5437 12405
5437 11361 12405
12405 5437 11361
14131 4848 10587
4848 10587 14131
10587 4848 14131
9194 3239 11447
3239 9194 11447
11447 3239 9194
1632 5336 13813
13813 1632 5336
5336 1632 13813
9351 7131 7744
7131 7744 9351
7744 7131 9351
2455 5728 6365
6365 2455 5728
5728 2455 6365
13427 12172 14064
14064 12172 13427
12172 13427 14064
8651 9958 10950
9958 8651 10950
10950 8651 9958
7003 8769 9681
8769 7003 9681
9681 7003 8769
2703 591 7199
7199 591 2703
591 2703 7199
13159 2544 10906
2544 10906 13159
10906 2544 13159
13804 1580 3374
1580 3374 13804
3374 1580 13804
13402 208 5986
5986 208 13402
208 5986 13402
12923 3355 6061
3355 6061 12923
6061 3355 12923
564 5069 7092
7092 564 5069
5069 564 7092
13687 3153 11499
3153 11499 13687
11499 3153 13687
2313 11130 13921
11130 2313 13921
13921 2313 11130
13332 5646 12515
12515 5646 13332
5646 12515 13332
7918 1246 2238
1246 2238 7918
2238 1246 7918
9144 10235 11388
10235 9144 11388
11388 9144 10235
11500 496 4141
496 4141 11500
4141 496 11500
9422 7773 9205
7773 9205 9422
9205 7773 9422
9119 2065 11011
11011 2065 9119
2065 9119 11011
3163 9197 11362
9197 3163 11362
11362 3163 9197
7664 13994 14654
14654 7664 13994
13994 7664 14654
8815 4156 10744
10744 4156 8815
4156 8815 10744
8344 4183 9373
4183 8344 9373
9373 4183 8344
8983 3241 8377
3241 8377 8983
8377 3241 8983
6981 5135 5327
5327 5135 6981
5135 5327 6981
13956 957 10110
957 10110 13956
10110 957 13956
5572 8437 11333
8437 5572 11333
11333 5572 8437
2251 8230 9672
8230 2251 9672
9672 2251 8230
8867 3601 4723
3601 4723 8867
4723 3601 8867
5445 4287 11559
11559 4287 5445
4287 5445 11559
2208 5431 11752
11752 2208 5431
5431 2208 11752
10313 5583 7007
7007 5583 10313
5583 7007 10313
13843 4207 10616
10616 4207 13843
4207 10616 13843
7558 9291 14322
9291 7558 14322
14322 7558 9291
4180 11534 14796
11534 4180 14796
14796 4180 11534
3235 3549 7483
7483 3235 3549
3549 3235 7483
6972 8151 13878
8151 6972 13878
13878 6972 8151
8681 9590 13343
13343 8681 9590
9590 8681 13343
6909 3923 8232
3923 6909 8232
8232 3923 6909
12844 10584 12769
10584 12769 12844
12769 10584 12844
13597 914 10430
10430 914 13597
914 10430 13597
6767 4689 7325
4689 6767 7325
7325 4689 6767
11191 3424 14753
14753 3424 11191
3424 11191 14753
12233 5088 12485
12485 5088 12233
5088 12233 12485
6352 9242 13364
9242 6352 13364
13364 6352 9242
12219 802 3665
802 3665 12219
3665 802 12219
9085 8795 10640
8795 9085 10640
10640 8795 9085
12931 2559 2978
2559 2978 12931
2978 2559 12931
13011 775 4518
4518 775 13011
775 4518 13011
12716 11289 11829
11829 11289 12716
11289 11829 12716
21 10070 10417
10070 21 10417
10417 21 10070
6223 7312 10541
7312 6223 10541
10541 6223 7312
6834 3164 13715
3164 6834 13715
13715 3164 6834
3281 939 3721
3721 939 3281
939 3281 3721
13767 212 12468
212 12468 13767
12468 212 13767
8660 4663 13769
4663 8660 13769
13769 4663 8660
2859 2168 8124
2168 2859 8124
8124 2168 2859
14811 6479 12629
6479 12629 14811
12629 6479 14811
10143 3169 13146
3169 10143 13146
13146 3169 10143
2561 4254 5369
5369 2561 4254
4254 2561 5369
14722 1432 6313
6313 1432 14722
1432 6313 14722
10884 4437 14706
4437 10884 14706
14706 4437 10884
3564 3620 5364
3620 3564 5364
5364 3564 3620
1657 9941 10202
9941 1657 10202
10202 1657 9941
3495 10678 14718
14718 3495 10678
10678 3495 14718
10989 3166 7026
3166 7026 10989
7026 3166 10989
10242 7189 7601
7189 7601 10242
7601 7189 10242
2706 10713 12064
12064 2706 10713
10713 2706 12064
2093 2389 3213
2389 2093 3213
3213 2093 2389
14771 1301 14567
14567 1301 14771
1301 14567 14771
3662 11034 14379
14379 3662 11034
11034 3662 14379
14688 3159 10263
3159 10263 14688
10263 3159 14688
3418 9930 10808
10808 3418 9930
9930 3418 10808
14369 982 6069
6069 982 14369
982 6069 14369
5773 7310 7331
7331 5773 7310
7310 5773 7331
7361 5670 6259
5670 6259 7361
6259 5670 7361
1753 9028 9438
9028 1753 9438
9438 1753 9028
1866 4171 8184
8184 1866 4171
4171 1866 8184
12451 5408 13617
5408 12451 13617
13617 5408 12451
9821 1441 14317
14317 1441 9821
1441 9821 14317
11436 1824 11851
11851 1824 11436
1824 11436 11851
14709 11517 11842
11517 11842 14709
11842 11517 14709
12770 3299 8707
8707 3299 12770
3299 8707 12770
6514 1898 13647
1898 6514 13647
13647 1898 6514
3324 8996 10322
10322 3324 8996
8996 3324 10322
10982 4509 7423
4509 7423 10982
7423 4509 10982
7465 1116 11800
11800 1116 7465
1116 7465 11800
12494 2952 9895
2952 9895 12494
9895 2952 12494
2207 2993 10842
10842 2207 2993
2993 2207 10842
9031 4485 13072
13072 4485 9031
4485 9031 13072
6153 493 3868
3868 493 6153
493 3868 6153
9257 14035 14903
14903 9257 14035
14035 9257 14903
7629 13404 14090
13404 7629 14090
14090 7629 13404
735 11001 11319
11319 735 11001
11001 735 11319
8686 26 2482
26 2482 8686
2482 26 8686
7045 8289 9798
8289 7045 9798
9798 7045 8289
5689 5511 5970
5511 5689 5970
5970 5511 5689
6103 9343 10418
9343 6103 10418
10418 6103 9343
4018 663 11351
663 4018 11351
11351 663 4018
3439 664 14583
664 3439 14583
14583 664 3439
8430 2141 12502
12502 2141 8430
2141 8430 12502
6544 7408 11637
7408 6544 11637
11637 6544 7408
10342 1136 1741
1741 1136 10342
1136 1741 10342
13497 7600 14855
7600 13497 14855
14855 7600 13497
9758 2080 9898
2080 9758 9898
9898 2080 9758
14119 3020 7426
7426 3020 14119
3020 7426 14119
13981 5110 5912
5912 5110 13981
5110 5912 13981
9388 2638 8390
8390 2638 9388
2638 8390 9388
1024 3351 8999
8999 1024 3351
3351 1024 8999
12926 3198 11246
3198 11246 12926
11246 3198 12926
11862 6148 8514
8514 6148 11862
6148 8514 11862
10386 11242 11646
11646 10386 11242
11242 10386 11646
10138 9063 14613
9063 10138 14613
14613 9063 10138
9662 8337 14582
14582 8337 9662
8337 9662 14582
9271 2292 5620
2292 5620 9271
5620 2292 9271
8379 4212 5306
5306 4212 8379
4212 5306 8379
9482 5450 13683
5450 9482 13683
13683 5450 9482
1710 5942 8748
5942 1710 8748
8748 1710 5942
7441 2825 10087
2825 7441 10087
10087 2825 7441
14943 5441 9281
5441 9281 14943
9281 5441 14943
5459 5439 9011
5439 5459 9011
9011 5439 5459
14488 7552 11426
7552 11426 14488
11426 7552 14488
12285 6196 13765
13765 6196 12285
6196 12285 13765
3959 6310 9788
9788 3959 6310
6310 3959 9788
10900 8364 11433
11433 8364 10900
8364 10900 11433
3044 241 14297
14297 241 3044
241 3044 14297
11926 29 9968
29 9968 11926
9968 29 11926
5479 5161 14018
5161 5479 14018
14018 5161 5479
6831 40 8644
8644 40 6831
40 6831 8644
13042 10934 13246
13246 10934 13042
10934 13042 13246
3663 11868 12424
11868 3663 12424
12424 3663 11868
3939 666 3730
666 3730 3939
3730 666 3939
6558 1325 11283
11283 1325 6558
1325 6558 11283
3230 3405 10060
10060 3230 3405
3405 3230 10060
14846 8222 14431
8222 14431 14846
14431 8222 14846
793 3140 12872
3140 793 12872
12872 793 3140
968 10446 11220
10446 968 11220
11220 968 10446
14074 1765 5315
1765 5315 14074
5315 1765 14074
7850 1163 6104
1163 6104 7850
6104 1163 7850
13312 3024 4820
4820 3024 13312
3024 4820 13312
3598 6341 8963
6341 3598 8963
8963 3598 6341
5177 1945 3087
3087 1945 5177
1945 3087 5177
12378 4895 7477
7477 4895 12378
4895 7477 12378
3644 1837 12065
12065 1837 3644
1837 3644 12065
11266 3968 4958
4958 3968 11266
3968 4958 11266
7854 6001 8756
8756 6001 7854
6001 7854 8756
917 2126 12356
12356 917 2126
2126 917 12356
6036 5344 13253
13253 5344 6036
5344 6036 13253
8762 5193 10799
5193 8762 10799
10799 5193 8762
10739 1346 11165
11165 1346 10739
1346 10739 11165
8134 3646 6415
3646 6415 8134
6415 3646 8134
617 11469 12507
11469 617 12507
12507 617 11469
5563 10107 11583
10107 5563 11583
11583 5563 10107
11845 2233 12376
2233 11845 12376
12376 2233 11845
14676 1011 9051
9051 1011 14676
1011 9051 14676
12075 2896 4740
2896 4740 12075
4740 2896 12075
8606 8183 11127
11127 8183 8606
8183 8606 11127
4761 1970 3856
1970 3856 4761
3856 1970 4761
10239 781 7706
7706 781 10239
781 7706 10239
3861 4915 12897
4915 3861 12897
12897 3861 4915
11030 9068 12938
12938 9068 11030
9068 11030 12938
14338 930 4929
4929 930 14338
930 4929 14338
1828 1094 11522
11522 1094 1828
1094 1828 11522
10697 8501 11837
8501 10697 11837
11837 8501 10697
4302 1019 9935
1019 4302 9935
9935 1019 4302
4503 565 13414
565 4503 13414
13414 565 4503
1743 1686 14875
14875 1686 1743
1686 1743 14875
13263 1287 12071
1287 12071 13263
12071 1287 13263
1310 3437 4937
4937 1310 3437
3437 1310 4937
14101 9964 13490
9964 13490 14101
13490 9964 14101
2211 11651 14494
11651 2211 14494
14494 2211 11651
4191 279 2802
279 2802 4191
2802 279 4191
7924 1190 7051
7051 1190 7924
1190 7051 7924
14250 8930 9484
9484 8930 14250
8930 9484 14250
8239 7401 13530
13530 7401 8239
7401 8239 13530
13339 3255 6821
6821 3255 13339
3255 6821 13339
3245 2763 12061
2763 3245 12061
12061 2763 3245
3576 1093 12789
12789 1093 3576
1093 3576 12789
2603 1637 4533
4533 1637 2603
1637 2603 4533
13572 6034 14289
14289 6034 13572
6034 13572 14289
11278 3101 6396
3101 6396 11278
6396 3101 11278
12948 2043 7072
7072 2043 12948
2043 7072 12948
8751 3950 8697
8697 3950 8751
3950 8697 8751
5953 944 14215
14215 944 5953
944 5953 14215
7011 6828 10916
10916 6828 7011
6828 7011 10916
8635 2694 12086
2694 8635 12086
12086 2694 8635
2974 8826 11573
8826 2974 11573
11573 2974 8826
14534 7209 11934
11934 7209 14534
7209 11934 14534
13470 3958 4365
4365 3958 13470
3958 4365 13470
1364 5561 7609
5561 1364 7609
7609 1364 5561
14113 9012 12381
9012 12381 14113
12381 9012 14113
10508 4670 11218
4670 10508 11218
11218 4670 10508
10605 7333 12764
7333 10605 12764
12764 7333 10605
14959 4145 7890
4145 7890 14959
7890 4145 14959
798 5674 13383
13383 798 5674
5674 798 13383
12421 1174 6018
6018 1174 12421
1174 6018 12421
2550 4263 5573
4263 2550 5573
5573 2550 4263
4455 1092 4424
4424 1092 4455
1092 4424 4455
14544 1853 5271
1853 5271 14544
5271 1853 14544
3745 9391 13977
13977 3745 9391
9391 3745 13977
13991 8712 13098
8712 13098 13991
13098 8712 13991
5117 5295 8194
8194 5117 5295
5295 5117 8194
13400 418 7693
418 7693 13400
7693 418 13400
10394 4695 11033
4695 10394 11033
11033 4695 10394
12658 3446 4925
4925 3446 12658
3446 4925 12658
1216 7318 9912
7318 1216 9912
9912 1216 7318
12760 899 4115
899 4115 12760
4115 899 12760
4909 1484 10815
10815 1484 4909
1484 4909 10815
13865 9434 14670
14670 9434 13865
9434 13865 14670
2336 1390 10919
10919 1390 2336
1390 2336 10919
14772 1894 7546
1894 7546 14772
7546 1894 14772
11682 1166 3062
1166 3062 11682
3062 1166 11682
3013 615 2892
615 2892 3013
2892 615 3013
7948 884 2840
2840 884 7948
884 2840 7948
5274 3236 6260
3236 5274 6260
6260 3236 5274
14472 9005 10909
10909 9005 14472
9005 10909 14472
9885 3897 12435
3897 9885 12435
12435 3897 9885
2820 9053 14637
9053 2820 14637
14637 2820 9053
4078 10373 14605
10373 4078 14605
14605 4078 10373
3144 4086 8962
4086 3144 8962
8962 3144 4086
4228 1217 6378
6378 1217 4228
1217 4228 6378
14500 446 516
516 446 14500
446 516 14500
1693 6803 12575
12575 1693 6803
6803 1693 12575
1667 4784 7352
4784 1667 7352
7352 1667 4784
11173 5765 6575
6575 5765 11173
5765 6575 11173
8256 3079 7473
3079 7473 8256
7473 3079 8256
5732 5805 14418
5805 5732 14418
14418 5732 5805
9404 3319 13272
13272 3319 9404
3319 9404 13272
4560 597 6811
6811 597 4560
597 4560 6811
9421 6608 9644
6608 9421 9644
9644 6608 9421
1998 101 11820
101 1998 11820
11820 101 1998
3778 449 11633
449 3778 11633
11633 449 3778
4973 10367 14187
14187 4973 10367
10367 4973 14187
14323 1375 2991
1375 2991 14323
2991 1375 14323
748 8007 13871
8007 748 13871
13871 748 8007
8384 6371 9764
6371 8384 9764
9764 6371 8384
8202 3873 7266
3873 7266 8202
7266 3873 8202
12197 8398 14066
14066 8398 12197
8398 12197 14066
189 352 4962
352 189 4962
4962 189 352
11644 1578 3320
3320 1578 11644
1578 3320 11644
4050 5403 9951
5403 4050 9951
9951 4050 5403
9790 5198 12345
12345 5198 9790
5198 9790 12345
4021 6734 14054
14054 4021 6734
6734 4021 14054
10276 3203 9018
9018 3203 10276
3203 9018 10276
14470 4577 7027
7027 4577 14470
4577 7027 14470
4960 193 4153
4153 193 4960
193 4153 4960
4751 2264 12443
2264 4751 12443
12443 2264 4751
14206 8599 12479
12479 8599 14206
8599 12479 14206
5096 6215 10145
6215 5096 10145
10145 5096 6215
5093 2031 12639
2031 5093 12639
12639 2031 5093
8804 3258 10401
3258 8804 10401
10401 3258 8804
569 5521 9081
5521 569 9081
9081 569 5521
2988 2413 10203
10203 2413 2988
2413 2988 10203
10395 9368 9541
9541 9368 10395
9368 9541 10395
5653 8237 9877
8237 5653 9877
9877 5653 8237
3483 3951 12685
3951 3483 12685
12685 3483 3951
1385 8203 12726
8203 1385 12726
12726 1385 8203
8032 512 11935
11935 512 8032
512 8032 11935
11357 3816 7156
7156 3816 11357
3816 7156 11357
3583 1191 7984
1191 3583 7984
7984 1191 3583
5568 554 1483
554 1483 5568
1483 554 5568
940 5639 10227
10227 940 5639
5639 940 10227
9521 844 9170
9170 844 9521
844 9170 9521
14495 2279 12858
2279 12858 14495
12858 2279 14495
4812 11995 12023
12023 4812 11995
11995 4812 12023
2759 5225 8220
8220 2759 5225
5225 2759 8220
5559 1071 9312
1071 5559 9312
9312 1071 5559
13528 1669 3886
3886 1669 13528
1669 3886 13528
8803 320 8036
8036 320 8803
320 8036 8803
3458 3825 12474
3825 3458 12474
12474 3458 3825
1593 9990 11676
9990 1593 11676
11676 1593 9990
5652 3563 13420
3563 5652 13420
13420 3563 5652
6130 282 2582
2582 282 6130
282 2582 6130
9332 13304 14926
13304 9332 14926
14926 9332 13304
2618 1687 5857
5857 1687 2618
1687 2618 5857
7074 12656 14214
14214 7074 12656
12656 7074 14214
2422 3310 7100
3310 2422 7100
7100 2422 3310
10963 1600 6891
1600 6891 10963
6891 1600 10963
12524 4882 8704
4882 8704 12524
8704 4882 12524
1666 5283 6742
6742 1666 5283
5283 1666 6742
14456 2247 10458
10458 2247 14456
2247 10458 14456
11080 1437 1964
1964 1437 11080
1437 1964 11080
13668 1149 11532
1149 11532 13668
11532 1149 13668
5033 11061 13858
13858 5033 11061
11061 5033 13858
10803 10797 14318
10797 10803 14318
14318 10797 10803
3807 14290 14757
14757 3807 14290
14290 3807 14757
14615 8097 10693
10693 8097 14615
8097 10693 14615
2332 4371 11004
11004 2332 4371
4371 2332 11004
1963 4112 12747
12747 1963 4112
4112 1963 12747
6674 5252 9986
9986 5252 6674
5252 6674 9986
11541 7560 10255
10255 7560 11541
7560 10255 11541
11896 3867 10746
3867 10746 11896
10746 3867 11896
5932 6867 10067
6867 5932 10067
10067 5932 6867
38 5989 12597
12597 38 5989
5989 38 12597
10702 430 7658
7658 430 10702
430 7658 10702
3428 683 6049
683 3428 6049
6049 683 3428
13850 4634 13168
13168 4634 13850
4634 13168 13850
7933 468 8481
468 7933 8481
8481 468 7933
13170 2427 2966
2966 2427 13170
2427 2966 13170
12123 1566 13476
1566 12123 13476
13476 1566 12123
13615 5091 7373
7373 5091 13615
5091 7373 13615
10365 2239 4910
2239 4910 10365
4910 2239 10365
1044 1861 3507
1861 1044 3507
3507 1044 1861
381 3543 10189
10189 381 3543
3543 381 10189
10927 106 4057
4057 106 10927
106 4057 10927
9836 7702 8691
7702 8691 9836
8691 7702 9836
5851 2362 6602
2362 5851 6602
6602 2362 5851
14853 5748 9860
9860 5748 14853
5748 9860 14853
2829 2520 9016
9016 2520 2829
2520 2829 9016
12447 3946 6633
3946 6633 12447
6633 3946 12447
11570 3823 7115
7115 3823 11570
3823 7115 11570
5458 5825 7017
7017 5458 5825
5825 5458 7017
4918 2398 14395
14395 2398 4918
2398 4918 14395
13995 4165 13271
4165 13271 13995
13271 4165 13995
6926 843 11027
843 6926 11027
11027 843 6926
7379 266 2564
266 2564 7379
2564 266 7379
8116 8907 10649
10649 8116 8907
8907 8116 10649
13783 409 14080
409 13783 14080
14080 409 13783
7950 648 5796
5796 648 7950
648 5796 7950
12998 10692 12088
12088 10692 12998
10692 12088 12998
6446 4189 6900
4189 6446 6900
6900 4189 6446
11996 2204 11111
11111 2204 11996
2204 11111 11996
7149 9556 13971
9556 7149 13971
13971 7149 9556
8986 3887 9049
3887 8986 9049
9049 3887 8986
704 4098 14164
14164 704 4098
4098 704 14164
5368 1194 6402
1194 5368 6402
6402 1194 5368
4205 2049 11092
2049 4205 11092
11092 2049 4205
12549 1988 14209
1988 12549 14209
14209 1988 12549
13833 2275 4285
2275 4285 13833
4285 2275 13833
7110 298 12925
12925 298 7110
298 7110 12925
13062 11113 14669
11113 13062 14669
14669 11113 13062
8724 10686 13759
10686 8724 13759
13759 8724 10686
2122 7535 11456
11456 2122 7535
7535 2122 11456
307 7839 10497
10497 307 7839
7839 307 10497
13711 4841 8190
4841 8190 13711
8190 4841 13711
14357 8982 11616
8982 11616 14357
11616 8982 14357
12700 1098 10499
1098 10499 12700
10499 1098 12700
4309 9002 13021
9002 4309 13021
13021 4309 9002
13578 12006 13151
12006 13151 13578
13151 12006 13578
7888 5677 8039
8039 5677 7888
5677 7888 8039
8806 6522 10007
10007 6522 8806
6522 8806 10007
14046 5243 11138
11138 5243 14046
5243 11138 14046
2244 892 2775
892 2244 2775
2775 892 2244
8558 5392 14099
5392 8558 14099
14099 5392 8558
4377 9943 13261
13261 4377 9943
9943 4377 13261
9727 9232 10642
9232 9727 10642
10642 9232 9727
4801 7396 9812
7396 4801 9812
9812 4801 7396
5090 6965 7335
6965 5090 7335
7335 5090 6965
7511 1647 12386
1647 7511 12386
12386 1647 7511
4099 996 1210
1210 996 4099
996 1210 4099
10632 8351 12574
8351 10632 12574
12574 8351 10632
6590 3447 11195
3447 6590 11195
11195 3447 6590
6992 3162 11307
3162 6992 11307
11307 3162 6992
12152 4096 6989
4096 6989 12152
6989 4096 12152
5999 2868 14792
2868 5999 14792
14792 2868 5999
11112 1127 6775
1127 6775 11112
6775 1127 11112
6952 8534 14906
14906 6952 8534
8534 6952 14906
9104 6763 7998
6763 7998 9104
7998 6763 9104
12593 277 2730
277 2730 12593
2730 277 12593
7451 3769 9353
9353 3769 7451
3769 7451 9353
12759 4101 4621
4621 4101 12759
4101 4621 12759
1773 2197 7586
2197 1773 7586
7586 1773 2197
13210 1531 10931
10931 1531 13210
1531 10931 13210
9055 2671 3084
2671 3084 9055
3084 2671 9055
11579 10907 13435
10907 11579 13435
13435 10907 11579
8566 11547 12984
11547 8566 12984
12984 8566 11547
4182 3585 6065
3585 4182 6065
6065 3585 4182
12796 3993 13594
3993 12796 13594
13594 3993 12796
6939 3413 11335
11335 3413 6939
3413 6939 11335
3042 9811 11874
11874 3042 9811
9811 3042 11874
9321 1344 14601
14601 1344 9321
1344 9321 14601
3708 6643 11135
6643 3708 11135
11135 3708 6643
3515 4765 8948
8948 3515 4765
4765 3515 8948
1808 6716 13279
6716 1808 13279
13279 1808 6716
2135 1377 5918
5918 1377 2135
1377 2135 5918
4601 2732 8786
2732 4601 8786
8786 2732 4601
3521 8309 13266
8309 3521 13266
13266 3521 8309
7789 8106 12572
12572 7789 8106
8106 7789 12572
10286 1056 2376
1056 2376 10286
2376 1056 10286
2746 1806 9050
9050 1806 2746
1806 2746 9050
6248 3326 10521
3326 6248 10521
10521 3326 6248
299 6750 7956
6750 299 7956
7956 299 6750
8299 11083 13791
13791 8299 11083
11083 8299 13791
8950 9171 11181
9171 8950 11181
11181 8950 9171
9604 4490 9831
9831 4490 9604
4490 9604 9831
5171 5813 10515
5813 5171 10515
10515 5171 5813
9883 17 14577
14577 17 9883
17 9883 14577
11501 9329 9867
9329 9867 11501
9867 9329 11501
5224 6298 8965
8965 5224 6298
6298 5224 8965
12373 5771 13256
5771 12373 13256
13256 5771 12373
12986 3834 4431
3834 4431 12986
4431 3834 12986
2594 6496 7585
7585 2594 6496
6496 2594 7585
1548 1728 13426
13426 1548 1728
1728 1548 13426
11041 7720 11928
11928 7720 11041
7720 11041 11928
838 337 13387
13387 337 838
337 838 13387
9987 3222 6436
3222 6436 9987
6436 3222 9987
4974 2607 9760
2607 4974 9760
9760 2607 4974
14162 2700 6534
6534 2700 14162
2700 6534 14162
6467 6280 12029
6280 6467 12029
12029 6280 6467
3384 10237 10756
10756 3384 10237
10237 3384 10756
9079 10219 11197
11197 9079 10219
10219 9079 11197
8538 2929 9134
2929 8538 9134
9134 2929 8538
2980 11991 14682
14682 2980 11991
11991 2980 14682
2947 8853 14696
8853 2947 14696
14696 2947 8853
14662 4303 9206
4303 9206 14662
9206 4303 14662
1049 1900 14218
14218 1049 1900
1900 1049 14218
11366 5801 7685
7685 5801 11366
5801 7685 11366
11323 6606 14951
14951 6606 11323
6606 11323 14951
3933 3995 11794
3995 3933 11794
11794 3933 3995
13990 12682 13884
13884 12682 13990
12682 13884 13990
14862 108 3751
3751 108 14862
108 3751 14862
13349 357 434
357 434 13349
434 357 13349
13255 1948 10844
10844 1948 13255
1948 10844 13255
3852 1854 13875
1854 3852 13875
13875 1854 3852
12651 2856 12078
12078 2856 12651
2856 12078 12651
9276 3369 6807
6807 3369 9276
3369 6807 9276
2549 7736 10306
7736 2549 10306
10306 2549 7736
8649 6048 11592
6048 8649 11592
11592 6048 8649
9921 9746 12293
9746 9921 12293
12293 9746 9921
6832 224 14559
14559 224 6832
224 6832 14559
11297 4919 6982
4919 6982 11297
6982 4919 11297
236 2534 6029
2534 236 6029
6029 236 2534
14878 3464 6695
6695 3464 14878
3464 6695 14878
948 11464 14381
11464 948 14381
14381 948 11464
1895 9184 10105
10105 1895 9184
9184 1895 10105
3542 8560 13333
13333 3542 8560
8560 3542 13333
6157 5584 6976
6976 5584 6157
5584 6157 6976
3143 646 9268
9268 646 3143
646 3143 9268
10411 7058 10375
10375 7058 10411
7058 10375 10411
2630 3094 12114
12114 2630 3094
3094 2630 12114
7982 4233 14928
14928 4233 7982
4233 7982 14928
12317 5292 13929
5292 12317 13929
13929 5292 12317
8209 9774 10059
9774 8209 10059
10059 8209 9774
6576 165 451
165 451 6576
451 165 6576
462 3626 6062
6062 462 3626
3626 462 6062
1571 2316 5817
5817 1571 2316
2316 1571 5817
2195 7913 9408
7913 2195 9408
9408 2195 7913
13535 2867 11183
11183 2867 13535
2867 11183 13535
4059 1733 11875
1733 4059 11875
11875 1733 4059
9412 4640 11403
11403 4640 9412
4640 9412 11403
10791 3294 4676
4676 3294 10791
3294 4676 10791
178 570 980
980 178 570
570 178 980
9880 1860 11760
11760 1860 9880
1860 9880 11760
1848 5389 8310
8310 1848 5389
5389 1848 8310
814 2132 10593
10593 814 2132
2132 814 10593
2030 7337 11214
11214 2030 7337
7337 2030 11214
11987 3010 7386
3010 7386 11987
7386 3010 11987
1311 816 6273
6273 816 1311
816 1311 6273
14223 1493 6827
1493 6827 14223
6827 1493 14223
10132 2907 12937
2907 10132 12937
12937 2907 10132
4873 9901 14170
14170 4873 9901
9901 4873 14170
4317 13829 14109
14109 4317 13829
13829 4317 14109
6308 11435 11826
11826 6308 11435
11435 6308 11826
371 6187 8975
6187 371 8975
8975 371 6187
13676 3451 11533
11533 3451 13676
3451 11533 13676
2789 87 12488
12488 87 2789
87 2789 12488
7280 12621 13866
12621 7280 13866
13866 7280 12621
5111 1711 3902
3902 1711 5111
1711 3902 5111
2806 7251 12340
12340 2806 7251
7251 2806 12340
6921 2454 12390
12390 2454 6921
2454 6921 12390
13911 3071 10080
10080 3071 13911
3071 10080 13911
7178 6234 7551
7551 6234 7178
6234 7178 7551
10359 2687 13655
2687 10359 13655
13655 2687 10359
3927 1706 2781
2781 1706 3927
1706 2781 3927
11170 4884 5122
4884 5122 11170
5122 4884 11170
235 7166 8734
7166 235 8734
8734 235 7166
13330 1526 6738
1526 6738 13330
6738 1526 13330
2090 4885 10628
10628 2090 4885
4885 2090 10628
8562 8528 13305
13305 8528 8562
8528 8562 13305
11758 2303 8503
2303 8503 11758
8503 2303 11758
10754 4173 11221
11221 4173 10754
4173 10754 11221
2714 4883 5741
4883 2714 5741
5741 2714 4883
3983 5388 10220
10220 3983 5388
5388 3983 10220
7099 123 4439
4439 123 7099
123 4439 7099
10577 5962 6077
5962 6077 10577
6077 5962 10577
9047 1196 11822
1196 9047 11822
11822 1196 9047
5264 11556 12110
12110 5264 11556
11556 5264 12110
6149 4999 7897
7897 4999 6149
4999 6149 7897
2811 1406 14362
1406 2811 14362
14362 1406 2811
14179 9029 12496
9029 12496 14179
12496 9029 14179
3216 402 7113
402 3216 7113
7113 402 3216
88 1072 7448
7448 88 1072
1072 88 7448
9589 5030 11014
11014 5030 9589
5030 9589 11014
2728 3056 5644
3056 2728 5644
5644 2728 3056
3594 2142 14248
14248 2142 3594
2142 3594 14248
9259 4916 6207
6207 4916 9259
4916 6207 9259
8262 5383 6331
5383 6331 8262
6331 5383 8262
13903 175 9458
175 9458 13903
9458 175 13903
8619 7858 9103
7858 8619 9103
9103 7858 8619
8860 12870 14513
14513 8860 12870
12870 8860 14513
6239 1668 2156
2156 1668 6239
1668 2156 6239
14766 7450 14479
14479 7450 14766
7450 14479 14766
6096 4367 11017
4367 6096 11017
11017 4367 6096
12148 2897 14140
14140 2897 12148
2897 12148 14140
11815 6994 10256
10256 6994 11815
6994 10256 11815
11515 2453 13681
13681 2453 11515
2453 11515 13681
12598 1558 12112
12112 1558 12598
1558 12112 12598
6776 11196 14783
14783 6776 11196
11196 6776 14783
44 714 10881
714 44 10881
10881 44 714
11739 3478 4296
4296 3478 11739
3478 4296 11739
12300 573 4326
4326 573 12300
573 4326 12300
4591 1010 8628
1010 4591 8628
8628 1010 4591
14520 5349 10749
10749 5349 14520
5349 10749 14520
13056 5799 7091
7091 5799 13056
5799 7091 13056
10456 5242 11778
11778 5242 10456
5242 10456 11778
7519 1715 10119
10119 1715 7519
1715 7519 10119
8388 1498 7484
7484 1498 8388
1498 7484 8388
2034 4989 12674
12674 2034 4989
4989 2034 12674
14243 8544 11261
8544 11261 14243
11261 8544 14243
2456 2883 9507
2883 2456 9507
9507 2456 2883
8303 4835 5923
4835 5923 8303
5923 4835 8303
6208 2228 5815
2228 5815 6208
5815 2228 6208
2432 2597 14448
2597 2432 14448
14448 2432 2597
8261 1918 8347
8347 1918 8261
1918 8261 8347
12241 2788 9399
2788 9399 12241
9399 2788 12241
9776 1505 2757
1505 2757 9776
2757 1505 9776
6288 7935 10875
7935 6288 10875
10875 6288 7935
9389 6451 7494
6451 7494 9389
7494 6451 9389
3350 4952 5990
5990 3350 4952
4952 3350 5990
11145 1989 8439
8439 1989 11145
1989 8439 11145
4043 121 2855
121 2855 4043
2855 121 4043
13109 4930 9985
4930 9985 13109
9985 4930 13109
12426 5063 8149
8149 5063 12426
5063 8149 12426
13593 1489 6753
1489 6753 13593
6753 1489 13593
13487 1595 7611
1595 7611 13487
7611 1595 13487
14592 8402 13544
13544 8402 14592
8402 13544 14592
14498 52 2466
2466 52 14498
52 2466 14498
6363 469 9363
9363 469 6363
469 6363 9363
6411 5715 11636
11636 5715 6411
5715 6411 11636
7196 2637 7170
7170 2637 7196
2637 7170 7196
7742 3127 12454
12454 3127 7742
3127 7742 12454
1438 1908 2774
2774 1438 1908
1908 1438 2774
12579 10738 11413
10738 11413 12579
11413 10738 12579
1556 3157 14346
14346 1556 3157
3157 1556 14346
13243 5579 6163
5579 6163 13243
6163 5579 13243
12303 11658 13307
11658 12303 13307
13307 11658 12303
12910 8488 12817
8488 12817 12910
12817 8488 12910
14768 10212 12970
10212 12970 14768
12970 10212 14768
12576 4630 7945
4630 7945 12576
7945 4630 12576
6740 5155 9114
5155 6740 9114
9114 5155 6740
1684 149 5718
149 1684 5718
5718 149 1684
7561 278 4336
278 4336 7561
4336 278 7561
2595 318 5050
318 2595 5050
5050 318 2595
4409 2106 3073
2106 3073 4409
3073 2106 4409
2813 600 11459
11459 600 2813
600 2813 11459
2050 2402 4107
4107 2050 2402
2402 2050 4107
2749 7771 10626
7771 2749 10626
10626 2749 7771
25 1366 4661
1366 25 4661
4661 25 1366
14045 7625 14108
7625 14045 14108
14108 7625 14045
818 6256 10583
10583 818 6256
6256 818 10583
9748 2096 3501
2096 3501 9748
3501 2096 9748
4655 3896 11148
11148 3896 4655
3896 4655 11148
2546 6057 6511
6057 2546 6511
6511 2546 6057
10573 3712 6182
6182 3712 10573
3712 6182 10573
10930 9339 14930
14930 9339 10930
9339 10930 14930
13088 8849 12090
12090 8849 13088
8849 12090 13088
12309 5003 10782
10782 5003 12309
5003 10782 12309
13821 1767 8868
1767 8868 13821
8868 1767 13821
8005 4415 4913
4415 4913 8005
4913 4415 8005
12635 2145 12899
2145 12635 12899
12899 2145 12635
9633 3229 10669
3229 9633 10669
10669 3229 9633
6333 9213 12397
9213 6333 12397
12397 6333 9213
6251 11270 11691
11691 6251 11270
11270 6251 11691
10712 432 10781
10781 432 10712
432 10712 10781
1433 3046 4733
4733 1433 3046
3046 1433 4733
3702 466 10010
10010 466 3702
466 3702 10010
11250 2632 10997
2632 10997 11250
10997 2632 11250
6703 9710 13555
13555 6703 9710
9710 6703 13555
4009 3070 5398
5398 3070 4009
3070 4009 5398
9474 8312 10027
8312 9474 10027
10027 8312 9474
6066 201 933
933 201 6066
201 933 6066
75 7125 8188
7125 75 8188
8188 75 7125
14117 4746 14857
14857 4746 14117
4746 14117 14857
11601 1317 12281
1317 11601 12281
12281 1317 11601
5616 801 10929
10929 801 5616
801 5616 10929
3226 11206 14484
11206 3226 14484
14484 3226 11206
6326 9967 10653
10653 6326 9967
9967 6326 10653
9493 3822 7746
3822 7746 9493
7746 3822 9493
6638 4535 13003
4535 6638 13003
13003 4535 6638
5002 14133 14922
14133 5002 14922
14922 5002 14133
13768 2268 14554
14554 2268 13768
2268 13768 14554
11940 447 13670
447 11940 13670
13670 447 11940
4515 6710 12089
12089 4515 6710
6710 4515 12089
14041 8875 12869
8875 12869 14041
12869 8875 14041
2441 4131 10439
10439 2441 4131
4131 2441 10439
1673 4995 9190
9190 1673 4995
4995 1673 9190
10364 10262 11814
11814 10262 10364
10262 10364 11814
11881 7438 14003
14003 7438 11881
7438 11881 14003
12038 5013 10352
10352 5013 12038
5013 10352 12038
12070 2787 6559
6559 2787 12070
2787 6559 12070
14788 2130 12785
12785 2130 14788
2130 12785 14788
11828 5673 13231
13231 5673 11828
5673 11828 13231
2289 5798 7349
7349 2289 5798
5798 2289 7349
8258 1909 2585
1909 2585 8258
2585 1909 8258
10459 7427 7440
7427 7440 10459
7440 7427 10459
14081 4904 14981
4904 14081 14981
14981 4904 14081
9348 5080 14920
5080 9348 14920
14920 5080 9348
14004 5188 11079
11079 5188 14004
5188 11079 14004
5084 2558 13802
2558 5084 13802
13802 2558 5084
13825 1510 13126
13126 1510 13825
1510 13126 13825
6824 5436 12951
5436 6824 12951
12951 5436 6824
7400 7069 10273
10273 7069 7400
7069 7400 10273
5082 725 9137
9137 725 5082
725 5082 9137
7096 6870 10058
10058 6870 7096
6870 7096 10058
6614 8866 12927
8866 6614 12927
12927 6614 8866
14024 2306 3938
2306 3938 14024
3938 2306 14024
9338 4061 9425
9425 4061 9338
4061 9338 9425
4607 1328 1519
1519 1328 4607
1328 1519 4607
11161 6636 13264
6636 11161 13264
13264 6636 11161
9301 3815 7012
7012 3815 9301
3815 7012 9301
14749 4660 8356
4660 8356 14749
8356 4660 14749
3776 3661 3915
3661 3776 3915
3915 3661 3776
8003 147 13836
13836 147 8003
147 8003 13836
749 57 2521
57 749 2521
2521 57 749
8552 7022 7934
7934 7022 8552
7022 7934 8552
1644 1613 11093
1613 1644 11093
11093 1613 1644
11593 94 1469
1469 94 11593
94 1469 11593
14173 2136 13566
2136 13566 14173
13566 2136 14173
4434 9188 13284
13284 4434 9188
9188 4434 13284
1597 11605 13517
11605 1597 13517
13517 1597 11605
5086 3148 12208
3148 5086 12208
12208 3148 5086
2627 4690 9693
9693 2627 4690
4690 2627 9693
10447 4796 5560
5560 4796 10447
4796 5560 10447
11108 2543 13704
2543 11108 13704
13704 2543 11108
8218 860 4316
4316 860 8218
860 4316 8218
2035 5028 13751
13751 2035 5028
5028 2035 13751
7050 8212 14103
8212 7050 14103
14103 7050 8212
771 1990 14400
1990 771 14400
14400 771 1990
10257 4335 8378
4335 8378 10257
8378 4335 10257
6145 743 9949
743 6145 9949
9949 743 6145
12436 2344 12440
12440 2344 12436
2344 12436 12440
13551 9073 14247
14247 9073 13551
9073 13551 14247
14921 10471 14518
10471 14518 14921
14518 10471 14921
6851 1407 10961
10961 1407 6851
1407 6851 10961
14742 628 9671
628 9671 14742
9671 628 14742
7764 5794 14767
14767 5794 7764
5794 7764 14767
1552 1143 10448
10448 1143 1552
1143 1552 10448
11095 10129 14946
10129 11095 14946
14946 10129 11095
2082 1473 10819
10819 1473 2082
1473 2082 10819
407 4558 14458
14458 407 4558
4558 407 14458
5812 133 3911
133 3911 5812
3911 133 5812
14794 1381 4574
1381 4574 14794
4574 1381 14794
5339 6800 11262
11262 5339 6800
6800 5339 11262
8411 8764 14618
8764 8411 14618
14618 8411 8764
5191 5412 11607
5412 5191 11607
11607 5191 5412
7523 1746 8645
1746 7523 8645
8645 1746 7523
12850 342 14730
342 12850 14730
14730 342 12850
12742 794 1886
1886 794 12742
794 1886 12742
8655 5425 11818
11818 5425 8655
5425 8655 11818
2388 4137 13861
4137 2388 13861
13861 2388 4137
9875 5590 8652
8652 5590 9875
5590 8652 9875
3098 6887 11770
6887 3098 11770
11770 3098 6887
13372 9810 12518
9810 12518 13372
12518 9810 13372
209 635 7406
635 209 7406
7406 209 635
4713 9382 13695
9382 4713 13695
13695 4713 9382
4140 1373 4459
4459 1373 4140
1373 4140 4459
160 4224 10645
10645 160 4224
4224 160 10645
5922 5996 7588
5996 5922 7588
7588 5922 5996
9794 297 7029
297 7029 9794
7029 297 9794
47 194 7531
7531 47 194
194 47 7531
5501 6295 11857
6295 5501 11857
11857 5501 6295
2870 8108 9095
8108 2870 9095
9095 2870 8108
11563 188 13320
13320 188 11563
188 11563 13320
797 5217 10940
5217 797 10940
10940 797 5217
4398 3803 14105
3803 4398 14105
14105 3803 4398
8135 4206 14275
4206 8135 14275
14275 4206 8135
3522 2676 10495
10495 2676 3522
2676 3522 10495
13936 3949 13075
3949 13075 13936
13075 3949 13936
8264 2919 8286
8286 2919 8264
2919 8264 8286
5199 2100 11139
2100 5199 11139
11139 2100 5199
13941 11880 13717
13717 11880 13941
11880 13717 13941
11852 4453 14033
14033 4453 11852
4453 11852 14033
8016 5766 6782
6782 5766 8016
5766 6782 8016
6391 2960 4629
2960 4629 6391
4629 2960 6391
12355 13764 14806
14806 12355 13764
13764 12355 14806
1661 6677 10547
10547 1661 6677
6677 1661 10547
3681 7634 8132
7634 3681 8132
8132 3681 7634
339 4044 13495
4044 339 13495
13495 339 4044
1062 10553 13716
13716 1062 10553
10553 1062 13716
8348 14008 14461
14461 8348 14008
14008 8348 14461
11162 7518 10106
10106 7518 11162
7518 10106 11162
12904 10699 11718
10699 11718 12904
11718 10699 12904
10777 1598 10913
10913 1598 10777
1598 10777 10913
1981 5323 7875
5323 1981 7875
7875 1981 5323
11241 6319 12429
12429 6319 11241
6319 11241 12429
14052 10983 12902
10983 12902 14052
12902 10983 14052
14684 4400 5097
4400 5097 14684
5097 4400 14684
2994 11069 12779
11069 2994 12779
12779 2994 11069
185 9535 12868
12868 185 9535
9535 185 12868
6014 4957 10487
4957 6014 10487
10487 4957 6014
14904 10751 13405
10751 13405 14904
13405 10751 14904
7775 9643 12004
12004 7775 9643
9643 7775 12004
10762 6089 11643
11643 6089 10762
6089 10762 11643
10606 1181 10572
10572 1181 10606
1181 10572 10606
12457 12142 12196
12196 12142 12457
12142 12196 12457
11918 1337 14210
1337 11918 14210
14210 1337 11918
4549 12966 14409
12966 4549 14409
14409 4549 12966
2911 8861 10630
10630 2911 8861
8861 2911 10630
6996 10663 10859
10859 6996 10663
10663 6996 10859
4175 619 5791
5791 619 4175
619 4175 5791
9969 4274 7140
4274 7140 9969
7140 4274 9969
5397 4333 7606
7606 4333 5397
4333 5397 7606
