421 486 853
486 421 853
853 421 486
1416 1068 1379
1068 1379 1416
1379 1068 1416
118 563 1142
563 118 1142
1142 118 563
1060 247 1274
247 1060 1274
1274 247 1060
1040 831 845
831 845 1040
845 831 1040
240 232 455
232 240 455
455 232 240
506 502 546
502 506 546
546 502 506
956 303 516
303 516 956
516 303 956
1123 622 1481
622 1123 1481
1481 622 1123
308 452 791
791 308 452
452 308 791
277 426 1002
1002 277 426
426 277 1002
1398 36 214
36 214 1398
214 36 1398
1413 1184 1280
1280 1184 1413
1184 1280 1413
828 1347 1476
1347 828 1476
1476 828 1347
1028 462 810
810 462 1028
462 810 1028
450 22 172
22 172 450
172 22 450
144 315 1286
315 144 1286
1286 144 315
1132 958 1114
1114 958 1132
958 1114 1132
1235 1101 1273
1273 1101 1235
1101 1235 1273
191 573 1247
1247 191 573
573 191 1247
430 644 1482
644 430 1482
1482 430 644
108 20 1435
1435 20 108
20 108 1435
1049 852 1478
852 1049 1478
1478 852 1049
1445 556 1396
556 1396 1445
1396 556 1445
179 266 349
349 179 266
266 179 349
1048 9 1221
1221 9 1048
9 1048 1221
1451 6 229
229 6 1451
6 229 1451
711 475 1231
475 711 1231
1231 475 711
227 1032 1063
1063 227 1032
1032 227 1063
586 171 584
171 584 586
584 171 586
358 636 1193
1193 358 636
636 358 1193
550 44 784
44 550 784
784 44 550
375 281 657
657 281 375
281 375 657
1239 451 942
451 942 1239
942 451 1239
371 257 1029
1029 257 371
257 371 1029
864 682 1197
682 864 1197
1197 682 864
86 165 860
165 86 860
860 86 165
929 536 832
536 832 929
832 536 929
798 149 941
941 149 798
149 798 941
655 393 1027
393 655 1027
1027 393 655
387 147 383
147 383 387
383 147 387
707 224 1013
224 707 1013
1013 224 707
796 972 1208
972 796 1208
1208 796 972
906 760 1448
1448 760 906
760 906 1448
1169 139 1070
139 1070 1169
1070 139 1169
1203 1315 1443
1315 1203 1443
1443 1203 1315
1382 495 693
495 693 1382
693 495 1382
1425 288 380
288 380 1425
380 288 1425
1110 90 562
90 562 1110
562 90 1110
1376 253 458
458 253 1376
253 458 1376
882 460 488
488 460 882
460 488 882
105 487 1162
487 105 1162
1162 105 487
231 1062 1415
1415 231 1062
1062 231 1415
1488 385 1072
1072 385 1488
385 1072 1488
1094 17 1331
17 1094 1331
1331 17 1094
1465 520 1353
1353 520 1465
520 1353 1465
1480 386 1309
1309 386 1480
386 1309 1480
806 542 680
542 680 806
680 542 806
1372 1412 1422
1412 1372 1422
1422 1372 1412
1397 565 734
734 565 1397
565 734 1397
52 394 416
394 52 416
416 52 394
198 314 480
314 198 480
480 198 314
898 12 553
553 12 898
12 553 898
575 176 1022
176 575 1022
1022 176 575
808 55 1310
55 808 1310
1310 55 808
585 797 817
817 585 797
797 585 817
202 861 902
861 202 902
902 202 861
1303 890 907
907 890 1303
890 907 1303
1000 1017 1104
1104 1000 1017
1017 1000 1104
230 619 815
815 230 619
619 230 815
113 58 751
751 58 113
58 113 751
992 434 777
434 777 992
777 434 992
342 46 310
46 310 342
310 46 342
991 576 1479
1479 576 991
576 991 1479
963 620 1152
620 963 1152
1152 620 963
1240 407 685
685 407 1240
407 685 1240
1080 441 928
441 928 1080
928 441 1080
5 602 684
602 5 684
684 5 602
1195 1099 1334
1334 1099 1195
1099 1195 1334
739 244 1183
244 739 1183
1183 244 739
1421 1081 1471
1081 1421 1471
1471 1081 1421
54 961 967
967 54 961
961 54 967
1069 513 789
789 513 1069
513 789 1069
971 363 588
363 588 971
588 363 971
1364 609 960
960 609 1364
609 960 1364
1455 13 1158
1158 13 1455
13 1158 1455
24 1155 1381
1381 24 1155
1155 24 1381
1358 606 778
606 778 1358
778 606 1358
848 617 641
641 617 848
617 641 848
1089 282 345
345 282 1089
282 345 1089
1391 260 783
260 783 1391
783 260 1391
744 190 998
998 190 744
190 744 998
318 534 1444
1444 318 534
534 318 1444
543 1205 1346
1205 543 1346
1346 543 1205
1327 664 1144
1144 664 1327
664 1144 1327
908 663 1383
663 908 1383
1383 663 908
522 35 444
444 35 522
35 444 522
477 757 768
768 477 757
757 477 768
600 981 1045
1045 600 981
981 600 1045
764 406 1342
1342 406 764
406 764 1342
1173 339 1428
339 1173 1428
1428 339 1173
1241 618 750
618 750 1241
750 618 1241
939 206 1223
1223 206 939
206 939 1223
242 110 1252
1252 110 242
110 242 1252
535 813 1267
813 535 1267
1267 535 813
507 388 725
725 388 507
388 507 725
656 537 819
537 656 819
819 537 656
1067 148 304
148 304 1067
304 148 1067
652 184 187
184 187 652
187 184 652
1015 1329 1466
1466 1015 1329
1329 1015 1466
839 200 1410
200 839 1410
1410 200 839
703 338 1196
338 703 1196
1196 338 703
1075 970 1460
970 1075 1460
1460 970 1075
351 706 841
706 351 841
841 351 706
1179 101 360
360 101 1179
101 360 1179
645 646 842
842 645 646
646 645 842
225 481 1405
1405 225 481
481 225 1405
696 264 694
264 694 696
694 264 696
1025 317 1395
1395 317 1025
317 1025 1395
1336 551 1119
551 1119 1336
1119 551 1336
904 1390 1456
1456 904 1390
1390 904 1456
712 1199 1200
1200 712 1199
1199 712 1200
748 1018 1299
1299 748 1018
1018 748 1299
1180 11 1202
1202 11 1180
11 1180 1202
298 382 1339
382 298 1339
1339 298 382
218 18 464
464 18 218
18 218 464
213 767 779
779 213 767
767 213 779
807 736 1344
1344 736 807
736 807 1344
143 456 625
456 143 625
625 143 456
1458 1263 1304
1304 1263 1458
1263 1304 1458
999 219 1473
219 999 1473
1473 219 999
476 1064 1399
1064 476 1399
1399 476 1064
1378 623 1177
623 1177 1378
1177 623 1378
1496 145 925
145 925 1496
925 145 1496
1307 866 1321
866 1307 1321
1321 866 1307
1046 330 597
330 597 1046
597 330 1046
296 372 1245
372 296 1245
1245 296 372
1269 72 679
679 72 1269
72 679 1269
574 446 1154
1154 446 574
446 574 1154
1351 672 922
922 672 1351
672 922 1351
894 420 1009
420 894 1009
1009 420 894
886 466 1226
1226 466 886
466 886 1226
821 275 1058
275 821 1058
1058 275 821
723 485 965
965 485 723
485 723 965
437 63 653
63 437 653
653 63 437
85 211 1153
211 85 1153
1153 85 211
955 410 1039
410 955 1039
1039 410 955
1096 578 1016
578 1016 1096
1016 578 1096
1190 114 1368
114 1190 1368
1368 114 1190
604 687 823
687 604 823
823 604 687
1361 676 1120
1120 676 1361
676 1120 1361
1234 470 758
758 470 1234
470 758 1234
1411 325 887
887 325 1411
325 887 1411
829 404 1259
404 829 1259
1259 404 829
631 299 376
299 376 631
376 299 631
42 528 1053
528 42 1053
1053 42 528
937 1077 1384
1384 937 1077
1077 937 1384
615 96 478
96 478 615
478 96 615
1366 68 293
293 68 1366
68 293 1366
119 1133 1431
1431 119 1133
1133 119 1431
1151 702 1248
702 1151 1248
1248 702 1151
226 431 1450
431 226 1450
1450 226 431
720 237 409
409 237 720
237 409 720
33 737 1140
737 33 1140
1140 33 737
962 753 1316
753 962 1316
1316 753 962
62 210 1233
1233 62 210
210 62 1233
1420 583 1215
583 1215 1420
1215 583 1420
491 952 1211
1211 491 952
952 491 1211
1472 29 1454
1454 29 1472
29 1454 1472
1156 25 1409
1409 25 1156
25 1156 1409
1187 876 1185
876 1185 1187
1185 876 1187
716 1083 1499
1499 716 1083
1083 716 1499
1216 651 895
651 895 1216
895 651 1216
893 432 944
432 893 944
944 432 893
23 785 1037
785 23 1037
1037 23 785
1254 442 1279
442 1254 1279
1279 442 1254
1087 766 1288
1288 766 1087
766 1087 1288
243 175 800
800 175 243
175 243 800
1242 1076 1098
1098 1076 1242
1076 1098 1242
1426 4 112
112 4 1426
4 112 1426
381 964 1071
964 381 1071
1071 381 964
136 855 1143
1143 136 855
855 136 1143
195 717 930
717 195 930
930 195 717
1109 880 1281
880 1109 1281
1281 880 1109
246 691 1289
691 246 1289
1289 246 691
103 678 1305
678 103 1305
1305 103 678
92 137 1042
1042 92 137
137 92 1042
492 115 658
658 115 492
115 492 658
377 235 408
235 377 408
408 235 377
994 164 932
932 164 994
164 932 994
988 319 1218
319 988 1218
1218 319 988
270 153 582
582 153 270
153 270 582
146 439 949
439 146 949
949 146 439
1061 249 340
249 340 1061
340 249 1061
1010 69 99
99 69 1010
69 99 1010
1122 290 603
603 290 1122
290 603 1122
846 223 1090
1090 223 846
223 846 1090
465 1230 1417
1230 465 1417
1417 465 1230
269 1129 1131
1129 269 1131
1131 269 1129
311 221 1141
1141 221 311
221 311 1141
732 166 903
903 166 732
166 732 903
1404 474 1128
1128 474 1404
474 1128 1404
31 366 673
673 31 366
366 31 673
120 126 756
756 120 126
126 120 756
986 826 1194
1194 826 986
826 986 1194
188 109 733
109 188 733
733 109 188
180 593 1137
593 180 1137
1137 180 593
1324 571 743
743 571 1324
571 743 1324
1139 529 987
987 529 1139
529 987 1139
1038 354 686
686 354 1038
354 686 1038
761 43 730
43 730 761
730 43 761
1374 1298 1314
1314 1298 1374
1298 1314 1374
208 334 740
334 208 740
740 208 334
135 448 1260
1260 135 448
448 135 1260
1019 215 494
215 494 1019
494 215 1019
427 497 901
901 427 497
497 427 901
700 93 440
440 93 700
93 440 700
1186 469 874
469 874 1186
874 469 1186
982 98 873
873 98 982
98 873 982
405 577 805
805 405 577
577 405 805
196 849 951
849 196 951
951 196 849
968 127 661
661 127 968
127 661 968
34 729 1300
1300 34 729
729 34 1300
204 287 924
287 204 924
924 204 287
489 316 816
816 316 489
316 489 816
1400 872 1295
872 1295 1400
1295 872 1400
1056 53 367
367 53 1056
53 367 1056
32 643 735
735 32 643
643 32 735
1486 605 610
610 605 1486
605 610 1486
1423 705 710
705 710 1423
710 705 1423
626 178 554
178 554 626
554 178 626
132 669 763
763 132 669
669 132 763
192 89 123
123 89 192
89 123 192
1001 900 1320
1320 900 1001
900 1001 1320
833 335 514
335 514 833
514 335 833
1243 205 1349
1349 205 1243
205 1243 1349
1489 41 1146
1146 41 1489
41 1146 1489
1035 639 947
947 639 1035
639 947 1035
423 217 590
217 423 590
590 217 423
1 130 1107
1107 1 130
130 1 1107
326 258 1369
258 326 1369
1369 258 326
395 401 668
668 395 401
401 395 668
1255 95 1261
1261 95 1255
95 1255 1261
1134 102 134
134 102 1134
102 134 1134
688 320 892
320 688 892
892 320 688
1464 649 1377
649 1377 1464
1377 649 1464
1394 510 1387
510 1387 1394
1387 510 1394
1257 869 1365
869 1257 1365
1365 869 1257
1078 752 913
913 752 1078
752 913 1078
183 782 899
782 183 899
899 183 782
64 771 1432
771 64 1432
1432 64 771
1014 181 1036
181 1014 1036
1036 181 1014
1440 473 637
637 473 1440
473 637 1440
97 614 1363
614 97 1363
1363 97 614
1375 755 950
755 950 1375
950 755 1375
889 1343 1467
1343 889 1467
1467 889 1343
592 1020 1085
1020 592 1085
1085 592 1020
1220 530 975
975 530 1220
530 975 1220
104 341 888
341 104 888
888 104 341
557 67 708
67 557 708
708 67 557
555 745 1209
1209 555 745
745 555 1209
1112 667 1127
667 1112 1127
1127 667 1112
413 1219 1367
1367 413 1219
1219 413 1367
333 1268 1424
1268 333 1424
1424 333 1268
1111 701 1105
1105 701 1111
701 1105 1111
348 28 61
61 28 348
28 61 348
995 78 170
78 170 995
170 78 995
1402 608 809
809 608 1402
608 809 1402
343 167 879
879 167 343
167 343 879
993 352 1453
1453 352 993
352 993 1453
1449 1418 1497
1497 1418 1449
1418 1449 1497
727 138 324
324 138 727
138 324 727
286 927 1034
927 286 1034
1034 286 927
400 193 704
704 193 400
193 400 704
94 1392 1408
1392 94 1408
1408 94 1392
1477 182 1108
182 1108 1477
1108 182 1477
595 1285 1494
1285 595 1494
1494 595 1285
681 162 1237
162 681 1237
1237 162 681
521 877 919
877 521 919
919 521 877
714 627 1401
1401 627 714
627 714 1401
917 65 498
65 498 917
498 65 917
1492 280 746
280 746 1492
746 280 1492
787 804 1469
1469 787 804
804 787 1469
865 1172 1318
1318 865 1172
1172 865 1318
1323 581 1493
1493 581 1323
581 1323 1493
1483 300 1282
300 1282 1483
1282 300 1483
525 1136 1433
1433 525 1136
1136 525 1433
1293 60 454
60 454 1293
454 60 1293
811 56 552
552 56 811
56 552 811
989 271 850
850 271 989
271 850 989
1126 512 1436
1436 512 1126
512 1126 1436
969 189 403
189 403 969
403 189 969
161 294 389
294 161 389
389 161 294
1149 155 689
689 155 1149
155 689 1149
415 1301 1452
1452 415 1301
1301 415 1452
1487 91 985
985 91 1487
91 985 1487
1284 977 1052
977 1052 1284
1052 977 1284
647 838 1066
1066 647 838
838 647 1066
931 629 1463
1463 629 931
629 931 1463
1462 1159 1188
1188 1159 1462
1159 1188 1462
891 1008 1335
1008 891 1335
1335 891 1008
445 790 954
790 445 954
954 445 790
1074 124 1308
1308 124 1074
124 1074 1308
1253 825 990
990 825 1253
825 990 1253
159 3 251
3 159 251
251 3 159
1283 938 1475
1475 938 1283
938 1283 1475
336 220 634
220 336 634
634 220 336
920 453 1124
453 920 1124
1124 453 920
747 915 1086
915 747 1086
1086 747 915
945 621 881
621 881 945
881 621 945
912 268 765
765 268 912
268 765 912
106 185 780
780 106 185
185 106 780
234 79 1150
79 234 1150
1150 79 234
255 47 274
274 47 255
47 255 274
635 509 979
509 635 979
979 509 635
273 390 843
843 273 390
390 273 843
1380 1055 1222
1055 1222 1380
1222 1055 1380
331 870 1490
1490 331 870
870 331 1490
596 1250 1406
1250 596 1406
1406 596 1250
836 674 695
674 695 836
695 674 836
616 370 632
370 616 632
632 370 616
896 775 1345
775 896 1345
1345 775 896
1427 48 1054
48 1054 1427
1054 48 1427
567 802 1491
802 567 1491
1491 567 802
156 329 357
329 156 357
357 156 329
228 1011 1031
1031 228 1011
1011 228 1031
429 353 1225
1225 353 429
353 429 1225
692 279 1227
1227 279 692
279 692 1227
173 40 100
100 40 173
40 100 173
285 856 1210
856 285 1210
1210 285 856
607 209 1357
1357 209 607
209 607 1357
276 648 884
884 276 648
648 276 884
1244 1007 1270
1007 1244 1270
1270 1007 1244
909 125 1005
125 909 1005
1005 125 909
1419 73 1332
1332 73 1419
73 1332 1419
222 263 1262
263 222 1262
1262 222 263
39 75 1182
75 39 1182
1182 39 75
418 128 459
459 128 418
128 418 459
570 45 715
715 45 570
45 570 715
642 57 1485
1485 57 642
57 642 1485
1442 201 1118
201 1118 1442
1118 201 1442
21 245 424
424 21 245
245 21 424
261 788 1051
1051 261 788
788 261 1051
862 742 878
742 862 878
878 742 862
1168 1100 1116
1100 1116 1168
1116 1100 1168
1296 241 966
966 241 1296
241 966 1296
399 236 350
350 236 399
236 350 399
1213 398 1341
398 1213 1341
1341 398 1213
698 186 526
526 186 698
186 526 698
81 792 1170
792 81 1170
1170 81 792
659 803 1272
803 659 1272
1272 659 803
770 517 983
983 517 770
517 770 983
1434 233 1430
233 1430 1434
1430 233 1434
818 1212 1229
1229 818 1212
1212 818 1229
447 1106 1313
1313 447 1106
1106 447 1313
650 37 799
799 37 650
37 650 799
1117 871 1206
871 1117 1206
1206 871 1117
216 759 1095
759 216 1095
1095 216 759
976 1326 1414
1326 976 1414
1414 976 1326
422 943 1148
1148 422 943
943 422 1148
369 160 948
948 160 369
160 369 948
1360 726 769
726 769 1360
769 726 1360
278 365 830
365 278 830
830 278 365
1030 868 1164
868 1030 1164
1164 868 1030
305 662 1484
1484 305 662
662 305 1484
1266 396 1138
1138 396 1266
396 1138 1266
867 479 561
561 479 867
479 561 867
484 812 1115
812 484 1115
1115 484 812
254 347 611
611 254 347
347 254 611
168 428 523
428 168 523
523 168 428
718 2 265
265 2 718
2 265 718
883 569 690
690 569 883
569 690 883
1157 238 1033
238 1033 1157
1033 238 1157
1201 133 665
133 665 1201
665 133 1201
203 1192 1306
1192 203 1306
1306 203 1192
560 362 601
601 362 560
362 560 601
8 863 1163
1163 8 863
863 8 1163
591 313 885
313 591 885
885 313 591
373 250 545
545 250 373
250 373 545
670 921 1312
921 670 1312
1312 670 921
472 307 1091
307 472 1091
1091 307 472
741 501 541
501 541 741
541 501 741
640 910 1065
1065 640 910
910 640 1065
435 598 1459
1459 435 598
598 435 1459
762 284 532
532 284 762
284 532 762
1246 496 1457
496 1246 1457
1457 496 1246
1437 558 840
840 558 1437
558 840 1437
449 419 1291
419 449 1291
1291 419 449
926 88 824
88 824 926
824 88 926
361 151 306
151 306 361
306 151 361
7 1232 1297
1232 7 1297
1297 7 1232
1228 683 923
683 923 1228
923 683 1228
1474 384 1178
384 1178 1474
1178 384 1474
1258 471 1181
471 1181 1258
1181 471 1258
397 140 194
140 194 397
194 140 397
1256 483 822
822 483 1256
483 822 1256
289 27 544
544 27 289
27 289 544
527 197 302
197 302 527
302 197 527
940 1292 1441
1441 940 1292
1292 940 1441
918 359 1290
1290 359 918
359 918 1290
1249 724 1385
1385 724 1249
724 1249 1385
500 443 613
443 500 613
613 443 500
633 150 1325
1325 150 633
150 633 1325
493 84 1189
1189 84 493
84 493 1189
482 262 1340
1340 262 482
262 482 1340
1097 795 1236
795 1097 1236
1236 795 1097
568 731 1500
731 568 1500
1500 568 731
531 433 1191
433 531 1191
1191 433 531
721 174 1302
174 721 1302
1302 174 721
511 141 1135
1135 141 511
141 511 1135
1044 207 957
207 957 1044
957 207 1044
1311 457 628
628 457 1311
457 628 1311
1322 117 1093
1093 117 1322
117 1093 1322
793 19 984
19 793 984
984 19 793
15 169 1160
169 15 1160
1160 15 169
794 1356 1359
1356 794 1359
1359 794 1356
675 774 916
916 675 774
774 675 916
1352 1059 1287
1059 1287 1352
1287 1059 1352
519 379 612
612 379 519
379 519 612
82 772 1092
772 82 1092
1092 82 772
1498 467 1167
467 1167 1498
1167 467 1498
157 77 533
533 77 157
77 157 533
1041 391 1102
391 1041 1102
1102 391 1041
722 301 776
301 722 776
776 301 722
973 1043 1403
1403 973 1043
1043 973 1403
322 129 857
857 129 322
129 322 857
538 504 1337
1337 504 538
504 538 1337
579 713 781
781 579 713
713 579 781
30 327 1370
327 30 1370
1370 30 327
414 312 337
337 312 414
312 337 414
239 116 1147
1147 116 239
116 239 1147
1355 292 1088
292 1088 1355
1088 292 1355
1103 26 1495
1495 26 1103
26 1103 1495
1125 671 858
671 858 1125
858 671 1125
356 14 121
14 121 356
121 14 356
1338 50 59
59 50 1338
50 59 1338
378 80 594
80 378 594
594 80 378
547 76 709
709 76 547
76 547 709
946 267 1348
1348 267 946
267 946 1348
1407 540 1166
540 1166 1407
1166 540 1407
1130 851 980
980 851 1130
851 980 1130
911 163 252
163 252 911
252 163 911
515 83 259
83 259 515
259 83 515
256 834 978
834 256 978
978 256 834
933 392 1214
1214 392 933
392 933 1214
152 142 1276
1276 142 152
142 152 1276
914 291 1238
1238 291 914
291 914 1238
844 468 1319
468 844 1319
1319 468 844
70 490 997
490 70 997
997 70 490
248 1264 1373
1264 248 1373
1373 248 1264
417 309 719
719 309 417
309 417 719
503 461 1251
461 503 1251
1251 461 503
953 402 1438
1438 402 953
402 953 1438
589 518 1446
518 589 1446
1446 518 589
1386 411 1174
411 1174 1386
1174 411 1386
66 587 835
587 66 835
835 66 587
974 580 1161
580 974 1161
1161 580 974
559 111 1084
111 559 1084
1084 111 559
297 346 773
773 297 346
346 297 773
934 107 1217
107 934 1217
1217 107 934
1461 820 959
959 820 1461
820 959 1461
1371 122 1079
122 1079 1371
1079 122 1371
699 847 1271
847 699 1271
1271 699 847
1145 16 566
16 566 1145
566 16 1145
1275 875 1176
1176 875 1275
875 1176 1275
728 355 1330
355 728 1330
1330 355 728
1294 666 837
837 666 1294
666 837 1294
1439 463 996
996 463 1439
463 996 1439
508 905 1121
905 508 1121
1121 508 905
1278 738 1393
1393 738 1278
738 1278 1393
1317 332 1362
332 1317 1362
1362 332 1317
548 539 1198
1198 539 548
539 548 1198
749 1073 1265
1265 749 1073
1073 749 1265
272 87 1224
87 272 1224
1224 87 272
374 71 1277
71 374 1277
1277 71 374
1204 364 1354
364 1204 1354
1354 364 1204
1050 10 131
131 10 1050
10 131 1050
436 328 1468
328 436 1468
1468 328 436
1006 51 425
51 425 1006
425 51 1006
1057 49 859
49 859 1057
859 49 1057
936 158 1350
1350 158 936
158 936 1350
38 295 549
295 38 549
549 38 295
660 624 1047
624 660 1047
1047 624 660
897 412 1165
412 897 1165
1165 412 897
599 935 1388
1388 599 935
935 599 1388
1333 638 827
638 827 1333
827 638 1333
344 654 1328
1328 344 654
654 344 1328
786 283 754
283 754 786
754 283 786
1429 154 505
505 154 1429
154 505 1429
677 368 524
368 524 677
524 368 677
1026 697 1175
697 1026 1175
1175 697 1026
1004 801 1389
1389 801 1004
801 1004 1389
1082 74 499
74 499 1082
499 74 1082
1012 212 1470
212 1012 1470
1470 212 1012
1024 199 1003
1003 199 1024
199 1003 1024
572 564 854
564 572 854
854 564 572
630 323 438
438 323 630
323 438 630
1171 177 1023
1023 177 1171
177 1023 1171
1113 321 1021
1021 321 1113
321 1021 1113
814 1207 1447
1447 814 1207
1207 814 1447
