3351 4339 6057
6057 3351 4339
4339 3351 6057
2906 2364 7675
7675 2364 2906
2364 2906 7675
12742 919 11648
11648 919 12742
919 11648 12742
14511 4623 8140
4623 8140 14511
8140 4623 14511
319 5341 7574
7574 319 5341
5341 319 7574
1973 1184 3461
3461 1184 1973
1184 1973 3461
8487 2638 7590
7590 2638 8487
2638 7590 8487
9579 325 9510
9510 325 9579
325 9510 9579
12561 8475 12818
8475 12561 12818
12818 8475 12561
10670 7766 12387
7766 10670 12387
12387 7766 10670
12493 4488 7319
7319 4488 12493
4488 7319 12493
10979 1198 1456
1198 1456 10979
1456 1198 10979
9695 10363 14264
10363 9695 14264
14264 9695 10363
7241 11047 14238
14238 7241 11047
11047 7241 14238
13994 7076 11111
7076 11111 13994
11111 7076 13994
10219 2278 3990
3990 2278 10219
2278 3990 10219
8606 11965 12745
11965 8606 12745
12745 8606 11965
5306 7941 13472
7941 5306 13472
13472 5306 7941
8868 10063 10885
10885 8868 10063
10063 8868 10885
3888 1891 1949
1891 1949 3888
1949 1891 3888
8711 625 12576
625 8711 12576
12576 625 8711
14314 5008 9107
5008 9107 14314
9107 5008 14314
3673 8684 12194
8684 3673 12194
12194 3673 8684
11289 1314 6277
1314 6277 11289
6277 1314 11289
2690 10724 11744
10724 2690 11744
11744 2690 10724
8570 2735 14434
2735 8570 14434
14434 2735 8570
10369 9653 12728
12728 9653 10369
9653 10369 12728
6192 1464 4408
1464 4408 6192
4408 1464 6192
3165 8650 14171
8650 3165 14171
14171 3165 8650
14457 4735 10265
10265 4735 14457
4735 10265 14457
11271 2326 8274
2326 8274 11271
8274 2326 11271
11510 3861 11488
11488 3861 11510
3861 11488 11510
5853 462 10345
462 5853 10345
10345 462 5853
3593 6249 10833
10833 3593 6249
6249 3593 10833
5811 6748 6966
6748 5811 6966
6966 5811 6748
4194 4723 6636
6636 4194 4723
4723 4194 6636
14107 4764 9207
9207 4764 14107
4764 9207 14107
7582 12929 13901
12929 7582 13901
13901 7582 12929
7644 125 2790
125 2790 7644
2790 125 7644
11534 3425 9815
9815 3425 11534
3425 9815 11534
1603 892 12188
12188 892 1603
892 1603 12188
271 5462 8640
5462 271 8640
8640 271 5462
2969 3698 7938
3698 2969 7938
7938 2969 3698
13135 9237 12055
12055 9237 13135
9237 12055 13135
9149 9756 12890
12890 9149 9756
9756 9149 12890
1264 9502 10196
9502 1264 10196
10196 1264 9502
572 351 12562
351 572 12562
12562 351 572
2583 2684 10887
10887 2583 2684
2684 2583 10887
5130 2715 11400
2715 5130 11400
11400 2715 5130
8551 12665 14233
14233 8551 12665
12665 8551 14233
13284 457 12307
457 12307 13284
12307 457 13284
5073 2188 4637
4637 2188 5073
2188 4637 5073
5968 9200 10701
9200 5968 10701
10701 5968 9200
9684 4935 11667
4935 9684 11667
11667 4935 9684
4357 818 1453
1453 818 4357
818 1453 4357
6258 12572 14831
14831 6258 12572
12572 6258 14831
9085 1345 10379
10379 1345 9085
1345 9085 10379
8569 5519 5810
5810 5519 8569
5519 5810 8569
12436 3719 9135
9135 3719 12436
3719 9135 12436
8270 4469 10134
4469 8270 10134
10134 4469 8270
5473 2392 10586
2392 5473 10586
10586 2392 5473
9045 7258 14322
7258 9045 14322
14322 7258 9045
3232 6274 9232
9232 3232 6274
6274 3232 9232
14485 8918 11502
11502 8918 14485
8918 11502 14485
1653 13693 13881
13693 1653 13881
13881 1653 13693
8740 2108 9820
2108 8740 9820
9820 2108 8740
13826 2511 8093
2511 8093 13826
8093 2511 13826
7091 4631 7405
7405 4631 7091
4631 7091 7405
2035 8128 9822
8128 2035 9822
9822 2035 8128
14389 222 1830
1830 222 14389
222 1830 14389
10368 3478 5924
5924 3478 10368
3478 5924 10368
584 10110 11198
11198 584 10110
10110 584 11198
14899 972 4494
4494 972 14899
972 4494 14899
9033 8253 8540
8540 8253 9033
8253 8540 9033
3774 8336 12907
12907 3774 8336
8336 3774 12907
11350 2121 6702
2121 6702 11350
6702 2121 11350
5456 5761 5977
5761 5456 5977
5977 5456 5761
12886 1087 5831
5831 1087 12886
1087 5831 12886
559 1662 4835
4835 559 1662
1662 559 4835
6457 1096 6389
6389 1096 6457
1096 6389 6457
10380 2390 14339
14339 2390 10380
2390 10380 14339
9075 9070 11572
9070 9075 11572
11572 9070 9075
748 8252 11100
11100 748 8252
8252 748 11100
1211 2518 10796
10796 1211 2518
2518 1211 10796
10962 2613 11171
2613 10962 11171
11171 2613 10962
3653 7083 8969
7083 3653 8969
8969 3653 7083
1429 1017 9949
1017 1429 9949
9949 1017 1429
13782 1828 4103
1828 4103 13782
4103 1828 13782
3310 6810 10790
6810 3310 10790
10790 3310 6810
1306 1500 10873
10873 1306 1500
1500 1306 10873
7036 2482 14776
14776 2482 7036
2482 7036 14776
6033 798 7781
798 6033 7781
7781 798 6033
8651 6617 8690
6617 8651 8690
8690 6617 8651
13515 4886 13601
13601 4886 13515
4886 13515 13601
7960 2492 6729
6729 2492 7960
2492 6729 7960
13305 10421 10994
10421 10994 13305
10994 10421 13305
8367 10280 14459
14459 8367 10280
10280 8367 14459
12651 5346 5627
5627 5346 12651
5346 5627 12651
2803 1433 14284
1433 2803 14284
14284 1433 2803
4061 9542 11155
9542 4061 11155
11155 4061 9542
5730 3867 7391
7391 3867 5730
3867 5730 7391
6563 2422 11787
11787 2422 6563
2422 6563 11787
9567 2663 6118
2663 6118 9567
6118 2663 9567
6455 1149 11181
11181 1149 6455
1149 6455 11181
52 6086 10309
10309 52 6086
6086 52 10309
8000 10995 12991
12991 8000 10995
10995 8000 12991
8743 1607 14208
14208 1607 8743
1607 8743 14208
8188 4014 13635
13635 4014 8188
4014 8188 13635
3786 766 7538
7538 766 3786
766 3786 7538
10768 8887 9599
9599 8887 10768
8887 9599 10768
12951 1393 5012
1393 5012 12951
5012 1393 12951
8464 12069 13140
12069 8464 13140
13140 8464 12069
10385 1766 4239
1766 4239 10385
4239 1766 10385
13207 1281 7167
7167 1281 13207
1281 7167 13207
14581 12170 12603
12170 12603 14581
12603 12170 14581
14768 9871 13496
9871 13496 14768
13496 9871 14768
11993 8884 10545
8884 10545 11993
10545 8884 11993
6707 5083 12649
12649 5083 6707
5083 6707 12649
4659 1003 2434
1003 2434 4659
2434 1003 4659
8346 3494 12052
12052 3494 8346
3494 8346 12052
9083 10727 14769
14769 9083 10727
10727 9083 14769
14602 4136 9370
9370 4136 14602
4136 9370 14602
1975 7112 8125
8125 1975 7112
7112 1975 8125
4217 13575 14024
13575 4217 14024
14024 4217 13575
3622 10038 13804
10038 3622 13804
13804 3622 10038
4122 814 12349
12349 814 4122
814 4122 12349
13038 3709 7748
7748 3709 13038
3709 7748 13038
12054 2256 14935
14935 2256 12054
2256 12054 14935
8708 1736 4208
4208 1736 8708
1736 4208 8708
2010 5858 8927
8927 2010 5858
5858 2010 8927
11272 47 13467
47 11272 13467
13467 47 11272
9925 9813 11374
11374 9813 9925
9813 9925 11374
8235 8181 12672
8181 8235 12672
12672 8181 8235
5444 6343 14044
14044 5444 6343
6343 5444 14044
6124 6485 12580
12580 6124 6485
6485 6124 12580
1596 168 10481
168 1596 10481
10481 168 1596
10756 5735 13634
13634 5735 10756
5735 10756 13634
13020 4437 13292
4437 13020 13292
13292 4437 13020
10541 7249 8045
8045 7249 10541
7249 8045 10541
7010 9387 10553
10553 7010 9387
9387 7010 10553
6783 14778 14919
14778 6783 14919
14919 6783 14778
7105 7278 13121
13121 7105 7278
7278 7105 13121
6961 7463 14958
7463 6961 14958
14958 6961 7463
9951 2466 10613
10613 2466 9951
2466 9951 10613
7702 2270 5375
5375 2270 7702
2270 5375 7702
6770 5247 8149
8149 5247 6770
5247 6770 8149
8898 10116 14871
10116 8898 14871
14871 8898 10116
7178 11280 14163
11280 7178 14163
14163 7178 11280
6507 720 10717
720 6507 10717
10717 720 6507
11891 13627 13772
13772 11891 13627
13627 11891 13772
9543 1824 13027
13027 1824 9543
1824 9543 13027
6383 1130 10822
1130 6383 10822
10822 1130 6383
6147 1409 4656
1409 4656 6147
4656 1409 6147
10206 7265 9676
9676 7265 10206
7265 9676 10206
1976 3119 4383
4383 1976 3119
3119 1976 4383
8908 8615 10748
10748 8615 8908
8615 8908 10748
5886 10513 13083
10513 5886 13083
13083 5886 10513
13013 3334 13285
13285 3334 13013
3334 13013 13285
9171 10641 12399
12399 9171 10641
10641 9171 12399
8147 1600 10664
10664 1600 8147
1600 8147 10664
1503 9938 10221
9938 1503 10221
10221 1503 9938
5722 9307 14807
14807 5722 9307
9307 5722 14807
11903 7439 11915
11915 7439 11903
7439 11903 11915
12607 2345 13707
2345 12607 13707
13707 2345 12607
2893 3244 9227
3244 2893 9227
9227 2893 3244
295 12599 14546
12599 295 14546
14546 295 12599
1739 3892 14020
14020 1739 3892
3892 1739 14020
12916 3651 10429
10429 3651 12916
3651 10429 12916
14702 3445 13050
3445 13050 14702
13050 3445 14702
13751 7314 9731
9731 7314 13751
7314 9731 13751
11379 480 2812
480 2812 11379
2812 480 11379
5307 740 10253
10253 740 5307
740 5307 10253
12161 8500 14970
14970 8500 12161
8500 12161 14970
2030 12125 13356
12125 2030 13356
13356 2030 12125
506 5676 10937
5676 506 10937
10937 506 5676
8826 262 10468
262 8826 10468
10468 262 8826
516 1446 10432
1446 516 10432
10432 516 1446
9095 3416 14124
3416 9095 14124
14124 3416 9095
10668 2371 2560
2560 2371 10668
2371 2560 10668
9717 5738 13085
13085 5738 9717
5738 9717 13085
680 573 7447
573 680 7447
7447 573 680
4799 1335 1851
1335 1851 4799
1851 1335 4799
15000 13150 14651
13150 14651 15000
14651 13150 15000
7865 155 4282
4282 155 7865
155 4282 7865
3492 2396 11904
2396 3492 11904
11904 2396 3492
9092 8460 10209
10209 8460 9092
8460 9092 10209
5193 1053 9096
9096 1053 5193
1053 5193 9096
13984 1565 7880
7880 1565 13984
1565 7880 13984
9619 10529 12989
12989 9619 10529
10529 9619 12989
11098 8630 10042
8630 10042 11098
10042 8630 11098
9858 11240 13771
13771 9858 11240
11240 9858 13771
3938 1304 13812
13812 1304 3938
1304 3938 13812
12121 595 3322
3322 595 12121
595 3322 12121
13307 8223 14971
8223 13307 14971
14971 8223 13307
11968 14 5768
14 5768 11968
5768 14 11968
10569 8950 9980
9980 8950 10569
8950 9980 10569
10464 8442 10991
10991 8442 10464
8442 10464 10991
11817 3541 5506
5506 3541 11817
3541 5506 11817
2258 3968 4652
4652 2258 3968
3968 2258 4652
2830 9738 14507
9738 2830 14507
14507 2830 9738
12958 8357 10482
8357 10482 12958
10482 8357 12958
6736 9613 11347
11347 6736 9613
9613 6736 11347
6443 11979 13878
11979 6443 13878
13878 6443 11979
1384 10653 14428
10653 1384 14428
14428 1384 10653
9897 1196 10375
1196 9897 10375
10375 1196 9897
4731 4484 6713
4484 4731 6713
6713 4484 4731
4204 3671 6812
6812 3671 4204
3671 4204 6812
5791 10245 12310
12310 5791 10245
10245 5791 12310
2528 1988 5101
5101 1988 2528
1988 2528 5101
7975 5560 10351
10351 5560 7975
5560 7975 10351
13357 5423 7679
5423 7679 13357
7679 5423 13357
6444 5762 7366
5762 6444 7366
7366 5762 6444
1042 3850 4477
3850 1042 4477
4477 1042 3850
10725 8617 9765
8617 9765 10725
9765 8617 10725
9450 862 9617
862 9450 9617
9617 862 9450
8014 5889 11893
11893 5889 8014
5889 8014 11893
14864 5466 14846
14846 5466 14864
5466 14846 14864
7968 2092 13617
2092 7968 13617
13617 2092 7968
11566 593 10303
593 10303 11566
10303 593 11566
4596 8269 14161
8269 4596 14161
14161 4596 8269
20 8017 14682
8017 20 14682
14682 20 8017
8136 4573 11197
4573 8136 11197
11197 4573 8136
3975 256 10688
10688 256 3975
256 3975 10688
7559 3738 5026
5026 3738 7559
3738 5026 7559
5710 11986 14652
14652 5710 11986
11986 5710 14652
1823 9483 10034
9483 1823 10034
10034 1823 9483
11043 10731 14872
14872 10731 11043
10731 11043 14872
11147 6278 10317
10317 6278 11147
6278 10317 11147
2598 435 1522
435 1522 2598
1522 435 2598
13740 4581 8727
4581 8727 13740
8727 4581 13740
2796 7352 14323
14323 2796 7352
7352 2796 14323
2754 2054 7188
7188 2054 2754
2054 2754 7188
13011 2697 7495
2697 7495 13011
7495 2697 13011
5658 6088 10212
6088 5658 10212
10212 5658 6088
13290 1084 3656
3656 1084 13290
1084 3656 13290
11656 5498 12395
12395 5498 11656
5498 11656 12395
11234 9086 10099
10099 9086 11234
9086 10099 11234
10171 5283 12297
12297 5283 10171
5283 10171 12297
5061 1116 4964
1116 4964 5061
4964 1116 5061
6535 7406 13622
7406 6535 13622
13622 6535 7406
2141 14260 14285
14260 2141 14285
14285 2141 14260
2372 5387 11192
11192 2372 5387
5387 2372 11192
3912 2264 5243
2264 3912 5243
5243 2264 3912
8085 8587 10124
10124 8085 8587
8587 8085 10124
5882 2660 11275
11275 2660 5882
2660 5882 11275
5417 124 9102
124 5417 9102
9102 124 5417
13712 1251 13273
13273 1251 13712
1251 13273 13712
8145 13379 14049
14049 8145 13379
13379 8145 14049
2964 7576 12088
7576 2964 12088
12088 2964 7576
1012 1690 2900
1690 1012 2900
2900 1012 1690
4255 2782 8358
8358 2782 4255
2782 4255 8358
5815 447 12527
447 5815 12527
12527 447 5815
6004 6248 11977
6248 6004 11977
11977 6004 6248
3049 1991 8695
1991 3049 8695
8695 1991 3049
12874 1933 14613
1933 12874 14613
14613 1933 12874
10526 5681 9389
9389 5681 10526
5681 9389 10526
910 6187 14774
14774 910 6187
6187 910 14774
5446 8564 11679
11679 5446 8564
8564 5446 11679
3902 4163 10580
4163 3902 10580
10580 3902 4163
13018 3523 6038
3523 6038 13018
6038 3523 13018
5177 4603 8195
8195 4603 5177
4603 5177 8195
1449 1847 4970
4970 1449 1847
1847 1449 4970
6632 7045 7455
7455 6632 7045
7045 6632 7455
5354 4445 12139
12139 4445 5354
4445 5354 12139
3863 10312 11330
10312 3863 11330
11330 3863 10312
1929 2118 13550
2118 1929 13550
13550 1929 2118
3808 76 7269
7269 76 3808
76 3808 7269
13346 12262 12615
12262 12615 13346
12615 12262 13346
10520 3199 10642
3199 10520 10642
10642 3199 10520
10399 737 13537
13537 737 10399
737 10399 13537
9274 6360 14673
6360 9274 14673
14673 6360 9274
3909 2546 9655
2546 3909 9655
9655 2546 3909
10800 11112 14747
11112 10800 14747
14747 10800 11112
234 7148 14114
7148 234 14114
14114 234 7148
4205 3231 14002
14002 3231 4205
3231 4205 14002
13351 8294 14202
14202 8294 13351
8294 13351 14202
8583 5986 8698
8698 5986 8583
5986 8583 8698
7115 6257 13602
13602 6257 7115
6257 7115 13602
7225 6321 9654
6321 7225 9654
9654 6321 7225
12847 2445 8459
8459 2445 12847
2445 8459 12847
2475 3290 12512
3290 2475 12512
12512 2475 3290
9591 836 6399
836 6399 9591
6399 836 9591
229 4634 12379
12379 229 4634
4634 229 12379
11413 915 4663
4663 915 11413
915 4663 11413
12086 11501 13597
13597 11501 12086
11501 12086 13597
6654 414 10867
10867 414 6654
414 6654 10867
1541 5315 8287
5315 1541 8287
8287 1541 5315
10522 2008 13618
2008 10522 13618
13618 2008 10522
11492 10858 12421
12421 10858 11492
10858 11492 12421
3527 590 4334
4334 590 3527
590 3527 4334
4625 6528 11533
11533 4625 6528
6528 4625 11533
14818 8506 14042
8506 14042 14818
14042 8506 14818
5620 185 4031
4031 185 5620
185 4031 5620
3558 8680 11121
11121 3558 8680
8680 3558 11121
13425 7374 13218
13218 7374 13425
7374 13218 13425
14736 1021 5969
1021 5969 14736
5969 1021 14736
4368 7058 7496
7496 4368 7058
7058 4368 7496
8957 3116 14556
3116 8957 14556
14556 3116 8957
9932 11248 12760
11248 9932 12760
12760 9932 11248
2184 930 12102
12102 930 2184
930 2184 12102
3282 1459 4557
1459 3282 4557
4557 1459 3282
11519 3366 9561
9561 3366 11519
3366 9561 11519
2430 4312 13420
13420 2430 4312
4312 2430 13420
11150 691 3664
691 3664 11150
3664 691 11150
14074 1502 10497
1502 10497 14074
10497 1502 14074
7247 10773 11369
10773 7247 11369
11369 7247 10773
11040 4871 9735
9735 4871 11040
4871 9735 11040
138 10638 11109
10638 138 11109
11109 138 10638
835 1465 14381
1465 835 14381
14381 835 1465
13166 5078 7626
5078 7626 13166
7626 5078 13166
3834 1416 10702
1416 3834 10702
10702 1416 3834
12950 11957 12089
11957 12089 12950
12089 11957 12950
10741 10751 13237
13237 10741 10751
10751 10741 13237
6762 10944 14917
14917 6762 10944
10944 6762 14917
12005 6639 10737
6639 10737 12005
10737 6639 12005
12590 3642 4220
4220 3642 12590
3642 4220 12590
6195 399 14312
399 6195 14312
14312 399 6195
13389 2143 2750
2143 2750 13389
2750 2143 13389
1633 7382 9685
9685 1633 7382
7382 1633 9685
4672 2012 6601
6601 2012 4672
2012 4672 6601
5727 8341 11549
11549 5727 8341
8341 5727 11549
10431 7262 8647
8647 7262 10431
7262 8647 10431
4514 4413 12729
4413 4514 12729
12729 4413 4514
2661 1363 3193
3193 1363 2661
1363 2661 3193
6922 257 6968
6968 257 6922
257 6922 6968
2944 9140 9400
9400 2944 9140
9140 2944 9400
8477 3419 4926
4926 3419 8477
3419 4926 8477
3136 12497 14630
14630 3136 12497
12497 3136 14630
2389 4612 7529
7529 2389 4612
4612 2389 7529
8251 6023 7138
7138 6023 8251
6023 7138 8251
5250 8043 10700
10700 5250 8043
8043 5250 10700
14634 8923 13070
8923 13070 14634
13070 8923 14634
4359 7597 10872
10872 4359 7597
7597 4359 10872
14290 1194 2692
2692 1194 14290
1194 2692 14290
10895 2400 8832
8832 2400 10895
2400 8832 10895
5409 5804 14943
14943 5409 5804
5804 5409 14943
7666 12515 14526
14526 7666 12515
12515 7666 14526
1415 2355 11864
2355 1415 11864
11864 1415 2355
13688 6388 12715
6388 12715 13688
12715 6388 13688
13979 3745 8434
3745 8434 13979
8434 3745 13979
265 512 9917
9917 265 512
512 265 9917
4179 2027 2793
2793 2027 4179
2027 2793 4179
10542 2415 9461
2415 9461 10542
9461 2415 10542
9098 7818 12829
7818 9098 12829
12829 7818 9098
7992 10440 11161
10440 7992 11161
11161 7992 10440
3703 5267 6524
5267 3703 6524
6524 3703 5267
12626 838 13977
13977 838 12626
838 12626 13977
8493 11317 14324
14324 8493 11317
11317 8493 14324
6592 48 2571
48 2571 6592
2571 48 6592
5322 3155 5319
5319 3155 5322
3155 5319 5322
4961 5570 7520
7520 4961 5570
5570 4961 7520
10716 611 10140
10140 611 10716
611 10140 10716
11902 7662 12156
7662 11902 12156
12156 7662 11902
13311 10163 12682
10163 12682 13311
12682 10163 13311
7760 9073 12320
12320 7760 9073
9073 7760 12320
14763 6804 9818
6804 9818 14763
9818 6804 14763
985 13295 14719
13295 985 14719
14719 985 13295
8462 1926 12812
12812 1926 8462
1926 8462 12812
5074 3174 4876
3174 4876 5074
4876 3174 5074
989 10048 13169
13169 989 10048
10048 989 13169
4350 7000 11049
11049 4350 7000
7000 4350 11049
10321 1133 13032
1133 10321 13032
13032 1133 10321
3933 1156 9920
1156 3933 9920
9920 1156 3933
11250 141 8941
8941 141 11250
141 8941 11250
6408 443 11901
11901 443 6408
443 6408 11901
11073 3325 10922
3325 10922 11073
10922 3325 11073
3363 4526 6019
6019 3363 4526
4526 3363 6019
14793 2175 9640
2175 9640 14793
9640 2175 14793
14175 847 11773
11773 847 14175
847 11773 14175
3539 6716 6774
6774 3539 6716
6716 3539 6774
7457 7560 9004
9004 7457 7560
7560 7457 9004
514 53 10343
10343 53 514
53 514 10343
4117 9544 14881
14881 4117 9544
9544 4117 14881
14947 5327 14887
5327 14887 14947
14887 5327 14947
6877 365 10953
365 6877 10953
10953 365 6877
10730 11259 14740
11259 10730 14740
14740 10730 11259
8991 2832 10359
10359 2832 8991
2832 8991 10359
5139 7873 14544
14544 5139 7873
7873 5139 14544
1538 5931 7962
7962 1538 5931
5931 1538 7962
3781 8634 14916
14916 3781 8634
8634 3781 14916
9313 10035 10984
10035 9313 10984
10984 9313 10035
12430 14169 14360
14169 12430 14360
14360 12430 14169
4888 5594 12681
12681 4888 5594
5594 4888 12681
4029 833 12230
833 4029 12230
12230 833 4029
2839 2918 4330
4330 2839 2918
2918 2839 4330
12408 502 11685
502 11685 12408
11685 502 12408
14248 3872 13190
3872 13190 14248
13190 3872 14248
14176 6805 11270
6805 11270 14176
11270 6805 14176
6747 10857 14487
10857 6747 14487
14487 6747 10857
1474 2565 10809
10809 1474 2565
2565 1474 10809
8780 5179 14172
14172 5179 8780
5179 8780 14172
12650 13240 13368
13240 12650 13368
13368 12650 13240
11927 2215 13991
2215 11927 13991
13991 2215 11927
10238 5740 10460
10460 5740 10238
5740 10238 10460
6688 5840 7354
7354 5840 6688
5840 6688 7354
9492 2982 5053
2982 5053 9492
5053 2982 9492
952 1672 6231
1672 952 6231
6231 952 1672
7545 10043 10179
10179 7545 10043
10043 7545 10179
307 3394 6307
3394 307 6307
6307 307 3394
6928 9108 10157
10157 6928 9108
9108 6928 10157
1019 5992 14224
14224 1019 5992
5992 1019 14224
784 1555 9477
9477 784 1555
1555 784 9477
12646 7377 8361
8361 7377 12646
7377 8361 12646
10259 10816 11130
10816 10259 11130
11130 10259 10816
9224 8944 9360
8944 9224 9360
9360 8944 9224
13046 5317 9180
5317 9180 13046
9180 5317 13046
12962 8856 12583
12583 8856 12962
8856 12583 12962
10398 490 12787
490 10398 12787
12787 490 10398
7281 3 7963
7963 3 7281
3 7281 7963
658 5854 11269
11269 658 5854
5854 658 11269
2503 6472 9067
6472 2503 9067
9067 2503 6472
3023 1079 6268
1079 3023 6268
6268 1079 3023
160 12833 13329
13329 160 12833
12833 160 13329
9277 4864 8507
8507 4864 9277
4864 8507 9277
10225 1913 4503
4503 1913 10225
1913 4503 10225
11367 880 14788
880 11367 14788
14788 880 11367
433 4833 7531
7531 433 4833
4833 433 7531
8522 1361 13137
13137 1361 8522
1361 8522 13137
14799 5437 6692
6692 5437 14799
5437 6692 14799
7650 12135 13033
12135 7650 13033
13033 7650 12135
6700 2171 2468
2468 2171 6700
2171 2468 6700
9505 111 2477
2477 111 9505
111 2477 9505
9267 2773 11172
11172 2773 9267
2773 9267 11172
6615 4040 13306
4040 6615 13306
13306 4040 6615
2459 1673 14274
1673 2459 14274
14274 1673 2459
11027 3289 7088
7088 3289 11027
3289 7088 11027
10982 8541 13811
13811 8541 10982
8541 10982 13811
14607 1215 1659
1659 1215 14607
1215 1659 14607
7208 7424 10959
10959 7208 7424
7424 7208 10959
1667 950 11880
950 1667 11880
11880 950 1667
13849 5963 13809
13809 5963 13849
5963 13809 13849
7955 984 7505
984 7505 7955
7505 984 7955
14186 10627 13938
13938 10627 14186
10627 13938 14186
14452 2200 12802
2200 12802 14452
12802 2200 14452
1046 8210 9809
8210 1046 9809
9809 1046 8210
7001 4811 8633
8633 4811 7001
4811 7001 8633
14841 105 12973
105 12973 14841
12973 105 14841
5166 3609 14089
14089 3609 5166
3609 5166 14089
13323 7106 12917
12917 7106 13323
7106 12917 13323
12171 10092 13265
13265 10092 12171
10092 12171 13265
10175 6622 6668
6622 6668 10175
6668 6622 10175
11684 8105 9351
9351 8105 11684
8105 9351 11684
9298 6515 13115
13115 6515 9298
6515 9298 13115
603 637 12900
12900 603 637
637 603 12900
2536 1266 11292
11292 1266 2536
1266 2536 11292
1161 7687 8176
8176 1161 7687
7687 1161 8176
10644 2167 6885
2167 6885 10644
6885 2167 10644
7430 4306 5660
5660 4306 7430
4306 5660 7430
12645 8401 9828
9828 8401 12645
8401 9828 12645
9877 689 11001
11001 689 9877
689 9877 11001
11871 1773 7471
7471 1773 11871
1773 7471 11871
2519 4712 7056
7056 2519 4712
4712 2519 7056
13419 16 12082
16 12082 13419
12082 16 13419
132 7707 14133
14133 132 7707
7707 132 14133
4775 2619 4945
2619 4775 4945
4945 2619 4775
1651 8382 9663
9663 1651 8382
8382 1651 9663
13030 8618 13044
8618 13030 13044
13044 8618 13030
6838 6068 13103
6068 6838 13103
13103 6068 6838
3118 2058 13532
2058 3118 13532
13532 2058 3118
4324 7026 11950
11950 4324 7026
7026 4324 11950
12277 4019 14410
14410 4019 12277
4019 12277 14410
3589 13001 14474
14474 3589 13001
13001 3589 14474
3073 9761 13276
13276 3073 9761
9761 3073 13276
8592 692 2612
2612 692 8592
692 2612 8592
4862 592 4569
4569 592 4862
592 4569 4862
13976 3033 7592
7592 3033 13976
3033 7592 13976
9754 5082 5331
5331 5082 9754
5082 5331 9754
13327 4390 10713
4390 10713 13327
10713 4390 13327
4650 6182 11865
6182 4650 11865
11865 4650 6182
4105 6584 7078
6584 4105 7078
7078 4105 6584
5135 13333 13478
13478 5135 13333
13333 5135 13478
1728 5270 14812
14812 1728 5270
5270 1728 14812
5699 5043 10017
5043 5699 10017
10017 5043 5699
8275 1342 6139
6139 1342 8275
1342 6139 8275
5050 3873 7371
3873 5050 7371
7371 3873 5050
13402 8989 10966
8989 10966 13402
10966 8989 13402
7297 3152 13655
3152 7297 13655
13655 3152 7297
4778 5694 6526
5694 4778 6526
6526 4778 5694
2947 6743 9005
9005 2947 6743
6743 2947 9005
5313 9375 11476
9375 5313 11476
11476 5313 9375
2855 743 12858
12858 743 2855
743 2855 12858
10256 2246 13574
2246 10256 13574
13574 2246 10256
11183 9300 13203
13203 9300 11183
9300 11183 13203
1784 942 11712
942 1784 11712
11712 942 1784
3813 5631 12334
5631 3813 12334
12334 3813 5631
10680 1842 8344
1842 8344 10680
8344 1842 10680
11512 1226 13286
1226 11512 13286
13286 1226 11512
4057 5936 11260
11260 4057 5936
5936 4057 11260
5334 2224 11203
11203 2224 5334
2224 5334 11203
9600 5959 6864
5959 6864 9600
6864 5959 9600
1825 541 2043
2043 541 1825
541 1825 2043
11841 7108 8930
7108 8930 11841
8930 7108 11841
11553 3377 6847
3377 6847 11553
6847 3377 11553
4952 3005 10624
3005 4952 10624
10624 3005 4952
12351 4352 13708
13708 4352 12351
4352 12351 13708
7064 730 7128
7128 730 7064
730 7064 7128
1714 3822 4917
4917 1714 3822
3822 1714 4917
14220 5821 14668
5821 14220 14668
14668 5821 14220
1353 382 12338
12338 382 1353
382 1353 12338
2873 2991 10832
2991 2873 10832
10832 2873 2991
8763 3020 6498
3020 6498 8763
6498 3020 8763
6126 11595 12992
12992 6126 11595
11595 6126 12992
3144 5612 12831
12831 3144 5612
5612 3144 12831
8589 820 7338
7338 820 8589
820 7338 8589
6412 949 8819
8819 949 6412
949 6412 8819
11998 10500 14920
14920 10500 11998
10500 11998 14920
130 537 12545
12545 130 537
537 130 12545
9150 2737 6017
2737 6017 9150
6017 2737 9150
5348 6901 6942
6942 5348 6901
6901 5348 6942
1641 3360 4519
3360 1641 4519
4519 1641 3360
1357 4572 9923
4572 1357 9923
9923 1357 4572
4141 9458 13427
13427 4141 9458
9458 4141 13427
3770 8549 13603
13603 3770 8549
8549 3770 13603
9396 5984 9709
9709 5984 9396
5984 9396 9709
6755 735 12300
735 6755 12300
12300 735 6755
7841 4769 13689
4769 7841 13689
13689 4769 7841
121 210 1387
1387 121 210
210 121 1387
6980 5057 10026
5057 6980 10026
10026 5057 6980
9229 8089 10186
8089 9229 10186
10186 8089 9229
9076 6350 14371
6350 9076 14371
14371 6350 9076
223 8707 13335
13335 223 8707
8707 223 13335
6180 3135 14729
14729 3135 6180
3135 6180 14729
1286 10564 14458
14458 1286 10564
10564 1286 14458
13827 8865 12983
12983 8865 13827
8865 12983 13827
5849 1495 9977
9977 1495 5849
1495 5849 9977
11586 8613 9504
9504 8613 11586
8613 9504 11586
4003 5222 13406
13406 4003 5222
5222 4003 13406
11341 2525 8046
8046 2525 11341
2525 8046 11341
1930 7161 8100
8100 1930 7161
7161 1930 8100
354 6325 11425
6325 354 11425
11425 354 6325
8652 9576 14750
14750 8652 9576
9576 8652 14750
12803 5764 10252
10252 5764 12803
5764 10252 12803
8504 7585 8523
7585 8504 8523
8523 7585 8504
4980 1475 14992
14992 1475 4980
1475 4980 14992
14832 1461 6604
1461 6604 14832
6604 1461 14832
7420 3266 10065
10065 3266 7420
3266 7420 10065
9428 9997 10611
10611 9428 9997
9997 9428 10611
7514 1962 11281
11281 1962 7514
1962 7514 11281
6816 10560 11782
11782 6816 10560
10560 6816 11782
13933 3820 12222
3820 12222 13933
12222 3820 13933
12783 11944 12330
11944 12330 12783
12330 11944 12783
69 1311 10762
10762 69 1311
1311 69 10762
3170 5372 7787
7787 3170 5372
5372 3170 7787
300 9124 9308
9308 300 9124
9124 300 9308
13925 9604 12976
12976 9604 13925
9604 12976 13925
10992 2189 4908
4908 2189 10992
2189 4908 10992
14432 6127 8395
6127 8395 14432
8395 6127 14432
7609 1448 14206
1448 7609 14206
14206 1448 7609
4144 7303 8935
8935 4144 7303
7303 4144 8935
2929 6349 14898
6349 2929 14898
14898 2929 6349
4288 10137 12042
10137 4288 12042
12042 4288 10137
2948 12617 12754
12754 2948 12617
12617 2948 12754
12175 1381 8224
1381 8224 12175
8224 1381 12175
8322 5143 13764
13764 5143 8322
5143 8322 13764
9359 2050 6476
6476 2050 9359
2050 6476 9359
3462 5092 14028
14028 3462 5092
5092 3462 14028
9041 2313 13930
2313 9041 13930
13930 2313 9041
1344 275 7536
275 1344 7536
7536 275 1344
5671 3573 10769
3573 5671 10769
10769 3573 5671
8518 5236 5910
5910 5236 8518
5236 5910 8518
304 6610 7881
7881 304 6610
6610 304 7881
13182 6174 14235
6174 13182 14235
14235 6174 13182
13748 1993 10283
10283 1993 13748
1993 10283 13748
2534 3448 4092
3448 2534 4092
4092 2534 3448
10704 3433 7806
7806 3433 10704
3433 7806 10704
13278 6840 14430
14430 6840 13278
6840 13278 14430
404 4990 9698
4990 404 9698
9698 404 4990
13007 5914 11478
5914 11478 13007
11478 5914 13007
9992 2217 10764
2217 9992 10764
10764 2217 9992
8811 6459 8231
8231 6459 8811
6459 8231 8811
7152 6963 9101
9101 6963 7152
6963 7152 9101
857 9546 14180
9546 857 14180
14180 857 9546
2507 5002 8055
8055 2507 5002
5002 2507 8055
4293 3370 8403
3370 4293 8403
8403 3370 4293
3785 13786 14754
13786 3785 14754
14754 3785 13786
11972 1733 5587
5587 1733 11972
1733 5587 11972
2753 11064 12401
12401 2753 11064
11064 2753 12401
6868 2001 3507
3507 2001 6868
2001 3507 6868
2340 10066 11430
10066 2340 11430
11430 2340 10066
10079 1915 10010
1915 10010 10079
10010 1915 10079
683 1889 4809
1889 683 4809
4809 683 1889
5333 7528 14790
14790 5333 7528
7528 5333 14790
3585 7655 8972
8972 3585 7655
7655 3585 8972
14043 4226 13486
13486 4226 14043
4226 13486 14043
12921 1734 9417
1734 9417 12921
9417 1734 12921
9478 14370 14563
14563 9478 14370
14370 9478 14563
7345 2667 7084
2667 7084 7345
7084 2667 7345
2226 2344 3272
2344 2226 3272
3272 2226 2344
6200 5725 6818
6818 5725 6200
5725 6200 6818
826 8319 10863
8319 826 10863
10863 826 8319
38 5037 14165
5037 38 14165
14165 38 5037
5641 3048 11416
11416 3048 5641
3048 5641 11416
13958 1765 10109
10109 1765 13958
1765 10109 13958
9403 11072 11263
11263 9403 11072
11072 9403 11263
8915 3935 9445
3935 8915 9445
9445 3935 8915
6202 7661 13814
7661 6202 13814
13814 6202 7661
13469 1089 5015
5015 1089 13469
1089 5015 13469
9043 5690 7652
7652 5690 9043
5690 7652 9043
6559 8543 11105
11105 6559 8543
8543 6559 11105
2397 9127 10683
9127 2397 10683
10683 2397 9127
421 4819 7510
7510 421 4819
4819 421 7510
13494 4562 12986
12986 4562 13494
4562 12986 13494
5100 10427 11344
11344 5100 10427
10427 5100 11344
2489 7041 10602
7041 2489 10602
10602 2489 7041
5176 3396 10350
10350 3396 5176
3396 5176 10350
3761 1373 6835
1373 3761 6835
6835 1373 3761
13686 4994 10023
10023 4994 13686
4994 10023 13686
10842 6391 8903
8903 6391 10842
6391 8903 10842
12483 6372 13371
6372 12483 13371
13371 6372 12483
815 4440 6132
4440 815 6132
6132 815 4440
1655 1931 8245
1931 1655 8245
8245 1655 1931
11689 657 11883
11883 657 11689
657 11689 11883
5475 2887 4773
2887 4773 5475
4773 2887 5475
4404 7288 10544
10544 4404 7288
7288 4404 10544
11393 187 1698
1698 187 11393
187 1698 11393
7464 5857 9449
9449 5857 7464
5857 7464 9449
3992 9443 10834
9443 3992 10834
10834 3992 9443
14170 9456 13709
13709 9456 14170
9456 13709 14170
4516 476 12860
476 4516 12860
12860 476 4516
3206 6862 13010
6862 3206 13010
13010 3206 6862
13213 1326 13529
13529 1326 13213
1326 13213 13529
13348 5076 6537
6537 5076 13348
5076 6537 13348
7937 1971 5392
1971 5392 7937
5392 1971 7937
12312 9736 12513
12513 9736 12312
9736 12312 12513
3016 2701 7155
2701 3016 7155
7155 2701 3016
14483 7891 10281
7891 10281 14483
10281 7891 14483
10194 5481 14564
5481 10194 14564
14564 5481 10194
893 10411 12131
12131 893 10411
10411 893 12131
5728 4434 13990
4434 5728 13990
13990 4434 5728
10263 5467 5972
5467 5972 10263
5972 5467 10263
6562 5340 12348
12348 5340 6562
5340 6562 12348
9713 6609 11798
11798 6609 9713
6609 9713 11798
6462 9338 13456
9338 6462 13456
13456 6462 9338
202 2825 8096
2825 202 8096
8096 202 2825
7792 1137 1374
1137 1374 7792
1374 1137 7792
666 9036 11232
9036 666 11232
11232 666 9036
25 1858 5045
5045 25 1858
1858 25 5045
11199 238 2060
2060 238 11199
238 2060 11199
14731 3903 6028
6028 3903 14731
3903 6028 14731
1679 9607 12472
9607 1679 12472
12472 1679 9607
43 6618 6824
6618 43 6824
6824 43 6618
1388 5510 14533
14533 1388 5510
5510 1388 14533
4733 6918 6971
6918 4733 6971
6971 4733 6918
11007 5067 13747
5067 11007 13747
13747 5067 11007
547 9846 10333
10333 547 9846
9846 547 10333
14151 8536 13919
13919 8536 14151
8536 13919 14151
2606 4675 6680
4675 2606 6680
6680 2606 4675
14657 990 3037
3037 990 14657
990 3037 14657
4745 5431 13853
5431 4745 13853
13853 4745 5431
12048 5288 12050
5288 12048 12050
12050 5288 12048
14454 3508 14543
3508 14454 14543
14543 3508 14454
10918 6058 7356
6058 7356 10918
7356 6058 10918
5457 7843 8312
7843 5457 8312
8312 5457 7843
13842 3412 9744
9744 3412 13842
3412 9744 13842
10787 10123 13801
13801 10123 10787
10123 10787 13801
9865 7897 8728
8728 7897 9865
7897 8728 9865
2522 8480 14795
14795 2522 8480
8480 2522 14795
5543 4402 5540
5540 4402 5543
4402 5540 5543
6978 851 1657
1657 851 6978
851 1657 6978
6627 4701 7386
7386 4701 6627
4701 6627 7386
499 2878 5159
5159 499 2878
2878 499 5159
11440 5426 13495
13495 5426 11440
5426 11440 13495
5141 165 8352
165 5141 8352
8352 165 5141
540 9 13460
13460 9 540
9 540 13460
843 2853 14352
14352 843 2853
2853 843 14352
9295 675 11377
11377 675 9295
675 9295 11377
8049 381 10758
10758 381 8049
381 8049 10758
12688 9153 9451
9153 9451 12688
9451 9153 12688
1579 11898 12830
11898 1579 12830
12830 1579 11898
1024 2304 13148
13148 1024 2304
2304 1024 13148
13097 9016 13431
9016 13097 13431
13431 9016 13097
449 9529 14555
9529 449 14555
14555 449 9529
12935 5382 13792
5382 12935 13792
13792 5382 12935
8879 2085 5376
2085 5376 8879
5376 2085 8879
14791 10469 13775
13775 10469 14791
10469 13775 14791
11371 12881 13592
13592 11371 12881
12881 11371 13592
12276 3758 5970
5970 3758 12276
3758 5970 12276
9588 1960 10418
1960 9588 10418
10418 1960 9588
1099 4574 4786
4786 1099 4574
4574 1099 4786
5185 4826 14884
14884 4826 5185
4826 5185 14884
4442 12924 13803
12924 4442 13803
13803 4442 12924
8330 8593 12103
8593 8330 12103
12103 8330 8593
11524 3948 10711
10711 3948 11524
3948 10711 11524
1128 12440 13475
12440 1128 13475
13475 1128 12440
2648 331 6228
331 2648 6228
6228 331 2648
5115 3312 3410
3312 3410 5115
3410 3312 5115
19 273 10817
273 19 10817
10817 19 273
14532 2164 5591
5591 2164 14532
2164 5591 14532
9532 6252 7961
6252 7961 9532
7961 6252 9532
7484 2617 14757
14757 2617 7484
2617 7484 14757
7183 4281 14711
14711 4281 7183
4281 7183 14711
8452 719 10191
719 8452 10191
10191 719 8452
11761 1403 13332
13332 1403 11761
1403 11761 13332
9623 7544 14263
14263 7544 9623
7544 9623 14263
7417 26 2111
2111 26 7417
26 2111 7417
10808 1206 13447
1206 10808 13447
13447 1206 10808
2247 5933 11138
11138 2247 5933
5933 2247 11138
4108 739 3486
739 3486 4108
3486 739 4108
4110 4109 7348
7348 4109 4110
4109 4110 7348
2537 1028 8814
1028 2537 8814
8814 1028 2537
10125 524 13493
13493 524 10125
524 10125 13493
6786 6328 12505
12505 6328 6786
6328 6786 12505
977 609 7581
609 977 7581
7581 609 977
10416 13921 14569
14569 10416 13921
13921 10416 14569
3047 8068 10831
8068 3047 10831
10831 3047 8068
3173 6839 7181
7181 3173 6839
6839 3173 7181
10084 3367 14479
14479 3367 10084
3367 10084 14479
10848 3145 13045
13045 3145 10848
3145 10848 13045
2781 14441 14513
14441 2781 14513
14513 2781 14441
4156 13177 13973
13177 4156 13973
13973 4156 13177
7945 796 11491
11491 796 7945
796 7945 11491
907 4305 7400
4305 907 7400
7400 907 4305
5300 4737 14786
14786 4737 5300
4737 5300 14786
9910 2966 13780
13780 2966 9910
2966 9910 13780
8073 9548 13683
9548 8073 13683
13683 8073 9548
1142 6348 11597
11597 1142 6348
6348 1142 11597
1827 3806 3918
3918 1827 3806
3806 1827 3918
8672 4500 6834
6834 4500 8672
4500 6834 8672
8391 5979 10346
10346 5979 8391
5979 8391 10346
12381 10155 13737
10155 12381 13737
13737 10155 12381
7398 5596 11180
11180 5596 7398
5596 7398 11180
4828 775 4717
775 4717 4828
4717 775 4828
11399 6557 10753
6557 10753 11399
10753 6557 11399
8340 824 12755
12755 824 8340
824 8340 12755
2581 6924 10336
10336 2581 6924
6924 2581 10336
13900 3729 13560
13560 3729 13900
3729 13560 13900
8444 2068 14810
2068 8444 14810
14810 2068 8444
13156 6430 8242
6430 8242 13156
8242 6430 13156
1583 3515 4527
4527 1583 3515
3515 1583 4527
8134 1329 14415
14415 1329 8134
1329 8134 14415
3590 9186 14461
9186 3590 14461
14461 3590 9186
82 11457 11686
11686 82 11457
11457 82 11686
11662 2385 9448
2385 9448 11662
9448 2385 11662
5866 12033 12166
12166 5866 12033
12033 5866 12166
14517 8040 8083
8083 8040 14517
8040 8083 14517
6270 1724 10620
10620 1724 6270
1724 6270 10620
7323 6240 9249
9249 6240 7323
6240 7323 9249
2170 214 11119
214 2170 11119
11119 214 2170
5702 1055 2862
2862 1055 5702
1055 2862 5702
8072 429 8037
429 8037 8072
8037 429 8072
11658 668 2156
668 2156 11658
2156 668 11658
929 1234 5217
1234 929 5217
5217 929 1234
3916 5566 7732
7732 3916 5566
5566 3916 7732
1508 6069 8967
8967 1508 6069
6069 1508 8967
6265 6002 12354
12354 6002 6265
6002 6265 12354
5787 5386 5825
5386 5787 5825
5825 5386 5787
9191 11456 11548
11456 9191 11548
11548 9191 11456
3405 2586 4960
2586 3405 4960
4960 2586 3405
2987 669 8450
669 2987 8450
8450 669 2987
13530 3993 6993
3993 6993 13530
6993 3993 13530
9760 7591 13823
13823 7591 9760
7591 9760 13823
8934 11863 14588
11863 8934 14588
14588 8934 11863
5040 7648 7840
7840 5040 7648
7648 5040 7840
5672 3606 12647
3606 5672 12647
12647 3606 5672
182 7014 13068
7014 182 13068
13068 182 7014
6276 6079 8990
8990 6079 6276
6079 6276 8990
13965 616 5215
616 5215 13965
5215 616 13965
724 161 8945
161 724 8945
8945 161 724
13651 2562 9763
9763 2562 13651
2562 9763 13651
13696 2405 13017
2405 13017 13696
13017 2405 13696
3072 11707 12963
12963 3072 11707
11707 3072 12963
12475 11461 14573
11461 12475 14573
14573 11461 12475
7587 1315 6623
6623 1315 7587
1315 6623 7587
10593 6478 10601
10601 6478 10593
6478 10593 10601
12871 5600 13259
5600 12871 13259
13259 5600 12871
1294 10404 14435
14435 1294 10404
10404 1294 14435
1341 7761 8724
7761 1341 8724
8724 1341 7761
2682 8124 8881
8881 2682 8124
8124 2682 8881
11736 771 9831
9831 771 11736
771 9831 11736
11521 8921 11068
11068 8921 11521
8921 11068 11521
13665 4073 14190
4073 13665 14190
14190 4073 13665
11038 2589 3099
2589 3099 11038
3099 2589 11038
6162 10465 12764
10465 6162 12764
12764 6162 10465
6113 1466 9905
9905 1466 6113
1466 6113 9905
13931 6441 10448
6441 10448 13931
10448 6441 13931
7329 981 8118
981 7329 8118
8118 981 7329
8088 8249 10779
10779 8088 8249
8249 8088 10779
4498 4744 7996
4744 4498 7996
7996 4498 4744
7494 439 3204
3204 439 7494
439 3204 7494
9527 8560 10660
8560 9527 10660
10660 8560 9527
11233 8759 13588
8759 11233 13588
13588 8759 11233
10929 4000 8742
8742 4000 10929
4000 8742 10929
5556 2501 5276
2501 5276 5556
5276 2501 5556
9317 688 13732
688 9317 13732
13732 688 9317
3034 11646 12624
11646 3034 12624
12624 3034 11646
14111 13268 13983
13268 13983 14111
13983 13268 14111
1117 2064 3860
2064 1117 3860
3860 1117 2064
9119 11625 14794
11625 9119 14794
14794 9119 11625
11949 11746 12577
11746 11949 12577
12577 11746 11949
10798 7713 9878
7713 9878 10798
9878 7713 10798
12127 1527 10174
10174 1527 12127
1527 10174 12127
7633 372 11173
11173 372 7633
372 7633 11173
14845 7697 11554
11554 7697 14845
7697 11554 14845
4848 525 7554
525 4848 7554
7554 525 4848
13053 12621 13554
12621 13053 13554
13554 12621 13053
3230 712 4124
712 3230 4124
4124 712 3230
2655 4540 13206
13206 2655 4540
4540 2655 13206
8890 2764 14792
14792 2764 8890
2764 8890 14792
14182 837 12947
12947 837 14182
837 12947 14182
3071 2535 14160
14160 2535 3071
2535 3071 14160
6493 6792 10537
6792 6493 10537
10537 6493 6792
13342 3051 13583
13583 3051 13342
3051 13342 13583
5808 6819 14743
14743 5808 6819
6819 5808 14743
922 6161 6543
6543 922 6161
6161 922 6543
941 10750 13208
13208 941 10750
10750 941 13208
5717 7442 12019
7442 5717 12019
12019 5717 7442
9583 2602 3881
3881 2602 9583
2602 3881 9583
5066 772 14503
14503 772 5066
772 5066 14503
1249 11196 13334
13334 1249 11196
11196 1249 13334
13080 9734 11076
11076 9734 13080
9734 11076 13080
3643 4479 9074
9074 3643 4479
4479 3643 9074
10294 805 13845
13845 805 10294
805 10294 13845
12574 3836 10879
3836 10879 12574
10879 3836 12574
14777 4487 12535
4487 12535 14777
12535 4487 14777
715 5402 8481
5402 715 8481
8481 715 5402
4583 4385 5194
5194 4385 4583
4385 4583 5194
12570 995 1708
995 1708 12570
1708 995 12570
12043 9431 13734
9431 12043 13734
13734 9431 12043
10536 2807 8175
2807 8175 10536
8175 2807 10536
9052 4256 8375
8375 4256 9052
4256 8375 9052
9250 8419 13521
13521 8419 9250
8419 9250 13521
12435 2746 9720
9720 2746 12435
2746 9720 12435
1783 1980 9362
1980 1783 9362
9362 1783 1980
9955 1027 1883
1883 1027 9955
1027 1883 9955
3555 7511 7547
7511 3555 7547
7547 3555 7511
2998 142 12075
12075 142 2998
142 2998 12075
8390 10744 14300
10744 8390 14300
14300 8390 10744
8820 7965 12446
12446 7965 8820
7965 8820 12446
12837 8675 9621
9621 8675 12837
8675 9621 12837
14118 1058 9989
9989 1058 14118
1058 9989 14118
1104 7248 8949
8949 1104 7248
7248 1104 8949
5881 14082 14446
14446 5881 14082
14082 5881 14446
13313 6717 13852
13852 6717 13313
6717 13313 13852
2093 7647 10771
7647 2093 10771
10771 2093 7647
530 4323 10159
10159 530 4323
4323 530 10159
4930 4195 14244
4195 4930 14244
14244 4195 4930
10205 10625 12644
10625 10205 12644
12644 10205 10625
7817 5824 12968
12968 5824 7817
5824 7817 12968
7885 9802 13658
13658 7885 9802
9802 7885 13658
660 6682 13154
13154 660 6682
6682 660 13154
2417 4953 14392
4953 2417 14392
14392 2417 4953
10242 8186 8439
8439 8186 10242
8186 8439 10242
10232 3985 8648
3985 8648 10232
8648 3985 10232
9961 1277 3459
