1438 735 1437
735 1437 1438
1437 735 1438
281 737 956
737 281 956
956 281 737
931 507 1172
507 931 1172
1172 507 931
1087 716 802
716 802 1087
802 716 1087
1022 617 1067
1067 617 1022
617 1022 1067
239 603 958
603 239 958
958 239 603
511 61 763
763 61 511
61 511 763
1417 223 749
223 749 1417
749 223 1417
902 1393 1426
1426 902 1393
1393 902 1426
1311 986 1044
986 1044 1311
1044 986 1311
739 1258 1275
1258 739 1275
1275 739 1258
936 1283 1408
1283 936 1408
1408 936 1283
164 639 1496
639 164 1496
1496 164 639
1251 650 1364
650 1251 1364
1364 650 1251
158 772 1059
772 158 1059
1059 158 772
1291 1071 1460
1071 1291 1460
1460 1071 1291
858 150 1266
1266 150 858
150 858 1266
1480 210 1000
1000 210 1480
210 1000 1480
952 147 663
147 663 952
663 147 952
1344 100 473
473 100 1344
100 473 1344
367 275 731
275 367 731
731 275 367
240 291 381
381 240 291
291 240 381
355 90 1014
90 355 1014
1014 90 355
17 174 213
213 17 174
174 17 213
1036 221 251
251 221 1036
221 251 1036
942 144 946
144 942 946
946 144 942
305 317 920
920 305 317
317 305 920
596 1118 1169
1118 596 1169
1169 596 1118
1099 915 1494
1494 915 1099
915 1099 1494
1260 579 1431
579 1260 1431
1431 579 1260
1381 456 1117
1117 456 1381
456 1117 1381
1374 50 605
50 605 1374
605 50 1374
976 170 327
170 327 976
327 170 976
320 348 387
387 320 348
348 320 387
30 208 1104
1104 30 208
208 30 1104
652 404 1350
1350 404 652
404 652 1350
875 395 1420
395 875 1420
1420 395 875
71 501 1475
1475 71 501
501 71 1475
570 278 1088
278 570 1088
1088 278 570
832 248 815
248 815 832
815 248 832
1090 392 1349
1349 392 1090
392 1090 1349
876 254 1219
254 876 1219
1219 254 876
455 323 625
323 455 625
625 323 455
632 362 773
362 632 773
773 362 632
1002 194 1261
194 1002 1261
1261 194 1002
295 104 119
104 119 295
119 104 295
66 545 1307
1307 66 545
545 66 1307
713 426 1296
426 713 1296
1296 426 713
1443 729 863
863 729 1443
729 863 1443
1035 539 1340
539 1035 1340
1340 539 1035
1228 354 861
354 861 1228
861 354 1228
220 461 696
461 220 696
696 220 461
677 620 662
662 620 677
620 662 677
591 413 781
781 413 591
413 591 781
1473 214 600
600 214 1473
214 600 1473
1442 1003 1302
1003 1302 1442
1302 1003 1442
799 336 1189
1189 336 799
336 799 1189
146 890 943
943 146 890
890 146 943
588 157 1069
1069 157 588
157 588 1069
22 1031 1314
1031 22 1314
1314 22 1031
172 712 1466
712 172 1466
1466 172 712
1488 636 706
636 706 1488
706 636 1488
44 415 784
784 44 415
415 44 784
361 34 35
34 35 361
35 34 361
1201 64 124
124 64 1201
64 124 1201
1320 656 997
997 656 1320
656 997 1320
257 1176 1181
1181 257 1176
1176 257 1181
752 925 1257
925 752 1257
1257 752 925
351 380 642
642 351 380
380 351 642
646 68 1289
1289 68 646
68 646 1289
328 666 968
968 328 666
666 328 968
767 388 824
388 767 824
824 388 767
1100 940 1004
940 1004 1100
1004 940 1100
927 246 1414
246 927 1414
1414 246 927
747 1384 1445
1445 747 1384
1384 747 1445
82 25 1008
25 82 1008
1008 25 82
704 142 1010
1010 142 704
142 704 1010
1029 592 1235
592 1029 1235
1235 592 1029
1285 448 683
448 683 1285
683 448 1285
312 930 1252
1252 312 930
930 312 1252
1253 375 489
375 489 1253
489 375 1253
543 224 817
817 224 543
224 543 817
1382 136 1277
136 1277 1382
1277 136 1382
149 508 1373
508 149 1373
1373 149 508
141 18 691
18 141 691
691 18 141
983 494 1145
1145 494 983
494 983 1145
207 1240 1301
1301 207 1240
1240 207 1301
578 31 94
31 94 578
94 31 578
818 216 855
216 818 855
855 216 818
804 808 1400
808 804 1400
1400 804 808
560 722 1454
1454 560 722
722 560 1454
1326 929 1068
1068 929 1326
929 1068 1326
1298 1383 1478
1478 1298 1383
1383 1298 1478
1177 486 1192
486 1177 1192
1192 486 1177
621 192 1401
1401 192 621
192 621 1401
576 934 1021
1021 576 934
934 576 1021
114 84 812
84 114 812
812 84 114
369 869 1231
869 369 1231
1231 369 869
628 614 1143
614 628 1143
1143 614 628
748 159 167
167 159 748
159 167 748
860 715 1162
715 860 1162
1162 715 860
564 99 162
99 162 564
162 99 564
585 955 1215
1215 585 955
955 585 1215
1101 705 908
908 705 1101
705 908 1101
1141 203 1483
203 1141 1483
1483 203 1141
1131 807 1315
1315 807 1131
807 1131 1315
750 718 966
966 718 750
718 750 966
1482 16 1191
16 1191 1482
1191 16 1482
1227 166 530
530 166 1227
166 530 1227
1206 523 888
523 888 1206
888 523 1206
756 245 393
245 393 756
393 245 756
1434 550 862
550 862 1434
862 550 1434
1114 290 710
290 710 1114
710 290 1114
1074 1255 1428
1255 1074 1428
1428 1074 1255
1190 330 1220
330 1190 1220
1220 330 1190
1413 107 680
107 680 1413
680 107 1413
437 79 383
383 79 437
79 383 437
520 29 1392
1392 29 520
29 520 1392
425 864 1472
1472 425 864
864 425 1472
241 40 467
467 40 241
40 241 467
1130 775 1399
1399 775 1130
775 1130 1399
1155 904 1477
904 1155 1477
1477 904 1155
1411 999 1015
999 1015 1411
1015 999 1411
819 546 1406
546 819 1406
1406 546 819
894 403 1256
403 894 1256
1256 403 894
753 134 316
316 134 753
134 316 753
441 285 396
285 396 441
396 285 441
218 252 1053
1053 218 252
252 218 1053
676 454 814
454 676 814
814 454 676
703 6 567
6 567 703
567 6 703
321 587 1295
1295 321 587
587 321 1295
932 78 1339
1339 78 932
78 932 1339
1062 464 984
984 464 1062
464 984 1062
794 274 475
475 274 794
274 475 794
1436 329 726
329 726 1436
726 329 1436
1317 232 723
723 232 1317
232 723 1317
1193 247 562
562 247 1193
247 562 1193
1429 988 1380
988 1380 1429
1380 988 1429
1306 513 668
513 668 1306
668 513 1306
80 371 637
637 80 371
371 80 637
910 268 1461
1461 268 910
268 910 1461
742 917 1293
917 742 1293
1293 742 917
1396 1323 1390
1390 1323 1396
1323 1390 1396
903 760 967
760 903 967
967 760 903
1005 49 1322
1322 49 1005
49 1005 1322
901 743 744
744 743 901
743 744 901
990 70 994
70 990 994
994 70 990
895 140 280
280 140 895
140 280 895
1081 45 947
45 947 1081
947 45 1081
679 796 1011
796 679 1011
1011 679 796
1075 42 385
385 42 1075
42 385 1075
1180 296 1061
1061 296 1180
296 1061 1180
72 301 1444
301 72 1444
1444 72 301
1403 452 463
452 463 1403
463 452 1403
1045 95 370
95 370 1045
370 95 1045
805 838 1064
838 805 1064
1064 805 838
707 687 919
919 687 707
687 707 919
939 3 85
85 3 939
3 85 939
1405 267 490
490 267 1405
267 490 1405
435 664 1188
1188 435 664
664 435 1188
882 326 1006
1006 326 882
326 882 1006
231 1112 1268
1268 231 1112
1112 231 1268
1424 581 1452
1452 581 1424
581 1424 1452
518 717 1209
717 518 1209
1209 518 717
1030 160 376
376 160 1030
160 376 1030
27 436 476
436 27 476
476 27 436
667 568 1331
568 667 1331
1331 568 667
5 173 444
444 5 173
173 5 444
235 1089 1416
1416 235 1089
1089 235 1416
1102 163 1299
163 1102 1299
1299 163 1102
410 14 449
449 14 410
14 410 449
965 881 1449
1449 881 965
881 965 1449
1199 266 1038
266 1038 1199
1038 266 1199
933 88 131
88 131 933
131 88 933
610 458 485
485 458 610
458 485 610
233 368 711
711 233 368
368 233 711
1345 411 1432
411 1345 1432
1432 411 1345
1073 1039 1421
1039 1073 1421
1421 1039 1073
1328 782 1410
1410 782 1328
782 1328 1410
1278 457 1070
1070 457 1278
457 1070 1278
870 117 571
117 571 870
571 117 870
261 1054 1106
1106 261 1054
1054 261 1106
850 492 884
492 850 884
884 492 850
52 751 1286
1286 52 751
751 52 1286
1072 262 1124
1124 262 1072
262 1072 1124
776 13 169
13 169 776
169 13 776
589 311 1197
311 589 1197
1197 311 589
43 1218 1353
1218 43 1353
1353 43 1218
484 433 538
433 484 538
538 433 484
658 168 789
789 168 658
168 658 789
1120 309 757
309 757 1120
757 309 1120
609 836 1389
1389 609 836
836 609 1389
250 129 1151
129 250 1151
1151 129 250
121 186 537
537 121 186
186 121 537
536 41 260
41 260 536
260 41 536
957 288 843
843 288 957
288 843 957
795 1310 1446
1310 795 1446
1446 795 1310
222 292 344
292 222 344
344 222 292
1138 148 522
522 148 1138
148 522 1138
1085 419 1422
1422 419 1085
419 1085 1422
108 622 825
825 108 622
622 108 825
685 487 1234
487 685 1234
1234 487 685
708 123 394
394 123 708
123 394 708
1133 533 964
533 964 1133
964 533 1133
350 1263 1378
1378 350 1263
1263 350 1378
1259 995 1347
1347 995 1259
995 1259 1347
1121 197 643
643 197 1121
197 643 1121
893 205 857
205 857 893
857 205 893
1139 282 681
282 681 1139
681 282 1139
109 345 1363
345 109 1363
1363 109 345
60 59 1001
1001 59 60
59 60 1001
970 331 1012
331 970 1012
1012 331 970
727 179 287
287 179 727
179 287 727
63 238 505
238 63 505
505 63 238
28 428 1041
428 28 1041
1041 28 428
1471 1113 1352
1113 1352 1471
1352 1113 1471
366 741 1210
1210 366 741
741 366 1210
453 352 779
352 453 779
779 352 453
498 75 204
75 204 498
204 75 498
337 408 1358
408 337 1358
1358 337 408
81 101 1319
101 81 1319
1319 81 101
1157 558 721
558 721 1157
721 558 1157
1395 183 1166
183 1166 1395
1166 183 1395
764 500 1368
1368 500 764
500 764 1368
758 892 1288
892 758 1288
1288 758 892
1338 1148 1334
1334 1148 1338
1148 1334 1338
1105 276 595
276 595 1105
595 276 1105
694 86 1458
86 694 1458
1458 86 694
989 1013 1244
1013 989 1244
1244 989 1013
468 847 1048
847 468 1048
1048 468 847
1249 234 552
234 552 1249
552 234 1249
165 421 806
806 165 421
421 165 806
472 879 1287
879 472 1287
1287 472 879
271 532 672
672 271 532
532 271 672
792 969 1239
969 792 1239
1239 792 969
950 228 653
653 228 950
228 653 950
991 724 1305
1305 724 991
724 991 1305
256 397 1492
1492 256 397
397 256 1492
20 720 1049
720 20 1049
1049 20 720
15 606 641
606 15 641
641 15 606
182 209 974
209 182 974
974 182 209
1056 92 1463
1463 92 1056
92 1056 1463
669 842 1467
842 669 1467
1467 669 842
899 358 811
358 811 899
811 358 899
905 1303 1394
1303 905 1394
1394 905 1303
529 451 1060
1060 451 529
451 529 1060
1453 253 1024
253 1024 1453
1024 253 1453
761 601 1046
1046 601 761
601 761 1046
831 1207 1459
1207 831 1459
1459 831 1207
608 83 417
83 417 608
417 83 608
830 618 1490
1490 618 830
618 830 1490
612 402 961
961 402 612
402 612 961
237 502 1309
1309 237 502
502 237 1309
225 730 1361
1361 225 730
730 225 1361
1265 73 289
289 73 1265
73 289 1265
420 308 778
308 420 778
778 308 420
1415 138 810
138 810 1415
810 138 1415
971 314 1242
1242 314 971
314 971 1242
1423 478 1497
1497 478 1423
478 1423 1497
1196 318 693
318 693 1196
693 318 1196
153 51 630
630 51 153
51 153 630
423 597 1484
597 423 1484
1484 423 597
736 541 1290
1290 541 736
541 736 1290
77 227 1430
227 77 1430
1430 77 227
339 635 1203
635 339 1203
1203 339 635
944 152 820
152 820 944
820 152 944
1495 686 951
686 951 1495
951 686 1495
553 1135 1284
1284 553 1135
1135 553 1284
1387 462 1078
462 1078 1387
1078 462 1387
822 1194 1419
1194 822 1419
1419 822 1194
911 848 1116
1116 848 911
848 911 1116
851 981 1455
1455 851 981
981 851 1455
1297 526 740
526 740 1297
740 526 1297
181 4 277
277 4 181
4 181 277
414 1304 1385
1304 414 1385
1385 414 1304
1182 193 1451
193 1182 1451
1451 193 1182
512 113 659
113 512 659
659 113 512
574 206 907
206 574 907
907 206 574
1362 734 979
734 979 1362
979 734 1362
176 390 982
982 176 390
390 176 982
496 171 671
671 171 496
171 496 671
1057 640 675
675 640 1057
640 675 1057
340 445 887
887 340 445
445 340 887
1377 528 1183
528 1183 1377
1183 528 1377
307 365 1122
1122 307 365
365 307 1122
406 777 1086
777 406 1086
1086 406 777
156 293 443
443 156 293
293 156 443
1248 645 733
733 645 1248
645 733 1248
1447 791 829
791 829 1447
829 791 1447
1486 549 1083
1083 549 1486
549 1083 1486
551 56 692
56 551 692
692 56 551
1211 525 1236
525 1211 1236
1236 525 1211
255 580 783
783 255 580
580 255 783
1456 1080 1370
1370 1080 1456
1080 1370 1456
599 1111 1125
1125 599 1111
1111 599 1125
834 883 985
883 834 985
985 834 883
506 770 1186
1186 506 770
770 506 1186
548 631 1096
1096 548 631
631 548 1096
975 604 719
604 719 975
719 604 975
1132 217 1351
217 1132 1351
1351 217 1132
978 11 1032
1032 11 978
11 978 1032
938 103 1348
103 938 1348
1348 103 938
607 935 1129
1129 607 935
935 607 1129
809 67 1016
67 809 1016
1016 67 809
12 313 1134
1134 12 313
313 12 1134
798 627 1325
627 798 1325
1325 627 798
1179 53 835
53 835 1179
835 53 1179
33 32 1267
1267 32 33
32 33 1267
780 972 1332
972 780 1332
1332 780 972
1388 440 613
440 613 1388
613 440 1388
315 187 1342
187 315 1342
1342 187 315
996 199 1034
199 996 1034
1034 199 996
1448 479 1327
479 1327 1448
1327 479 1448
356 503 1164
1164 356 503
503 356 1164
1318 211 1441
1441 211 1318
211 1318 1441
569 1195 1243
1243 569 1195
1195 569 1243
1170 230 306
230 306 1170
306 230 1170
125 89 1276
89 125 1276
1276 89 125
1282 923 1178
1178 923 1282
923 1178 1282
1167 534 1404
1404 534 1167
534 1167 1404
1279 357 1153
1153 357 1279
357 1153 1279
189 9 1245
1245 9 189
9 189 1245
793 647 891
647 793 891
891 647 793
1337 634 1025
1025 634 1337
634 1025 1337
1397 1033 1158
1033 1158 1397
1158 1033 1397
1051 263 841
841 263 1051
263 841 1051
215 377 1127
377 215 1127
1127 215 377
442 1184 1335
1184 442 1335
1335 442 1184
928 1115 1321
1115 928 1321
1321 928 1115
398 418 1212
418 398 1212
1212 398 418
128 112 459
112 128 459
459 112 128
633 8 1440
8 633 1440
1440 8 633
1123 871 1407
871 1123 1407
1407 871 1123
1027 65 184
184 65 1027
65 184 1027
559 497 960
960 497 559
497 559 960
1425 57 242
242 57 1425
57 242 1425
180 264 1371
264 180 1371
1371 180 264
447 873 878
878 447 873
873 447 878
409 118 1264
1264 118 409
118 409 1264
1313 304 1040
1040 304 1313
304 1040 1313
499 10 1450
10 499 1450
1450 10 499
1047 87 554
554 87 1047
87 554 1047
386 573 1354
1354 386 573
573 386 1354
198 39 46
39 46 198
46 39 198
1343 877 1493
877 1343 1493
1493 877 1343
866 23 1272
23 866 1272
1272 23 866
471 69 1082
1082 69 471
69 471 1082
1324 844 1271
844 1271 1324
1271 844 1324
1464 297 359
297 359 1464
359 297 1464
980 544 886
886 544 980
544 886 980
1356 96 439
96 439 1356
439 96 1356
431 106 977
977 106 431
106 431 977
837 566 648
566 648 837
648 566 837
1213 673 921
673 921 1213
921 673 1213
840 37 1023
37 840 1023
1023 37 840
139 689 1479
1479 139 689
689 139 1479
272 319 379
319 272 379
379 272 319
556 58 845
58 556 845
845 58 556
1147 1119 1360
1119 1147 1360
1360 1119 1147
120 335 378
378 120 335
335 120 378
1103 504 1095
1095 504 1103
504 1095 1103
1050 343 738
343 738 1050
738 343 1050
1469 422 1149
422 1149 1469
1149 422 1469
827 1076 1230
1230 827 1076
1076 827 1230
516 565 665
665 516 565
565 516 665
466 670 1485
670 466 1485
1485 466 670
2 937 1009
1009 2 937
937 2 1009
1150 405 474
474 405 1150
405 474 1150
728 714 859
714 728 859
859 714 728
872 429 1097
429 872 1097
1097 429 872
270 469 909
469 270 909
909 270 469
649 542 785
785 542 649
542 649 785
1336 754 1500
1500 754 1336
754 1336 1500
514 1144 1487
1144 514 1487
1487 514 1144
54 400 926
926 54 400
400 54 926
363 161 856
856 161 363
161 363 856
19 460 823
823 19 460
460 19 823
151 137 800
800 137 151
137 151 800
1427 74 557
74 557 1427
557 74 1427
1365 325 732
325 732 1365
732 325 1365
684 1 1491
1491 1 684
1 684 1491
1470 700 1058
700 1058 1470
1058 700 1470
593 561 1316
1316 561 593
561 593 1316
521 91 626
91 521 626
626 91 521
1270 771 1386
771 1270 1386
1386 771 1270
913 105 1174
105 913 1174
1174 105 913
1379 616 1020
616 1020 1379
1020 616 1379
1137 416 1205
416 1137 1205
1205 416 1137
1274 547 1435
547 1274 1435
1435 547 1274
430 201 922
201 430 922
922 201 430
787 1079 1398
1398 787 1079
1079 787 1398
998 660 801
660 801 998
801 660 998
265 774 1375
774 265 1375
1375 265 774
629 682 828
682 629 828
828 629 682
885 7 389
7 389 885
389 7 885
898 1355 1481
1481 898 1355
1355 898 1481
212 269 833
269 212 833
833 212 269
896 191 1110
1110 191 896
191 896 1110
259 992 1224
992 259 1224
1224 259 992
582 821 1165
1165 582 821
821 582 1165
300 229 1312
229 300 1312
1312 229 300
945 338 412
338 412 945
412 338 945
302 470 1226
470 302 1226
1226 302 470
1269 177 924
177 924 1269
924 177 1269
1175 24 993
993 24 1175
24 993 1175
21 914 1499
1499 21 914
914 21 1499
98 324 709
324 98 709
709 98 324
788 382 1330
382 788 1330
1330 382 788
1066 258 865
258 865 1066
865 258 1066
1094 1376 1462
1462 1094 1376
1376 1094 1462
401 391 510
510 391 401
391 401 510
615 93 438
438 93 615
93 438 615
688 110 849
110 688 849
849 110 688
122 372 973
372 122 973
973 122 372
1476 97 279
97 279 1476
279 97 1476
699 236 725
725 236 699
236 699 725
1052 590 1007
590 1007 1052
1007 590 1052
1294 880 889
889 880 1294
880 889 1294
519 1017 1346
1017 519 1346
1346 519 1017
1217 515 790
515 790 1217
790 515 1217
853 661 1028
661 853 1028
1028 661 853
185 868 1026
1026 185 868
868 185 1026
491 133 594
594 133 491
133 491 594
1156 874 1433
1433 874 1156
874 1156 1433
1254 286 1238
286 1238 1254
1238 286 1254
299 483 1498
1498 299 483
483 299 1498
657 243 768
243 657 768
768 243 657
654 135 1037
1037 135 654
135 654 1037
1439 852 941
852 941 1439
941 852 1439
333 115 1109
115 333 1109
1109 115 333
1333 746 1465
1465 746 1333
746 1333 1465
1107 678 1063
678 1063 1107
1063 678 1107
1341 130 407
130 407 1341
407 130 1341
36 294 1152
294 36 1152
1152 36 294
517 1163 1241
1241 517 1163
1163 517 1241
175 249 619
619 175 249
249 175 619
813 48 839
839 48 813
48 813 839
1369 55 1457
55 1369 1457
1457 55 1369
854 816 1043
1043 816 854
816 854 1043
1200 26 803
26 803 1200
803 26 1200
1418 427 577
427 577 1418
577 427 1418
583 188 1329
188 583 1329
1329 188 583
766 155 584
584 155 766
155 584 766
765 1222 1281
1222 765 1281
1281 765 1222
226 826 912
826 226 912
912 226 826
1232 698 1402
1402 698 1232
698 1232 1402
126 900 1214
900 126 1214
1214 126 900
1019 219 446
219 446 1019
446 219 1019
948 76 1359
76 948 1359
1359 76 948
1366 374 1474
1474 374 1366
374 1366 1474
202 1216 1221
1221 202 1216
1216 202 1221
1160 745 1357
745 1160 1357
1357 745 1160
1055 482 963
963 482 1055
482 963 1055
762 38 1065
1065 38 762
38 762 1065
655 624 1372
1372 624 655
624 655 1372
1140 651 954
954 651 1140
651 954 1140
1225 949 1367
1367 949 1225
949 1225 1367
701 200 1142
1142 200 701
200 701 1142
480 527 1198
527 480 1198
1198 480 527
786 450 755
450 755 786
755 450 786
623 495 797
495 623 797
797 495 623
598 47 1084
1084 47 598
47 598 1084
349 196 244
196 244 349
244 196 349
195 697 1128
697 195 1128
1128 195 697
1233 154 531
154 531 1233
531 154 1233
1468 644 1092
644 1092 1468
1092 644 1468
364 111 1108
111 364 1108
1108 111 364
273 1229 1300
1300 273 1229
1229 273 1300
959 1146 1247
1247 959 1146
1146 959 1247
477 524 1412
524 477 1412
1412 477 524
360 493 867
493 360 867
867 360 493
611 1018 1489
1489 611 1018
1018 611 1489
846 540 1093
1093 540 846
540 846 1093
342 575 1098
1098 342 575
575 342 1098
1308 384 897
897 384 1308
384 897 1308
488 102 555
102 488 555
555 102 488
695 341 509
509 341 695
341 509 695
347 702 1391
1391 347 702
702 347 1391
424 962 1273
962 424 1273
1273 424 962
1187 322 1042
1042 322 1187
322 1042 1187
353 298 1202
298 353 1202
1202 298 353
1223 284 1091
1091 284 1223
284 1091 1223
132 918 1126
918 132 1126
1126 132 918
638 759 1250
759 638 1250
1250 638 759
1204 602 1237
602 1204 1237
1237 602 1204
1280 116 987
987 116 1280
116 987 1280
916 332 1185
332 916 1185
1185 332 916
1168 432 906
432 906 1168
906 432 1168
1292 145 1159
1159 145 1292
145 1159 1292
434 190 769
769 190 434
190 434 769
310 563 1208
563 310 1208
1208 310 563
62 535 1409
535 62 1409
1409 62 535
334 143 178
143 178 334
178 143 334
1136 303 1161
1161 303 1136
303 1136 1161
1262 953 1154
953 1154 1262
1154 953 1262
674 346 399
399 346 674
346 399 674
481 373 1173
373 481 1173
1173 373 481
1246 127 1171
127 1171 1246
1171 127 1246
572 465 586
465 572 586
586 465 572
283 690 1077
690 283 1077
1077 283 690
