124631 28622 89069
89069 28622 124631
28622 89069 124631
54938 2636 50060
50060 2636 54938
2636 50060 54938
15480 131252 141356
141356 15480 131252
131252 15480 141356
42069 72056 113677
72056 42069 113677
113677 42069 72056
141589 87881 114063
114063 87881 141589
87881 114063 141589
141025 16515 44993
44993 16515 141025
16515 44993 141025
30020 51937 63223
63223 30020 51937
51937 30020 63223
81797 34377 89095
34377 81797 89095
89095 34377 81797
114927 70029 98654
98654 70029 114927
70029 98654 114927
51798 114316 134218
134218 51798 114316
114316 51798 134218
5962 33803 103687
33803 5962 103687
103687 5962 33803
23356 35413 108271
108271 23356 35413
35413 23356 108271
117973 122000 140191
122000 117973 140191
140191 117973 122000
138680 88050 115957
88050 115957 138680
115957 88050 138680
104357 3213 61190
3213 61190 104357
61190 3213 104357
15652 122598 144885
122598 15652 144885
144885 15652 122598
124699 17838 48243
48243 17838 124699
17838 48243 124699
75011 48728 74490
74490 48728 75011
48728 74490 75011
46745 16676 90387
90387 16676 46745
16676 46745 90387
116222 35416 86401
35416 86401 116222
86401 35416 116222
51600 55061 99967
55061 51600 99967
99967 51600 55061
83195 2643 61018
61018 2643 83195
2643 61018 83195
128115 31992 99008
31992 99008 128115
99008 31992 128115
61151 27670 109606
109606 27670 61151
27670 61151 109606
74862 30987 103327
103327 30987 74862
30987 74862 103327
88090 107974 128883
128883 88090 107974
107974 88090 128883
20042 110019 131120
131120 20042 110019
110019 20042 131120
70733 40823 105045
105045 40823 70733
40823 70733 105045
7960 69653 105080
69653 7960 105080
105080 7960 69653
125981 72393 121236
72393 121236 125981
121236 72393 125981
145354 59988 63184
63184 59988 145354
59988 63184 145354
3040 32462 75363
32462 3040 75363
75363 3040 32462
32182 23364 146692
146692 23364 32182
23364 32182 146692
17294 90762 132678
132678 17294 90762
90762 17294 132678
119888 126143 128848
128848 119888 126143
126143 119888 128848
25866 7511 77708
7511 25866 77708
77708 7511 25866
25672 24810 148210
148210 24810 25672
24810 25672 148210
133965 15606 134591
134591 15606 133965
15606 133965 134591
18565 124059 145062
145062 18565 124059
124059 18565 145062
53334 37554 52325
52325 37554 53334
37554 52325 53334
3961 54270 146245
146245 3961 54270
54270 3961 146245
142494 78746 89404
89404 78746 142494
78746 89404 142494
21704 32727 39541
32727 21704 39541
39541 21704 32727
124207 37841 61550
61550 37841 124207
37841 61550 124207
148323 21052 75541
21052 75541 148323
75541 21052 148323
38697 57309 145760
145760 38697 57309
57309 38697 145760
31936 123060 124755
124755 31936 123060
123060 31936 124755
110746 16181 60280
16181 60280 110746
60280 16181 110746
20041 24220 89852
24220 20041 89852
89852 20041 24220
7352 74505 77470
77470 7352 74505
74505 7352 77470
83440 87380 138903
87380 83440 138903
138903 83440 87380
52396 53008 88380
88380 52396 53008
53008 52396 88380
19135 87301 149231
87301 19135 149231
149231 19135 87301
67257 10966 13015
13015 10966 67257
10966 13015 67257
54630 97770 141771
141771 54630 97770
97770 54630 141771
23934 87610 122967
122967 23934 87610
87610 23934 122967
66437 45748 134330
134330 45748 66437
45748 66437 134330
11818 34071 108606
108606 11818 34071
34071 11818 108606
146438 52171 134797
134797 52171 146438
52171 134797 146438
126471 24914 67568
67568 24914 126471
24914 67568 126471
127185 57013 89558
89558 57013 127185
57013 89558 127185
105605 21526 101144
101144 21526 105605
21526 101144 105605
13946 46504 47011
47011 13946 46504
46504 13946 47011
32632 20455 96109
96109 20455 32632
20455 32632 96109
120370 56964 144733
144733 56964 120370
56964 120370 144733
73322 60471 123982
123982 60471 73322
60471 73322 123982
17600 33597 76349
33597 17600 76349
76349 17600 33597
63040 10558 95956
10558 63040 95956
95956 10558 63040
113389 37349 119449
119449 37349 113389
37349 113389 119449
97990 11212 15439
11212 15439 97990
15439 11212 97990
102910 73203 129590
73203 102910 129590
129590 73203 102910
87337 18285 32575
18285 32575 87337
32575 18285 87337
120533 48984 49430
48984 49430 120533
49430 48984 120533
71456 99868 138645
99868 71456 138645
138645 71456 99868
64748 35990 53936
53936 35990 64748
35990 53936 64748
133525 9890 85962
85962 9890 133525
9890 85962 133525
35008 41939 43131
41939 35008 43131
43131 35008 41939
1466 9104 119784
9104 1466 119784
119784 1466 9104
15841 79818 129958
79818 15841 129958
129958 15841 79818
103667 31122 47224
31122 47224 103667
47224 31122 103667
85823 97986 113536
97986 85823 113536
113536 85823 97986
102615 19161 145037
145037 19161 102615
19161 102615 145037
90831 120120 126576
120120 90831 126576
126576 90831 120120
4322 16348 121717
121717 4322 16348
16348 4322 121717
138682 42991 75034
75034 42991 138682
42991 75034 138682
103089 8153 9496
9496 8153 103089
8153 9496 103089
64251 34884 45752
45752 34884 64251
34884 45752 64251
25194 116247 119773
116247 25194 119773
119773 25194 116247
88000 88597 106847
106847 88000 88597
88597 88000 106847
146453 98862 105381
105381 98862 146453
98862 105381 146453
144427 58656 128455
128455 58656 144427
58656 128455 144427
16018 35215 87343
35215 16018 87343
87343 16018 35215
111292 54811 101124
101124 54811 111292
54811 101124 111292
9599 18946 26217
26217 9599 18946
18946 9599 26217
115912 22686 135109
135109 22686 115912
22686 115912 135109
60272 2673 61867
2673 60272 61867
61867 2673 60272
120606 8239 33561
33561 8239 120606
8239 33561 120606
119433 7353 65715
7353 65715 119433
65715 7353 119433
34705 42688 55569
42688 34705 55569
55569 34705 42688
10283 2907 78706
78706 2907 10283
2907 10283 78706
113537 64884 107752
64884 107752 113537
107752 64884 113537
79940 29868 105822
105822 29868 79940
29868 79940 105822
12720 26298 74878
74878 12720 26298
26298 12720 74878
2428 902 88837
902 2428 88837
88837 902 2428
109739 71351 116352
71351 109739 116352
116352 71351 109739
95026 29525 62521
29525 62521 95026
62521 29525 95026
31485 17056 55990
17056 31485 55990
55990 17056 31485
53444 72867 131965
131965 53444 72867
72867 53444 131965
46645 25070 75609
25070 46645 75609
75609 25070 46645
113847 34053 115490
34053 113847 115490
115490 34053 113847
4793 22919 118967
118967 4793 22919
22919 4793 118967
132801 47973 124000
47973 124000 132801
124000 47973 132801
30709 105194 139674
139674 30709 105194
105194 30709 139674
119676 1438 89295
1438 89295 119676
89295 1438 119676
15617 90092 91493
90092 15617 91493
91493 15617 90092
17006 1228 29042
29042 1228 17006
1228 17006 29042
113696 20358 63191
63191 20358 113696
20358 63191 113696
89893 59574 140123
140123 59574 89893
59574 89893 140123
134142 20614 23613
23613 20614 134142
20614 23613 134142
141962 16056 94310
94310 16056 141962
16056 94310 141962
147284 48254 61097
61097 48254 147284
48254 61097 147284
124193 57670 58704
57670 58704 124193
58704 57670 124193
67006 135467 145160
145160 67006 135467
135467 67006 145160
41648 35328 145124
35328 41648 145124
145124 35328 41648
27010 33935 44469
44469 27010 33935
33935 27010 44469
32836 87040 113692
87040 32836 113692
113692 32836 87040
143348 16151 134186
134186 16151 143348
16151 134186 143348
7490 130771 136614
130771 7490 136614
136614 7490 130771
64903 82451 103392
82451 64903 103392
103392 64903 82451
99576 2567 88518
88518 2567 99576
2567 88518 99576
137505 21254 142223
142223 21254 137505
21254 137505 142223
82418 48020 149521
48020 82418 149521
149521 48020 82418
98620 22322 135463
135463 22322 98620
22322 98620 135463
84870 77424 83930
83930 77424 84870
77424 83930 84870
89197 5171 84669
84669 5171 89197
5171 84669 89197
32422 8556 67456
67456 8556 32422
8556 32422 67456
122220 68721 101910
101910 68721 122220
68721 101910 122220
30178 75544 115359
75544 30178 115359
115359 30178 75544
135545 49947 126560
49947 126560 135545
126560 49947 135545
86341 73443 102530
102530 73443 86341
73443 86341 102530
32525 26688 124385
26688 32525 124385
124385 26688 32525
104429 80973 123031
123031 80973 104429
80973 104429 123031
117115 95174 144498
95174 117115 144498
144498 95174 117115
50377 84782 114584
114584 50377 84782
84782 50377 114584
85513 42716 52976
52976 42716 85513
42716 52976 85513
137379 52079 98207
98207 52079 137379
52079 98207 137379
60871 104239 148699
104239 60871 148699
148699 60871 104239
128846 70304 117617
117617 70304 128846
70304 117617 128846
38049 59095 123807
123807 38049 59095
59095 38049 123807
101732 8251 98881
98881 8251 101732
8251 98881 101732
35850 16803 73998
16803 35850 73998
73998 16803 35850
122753 33092 136746
33092 122753 136746
136746 33092 122753
82953 83325 112148
83325 82953 112148
112148 82953 83325
67618 40309 116167
116167 40309 67618
40309 67618 116167
121902 84259 110114
110114 84259 121902
84259 110114 121902
131141 8379 62816
62816 8379 131141
8379 62816 131141
1145 39257 79733
39257 1145 79733
79733 1145 39257
122937 47801 61455
47801 61455 122937
61455 47801 122937
9847 39123 67842
67842 9847 39123
39123 9847 67842
91415 18181 142326
142326 18181 91415
18181 91415 142326
11320 94148 115376
94148 11320 115376
115376 11320 94148
36809 23828 111411
23828 36809 111411
111411 23828 36809
82884 16008 126240
16008 82884 126240
126240 16008 82884
124172 26436 142271
26436 124172 142271
142271 26436 124172
55166 28582 119794
28582 55166 119794
119794 28582 55166
94351 45652 128402
128402 45652 94351
45652 94351 128402
58406 13604 43344
13604 43344 58406
43344 13604 58406
92204 73381 79271
79271 73381 92204
73381 79271 92204
149505 72684 108198
72684 108198 149505
108198 72684 149505
117847 16076 46445
16076 46445 117847
46445 16076 117847
68107 95643 114194
95643 68107 114194
114194 68107 95643
37601 1030 12686
1030 12686 37601
12686 1030 37601
26022 123032 144850
144850 26022 123032
123032 26022 144850
44971 65142 99919
99919 44971 65142
65142 44971 99919
106457 42236 69321
69321 42236 106457
42236 69321 106457
140659 18222 19538
19538 18222 140659
18222 19538 140659
14277 24062 81132
24062 14277 81132
81132 14277 24062
78935 46834 149545
149545 46834 78935
46834 78935 149545
44480 90868 122384
122384 44480 90868
90868 44480 122384
136906 37620 143456
37620 136906 143456
143456 37620 136906
89260 105199 131359
131359 89260 105199
105199 89260 131359
41817 91328 118995
118995 41817 91328
91328 41817 118995
86954 58138 147214
58138 86954 147214
147214 58138 86954
20520 130933 138996
130933 20520 138996
138996 20520 130933
146849 38160 56051
38160 56051 146849
56051 38160 146849
64595 96633 97402
97402 64595 96633
96633 64595 97402
68887 32227 68512
68512 32227 68887
32227 68512 68887
135306 37044 91975
37044 91975 135306
91975 37044 135306
90316 13755 141214
13755 90316 141214
141214 13755 90316
2164 54996 99456
99456 2164 54996
54996 2164 99456
10481 91771 121566
91771 10481 121566
121566 10481 91771
63742 21961 82530
82530 21961 63742
21961 63742 82530
132006 97837 129939
129939 97837 132006
97837 129939 132006
84952 102346 148800
102346 84952 148800
148800 84952 102346
117507 92699 106899
106899 92699 117507
92699 106899 117507
87207 2199 124660
124660 2199 87207
2199 87207 124660
139720 6994 38230
6994 38230 139720
38230 6994 139720
126696 70939 104308
70939 104308 126696
104308 70939 126696
28336 18949 74252
18949 28336 74252
74252 18949 28336
29205 107726 127181
107726 29205 127181
127181 29205 107726
89101 3018 141342
3018 89101 141342
141342 3018 89101
72585 37283 100219
37283 72585 100219
100219 37283 72585
132982 18014 112134
112134 18014 132982
18014 112134 132982
37187 29794 91102
91102 29794 37187
29794 37187 91102
130032 18168 76301
76301 18168 130032
18168 76301 130032
20609 59062 68439
68439 20609 59062
59062 20609 68439
19609 43494 116952
116952 19609 43494
43494 19609 116952
31267 54241 130031
54241 31267 130031
130031 31267 54241
143512 65377 109547
65377 109547 143512
109547 65377 143512
113337 69605 102715
102715 69605 113337
69605 102715 113337
51083 68331 129427
68331 51083 129427
129427 51083 68331
8765 106354 124063
124063 8765 106354
106354 8765 124063
90963 35087 40485
35087 40485 90963
40485 35087 90963
58735 18016 142893
142893 18016 58735
18016 58735 142893
88516 32636 132789
32636 88516 132789
132789 32636 88516
136720 104706 110413
110413 104706 136720
104706 110413 136720
98631 5249 17435
5249 17435 98631
17435 5249 98631
6041 43294 142980
142980 6041 43294
43294 6041 142980
78560 117215 132756
132756 78560 117215
117215 78560 132756
77386 27568 53429
53429 27568 77386
27568 53429 77386
26609 83977 148774
148774 26609 83977
83977 26609 148774
85007 48882 52341
48882 52341 85007
52341 48882 85007
62419 28525 83081
83081 28525 62419
28525 62419 83081
102951 244 62050
62050 244 102951
244 62050 102951
8054 12997 132647
12997 8054 132647
132647 8054 12997
117822 85663 114342
85663 114342 117822
114342 85663 117822
45755 17836 100223
100223 17836 45755
17836 45755 100223
131405 40433 75230
75230 40433 131405
40433 75230 131405
110460 10325 21031
10325 21031 110460
21031 10325 110460
17244 1347 56022
1347 17244 56022
56022 1347 17244
91390 106600 119087
106600 91390 119087
119087 91390 106600
109449 64707 69624
64707 69624 109449
69624 64707 109449
149396 64311 133318
64311 133318 149396
133318 64311 149396
140986 39023 145797
145797 39023 140986
39023 140986 145797
59210 87113 109769
109769 59210 87113
87113 59210 109769
137238 31505 74104
31505 74104 137238
74104 31505 137238
84846 34782 48287
34782 48287 84846
48287 34782 84846
34064 89596 128304
89596 34064 128304
128304 34064 89596
127091 75441 120822
120822 75441 127091
75441 120822 127091
51953 35616 90019
35616 51953 90019
90019 35616 51953
22511 76817 113075
113075 22511 76817
76817 22511 113075
100423 20457 39952
20457 39952 100423
39952 20457 100423
33772 28124 140487
28124 33772 140487
140487 28124 33772
134414 138574 145568
145568 134414 138574
138574 134414 145568
55777 7828 63278
63278 7828 55777
7828 55777 63278
76220 81590 145516
81590 76220 145516
145516 76220 81590
2134 12773 143828
12773 2134 143828
143828 2134 12773
24907 18882 93545
93545 18882 24907
18882 24907 93545
142762 56809 126114
56809 126114 142762
126114 56809 142762
76706 23376 31654
31654 23376 76706
23376 31654 76706
79095 18247 20899
18247 20899 79095
20899 18247 79095
27635 22699 129397
129397 22699 27635
22699 27635 129397
24229 6975 49755
49755 6975 24229
6975 24229 49755
70159 12986 24957
12986 24957 70159
24957 12986 70159
137551 16997 97094
16997 97094 137551
97094 16997 137551
71618 35577 113616
35577 71618 113616
113616 35577 71618
135289 43076 127416
43076 127416 135289
127416 43076 135289
29213 78211 106913
106913 29213 78211
78211 29213 106913
97654 101283 124415
124415 97654 101283
101283 97654 124415
31459 44374 52389
52389 31459 44374
44374 31459 52389
147598 128153 143089
128153 143089 147598
143089 128153 147598
99351 95338 98695
98695 95338 99351
95338 98695 99351
103622 33819 101785
33819 101785 103622
101785 33819 103622
103894 2440 72046
72046 2440 103894
2440 72046 103894
67057 23245 85733
85733 23245 67057
23245 67057 85733
57722 21421 147492
147492 21421 57722
21421 57722 147492
53625 37070 59688
59688 37070 53625
37070 53625 59688
130143 39772 46428
46428 39772 130143
39772 46428 130143
61899 79788 101832
79788 61899 101832
101832 61899 79788
59380 24434 59100
24434 59100 59380
59100 24434 59380
8363 89579 101446
89579 8363 101446
101446 8363 89579
28576 8069 81837
81837 8069 28576
8069 28576 81837
93869 117050 136939
117050 93869 136939
136939 93869 117050
88464 41417 59270
41417 59270 88464
59270 41417 88464
50562 54326 63708
54326 50562 63708
63708 50562 54326
82320 94339 122928
122928 82320 94339
94339 82320 122928
89646 10378 66598
66598 10378 89646
10378 66598 89646
74008 54061 136514
54061 74008 136514
136514 54061 74008
116736 71711 117167
71711 116736 117167
117167 71711 116736
115087 74975 143180
74975 115087 143180
143180 74975 115087
2937 69576 110249
69576 2937 110249
110249 2937 69576
73968 115930 126467
126467 73968 115930
115930 73968 126467
38812 140887 147032
140887 38812 147032
147032 38812 140887
69712 52706 84643
84643 52706 69712
52706 69712 84643
124503 54152 59143
54152 59143 124503
59143 54152 124503
143611 54287 86313
54287 86313 143611
86313 54287 143611
124591 9207 137310
9207 124591 137310
137310 9207 124591
56358 10326 72294
72294 10326 56358
10326 56358 72294
98963 51035 104953
104953 51035 98963
51035 98963 104953
30166 47572 120207
120207 30166 47572
47572 30166 120207
95805 6767 119533
119533 6767 95805
6767 95805 119533
98151 88673 127871
127871 88673 98151
88673 98151 127871
33393 43955 128819
43955 33393 128819
128819 33393 43955
24599 61350 61531
61350 24599 61531
61531 24599 61350
118441 31722 101064
31722 101064 118441
101064 31722 118441
95934 21366 86641
86641 21366 95934
21366 86641 95934
19796 122019 128708
128708 19796 122019
122019 19796 128708
109564 19647 86895
86895 19647 109564
19647 86895 109564
124811 90452 102136
90452 102136 124811
102136 90452 124811
121279 1220 120881
1220 120881 121279
120881 1220 121279
121347 33991 124332
33991 121347 124332
124332 33991 121347
135312 43069 126822
126822 43069 135312
43069 126822 135312
32977 16741 48334
48334 16741 32977
16741 32977 48334
134313 10179 102928
102928 10179 134313
10179 102928 134313
127502 84291 131007
84291 127502 131007
131007 84291 127502
24476 26639 63304
63304 24476 26639
26639 24476 63304
52827 85884 97491
85884 52827 97491
97491 52827 85884
113084 9590 109765
9590 109765 113084
109765 9590 113084
111178 50946 78967
50946 78967 111178
78967 50946 111178
128888 99024 115836
115836 99024 128888
99024 115836 128888
77145 65416 145250
145250 65416 77145
65416 77145 145250
35539 33916 34531
33916 34531 35539
34531 33916 35539
74700 39691 58143
39691 58143 74700
58143 39691 74700
142978 42437 78230
78230 42437 142978
42437 78230 142978
69082 47515 86505
86505 47515 69082
47515 69082 86505
145603 101299 120225
120225 101299 145603
101299 120225 145603
37069 34582 71411
34582 37069 71411
71411 34582 37069
4967 96760 133903
96760 4967 133903
133903 4967 96760
55317 1535 99832
1535 55317 99832
99832 1535 55317
10316 88696 126944
126944 10316 88696
88696 10316 126944
21066 33727 83225
33727 21066 83225
83225 21066 33727
126500 35019 79942
35019 79942 126500
79942 35019 126500
122658 117962 149779
149779 117962 122658
117962 122658 149779
34895 51049 85393
51049 34895 85393
85393 34895 51049
118487 62365 144023
62365 118487 144023
144023 62365 118487
130820 65313 112540
65313 112540 130820
112540 65313 130820
64643 32724 80989
80989 32724 64643
32724 64643 80989
38119 17176 26444
26444 17176 38119
17176 26444 38119
93010 101061 122827
101061 93010 122827
122827 93010 101061
36278 30902 81493
81493 30902 36278
30902 36278 81493
23064 69707 129003
69707 23064 129003
129003 23064 69707
80506 32686 94554
32686 80506 94554
94554 32686 80506
81330 22126 131171
131171 22126 81330
22126 81330 131171
110153 112147 120944
112147 110153 120944
120944 110153 112147
137125 80774 140593
140593 80774 137125
80774 137125 140593
85467 104529 114995
114995 85467 104529
104529 85467 114995
41555 7459 141497
7459 41555 141497
141497 7459 41555
82913 7229 17728
17728 7229 82913
7229 17728 82913
61728 84645 143756
143756 61728 84645
84645 61728 143756
71813 21416 119122
21416 71813 119122
119122 21416 71813
29181 53587 135027
53587 29181 135027
135027 29181 53587
40804 53010 92472
53010 40804 92472
92472 40804 53010
6567 18532 40659
18532 6567 40659
40659 6567 18532
63124 61392 72737
72737 61392 63124
61392 63124 72737
31252 71163 144121
144121 31252 71163
71163 31252 144121
77139 86675 95620
86675 77139 95620
95620 77139 86675
47057 131560 135822
131560 47057 135822
135822 47057 131560
41452 67749 70410
67749 41452 70410
70410 41452 67749
139438 36743 42004
36743 42004 139438
42004 36743 139438
31086 43880 87082
43880 31086 87082
87082 31086 43880
7833 65607 135110
135110 7833 65607
65607 7833 135110
73666 18262 138616
18262 73666 138616
138616 18262 73666
132349 20770 78609
20770 78609 132349
78609 20770 132349
60092 13536 81909
13536 60092 81909
81909 13536 60092
131395 30465 78541
30465 78541 131395
78541 30465 131395
91706 43532 61739
61739 43532 91706
43532 61739 91706
16900 65957 133188
133188 16900 65957
65957 16900 133188
111601 134298 146698
146698 111601 134298
134298 111601 146698
63614 36121 61331
36121 61331 63614
61331 36121 63614
109302 71226 93071
71226 93071 109302
93071 71226 109302
100719 29779 50411
50411 29779 100719
29779 50411 100719
137133 24217 61200
61200 24217 137133
24217 61200 137133
60181 18975 61680
18975 60181 61680
61680 18975 60181
113476 1182 103387
1182 103387 113476
103387 1182 113476
919 53861 58917
53861 919 58917
58917 919 53861
129047 72727 147039
72727 129047 147039
147039 72727 129047
15201 28689 49591
28689 15201 49591
49591 15201 28689
84207 21805 95047
21805 84207 95047
95047 21805 84207
112975 6506 69266
69266 6506 112975
6506 69266 112975
132277 53940 80765
53940 80765 132277
80765 53940 132277
46230 35400 69825
69825 35400 46230
35400 46230 69825
14243 74731 88830
88830 14243 74731
74731 14243 88830
116574 22324 47184
22324 47184 116574
47184 22324 116574
53881 43512 120152
43512 53881 120152
120152 43512 53881
86138 55612 83408
55612 83408 86138
83408 55612 86138
49801 9311 139994
139994 9311 49801
9311 49801 139994
62256 13324 114275
114275 13324 62256
13324 62256 114275
25185 197 39665
39665 197 25185
197 25185 39665
114737 53847 81678
53847 81678 114737
81678 53847 114737
88840 12232 136052
12232 88840 136052
136052 12232 88840
48266 5316 85386
5316 48266 85386
85386 5316 48266
147911 8553 114858
8553 114858 147911
114858 8553 147911
31232 42754 139668
42754 31232 139668
139668 31232 42754
96979 50322 139352
50322 96979 139352
139352 50322 96979
42002 69917 130922
69917 42002 130922
130922 42002 69917
93317 418 8570
418 8570 93317
8570 418 93317
80975 57635 103774
103774 57635 80975
57635 80975 103774
136306 6128 87718
87718 6128 136306
6128 87718 136306
18947 32903 51499
32903 18947 51499
51499 18947 32903
135083 16669 16719
16719 16669 135083
16669 16719 135083
44734 25230 31237
31237 25230 44734
25230 31237 44734
126787 125845 134489
125845 126787 134489
134489 125845 126787
63381 32019 119937
32019 63381 119937
119937 32019 63381
49630 55079 111214
55079 49630 111214
111214 49630 55079
25776 57225 107244
107244 25776 57225
57225 25776 107244
39867 58169 142124
142124 39867 58169
58169 39867 142124
3698 921 50339
50339 921 3698
921 3698 50339
63490 9689 35662
9689 35662 63490
35662 9689 63490
86933 35537 91846
91846 35537 86933
35537 86933 91846
13277 6272 144979
144979 6272 13277
6272 13277 144979
73066 23883 71439
23883 71439 73066
71439 23883 73066
136368 13071 129966
129966 13071 136368
13071 129966 136368
68610 113926 116903
116903 68610 113926
113926 68610 116903
99215 86240 112833
112833 86240 99215
86240 99215 112833
137071 58446 100675
100675 58446 137071
58446 100675 137071
121216 17351 61514
61514 17351 121216
17351 61514 121216
144789 25778 124640
124640 25778 144789
25778 124640 144789
29668 79841 93368
79841 29668 93368
93368 29668 79841
120910 79287 102230
79287 102230 120910
102230 79287 120910
51735 41066 133646
133646 41066 51735
41066 51735 133646
7102 10910 34364
10910 7102 34364
34364 7102 10910
113600 66334 126577
66334 113600 126577
126577 66334 113600
81807 121126 136116
136116 81807 121126
121126 81807 136116
149178 1986 81903
1986 81903 149178
81903 1986 149178
54931 33891 54362
54362 33891 54931
33891 54362 54931
98230 18000 129699
18000 98230 129699
129699 18000 98230
76245 9178 140193
140193 9178 76245
9178 76245 140193
27128 67738 71653
67738 27128 71653
71653 27128 67738
64687 18343 40772
40772 18343 64687
18343 40772 64687
36639 60189 61941
61941 36639 60189
60189 36639 61941
84702 80383 114770
114770 80383 84702
80383 84702 114770
5473 84844 114998
84844 5473 114998
114998 5473 84844
84355 6403 36503
36503 6403 84355
6403 36503 84355
67298 23366 38630
38630 23366 67298
23366 38630 67298
134989 10234 66774
10234 66774 134989
66774 10234 134989
43466 27509 119237
27509 43466 119237
119237 27509 43466
142589 140857 149342
140857 142589 149342
149342 140857 142589
77962 22778 127601
127601 22778 77962
22778 77962 127601
4039 69326 74632
74632 4039 69326
69326 4039 74632
35387 5301 123847
123847 5301 35387
5301 35387 123847
38740 26507 100849
26507 38740 100849
100849 26507 38740
127989 25592 132205
132205 25592 127989
25592 127989 132205
35031 16523 66073
66073 16523 35031
16523 35031 66073
135900 28704 105244
28704 105244 135900
105244 28704 135900
27190 74203 116457
74203 27190 116457
116457 27190 74203
74626 35219 50954
35219 50954 74626
50954 35219 74626
37557 45753 68292
68292 37557 45753
45753 37557 68292
38046 18521 119232
119232 18521 38046
18521 38046 119232
35815 94336 133643
94336 35815 133643
133643 35815 94336
134498 24293 45511
45511 24293 134498
24293 45511 134498
41523 126615 129544
126615 41523 129544
129544 41523 126615
1561 127102 129680
129680 1561 127102
127102 1561 129680
45052 193 57447
57447 193 45052
193 45052 57447
72123 32878 75377
75377 32878 72123
32878 72123 75377
72932 6649 145606
145606 6649 72932
6649 72932 145606
145986 88945 108845
108845 88945 145986
88945 108845 145986
106352 76466 114824
114824 76466 106352
76466 106352 114824
55469 45508 54051
45508 54051 55469
54051 45508 55469
83800 82935 91207
82935 83800 91207
91207 82935 83800
147866 89527 123353
123353 89527 147866
89527 123353 147866
117321 54434 126920
54434 117321 126920
126920 54434 117321
11253 90974 125626
90974 11253 125626
125626 11253 90974
24024 74901 142378
142378 24024 74901
74901 24024 142378
75159 79833 146118
79833 75159 146118
146118 75159 79833
9573 33447 90308
33447 9573 90308
90308 9573 33447
31026 6500 143875
6500 31026 143875
143875 6500 31026
87136 19203 141880
19203 87136 141880
141880 19203 87136
3155 2858 68824
2858 3155 68824
68824 2858 3155
133955 21420 31556
21420 31556 133955
31556 21420 133955
9411 18863 90293
18863 9411 90293
90293 9411 18863
130501 16388 42943
42943 16388 130501
16388 42943 130501
58207 6082 116888
6082 58207 116888
116888 6082 58207
140574 64730 71986
64730 71986 140574
71986 64730 140574
62280 102861 125196
125196 62280 102861
102861 62280 125196
144432 97797 105746
105746 97797 144432
97797 105746 144432
93741 95436 105443
105443 93741 95436
95436 93741 105443
59972 59024 63759
63759 59024 59972
59024 59972 63759
24360 10287 18519
18519 10287 24360
10287 18519 24360
69123 43930 111275
43930 69123 111275
111275 43930 69123
31769 44253 47264
47264 31769 44253
44253 31769 47264
85818 37385 126929
126929 37385 85818
37385 85818 126929
37739 23826 145810
23826 37739 145810
145810 23826 37739
142761 102202 130823
130823 102202 142761
102202 130823 142761
58106 57363 63511
57363 58106 63511
63511 57363 58106
102740 83816 121599
121599 83816 102740
83816 102740 121599
91775 104954 142041
142041 91775 104954
104954 91775 142041
28712 6752 24732
24732 6752 28712
6752 24732 28712
20352 43241 82122
82122 20352 43241
43241 20352 82122
101575 74214 89736
89736 74214 101575
74214 89736 101575
123014 55130 149624
149624 55130 123014
55130 123014 149624
10543 39529 145263
145263 10543 39529
39529 10543 145263
15403 117322 135241
117322 15403 135241
135241 15403 117322
105993 74655 90480
74655 90480 105993
90480 74655 105993
13709 41579 76539
41579 13709 76539
76539 13709 41579
81478 77388 140367
77388 81478 140367
140367 77388 81478
110681 17071 76256
76256 17071 110681
17071 76256 110681
15485 37813 58373
58373 15485 37813
37813 15485 58373
9830 88141 110701
88141 9830 110701
110701 9830 88141
119953 64307 77809
77809 64307 119953
64307 77809 119953
136279 2785 44408
44408 2785 136279
2785 44408 136279
97748 37602 97367
97367 37602 97748
37602 97367 97748
133490 28846 140860
28846 133490 140860
140860 28846 133490
51218 126257 133970
133970 51218 126257
126257 51218 133970
64700 54094 65548
65548 54094 64700
54094 64700 65548
141188 3491 84521
3491 84521 141188
84521 3491 141188
131133 31910 32222
32222 31910 131133
31910 32222 131133
50754 16135 32179
16135 32179 50754
32179 16135 50754
78717 2050 12361
2050 12361 78717
12361 2050 78717
119276 75243 144562
75243 119276 144562
144562 75243 119276
96345 109926 144829
109926 96345 144829
144829 96345 109926
140237 45247 141957
45247 140237 141957
141957 45247 140237
109690 827 132659
827 109690 132659
132659 827 109690
66186 2642 52612
2642 52612 66186
52612 2642 66186
120746 57140 105919
57140 105919 120746
105919 57140 120746
1543 66842 111438
111438 1543 66842
66842 1543 111438
45478 58572 137733
137733 45478 58572
58572 45478 137733
96530 102027 117347
117347 96530 102027
102027 96530 117347
22763 103798 112757
112757 22763 103798
103798 22763 112757
147178 2455 4680
4680 2455 147178
2455 4680 147178
18687 13190 106226
106226 13190 18687
13190 18687 106226
13785 62955 140173
62955 13785 140173
140173 13785 62955
148438 112749 127541
127541 112749 148438
112749 127541 148438
63399 8995 88155
8995 63399 88155
88155 8995 63399
53456 790 80561
80561 790 53456
790 53456 80561
127183 25502 48887
25502 48887 127183
48887 25502 127183
91675 107397 130179
130179 91675 107397
107397 91675 130179
106783 127372 138598
127372 106783 138598
138598 106783 127372
23536 34094 34993
34094 23536 34993
34993 23536 34094
5815 7147 94787
7147 5815 94787
94787 5815 7147
102818 5314 147210
5314 102818 147210
147210 5314 102818
67606 5870 137412
137412 5870 67606
5870 67606 137412
86569 5363 94693
94693 5363 86569
5363 86569 94693
117997 92812 149805
92812 117997 149805
149805 92812 117997
28656 30404 65359
65359 28656 30404
30404 28656 65359
113710 41264 68816
41264 68816 113710
68816 41264 113710
65144 56709 93145
56709 65144 93145
93145 56709 65144
29409 44898 91369
91369 29409 44898
44898 29409 91369
108219 37021 141496
37021 108219 141496
141496 37021 108219
112786 6771 134036
6771 112786 134036
134036 6771 112786
47293 67310 78319
78319 47293 67310
67310 47293 78319
87588 271 73771
271 73771 87588
73771 271 87588
53103 60150 136416
136416 53103 60150
60150 53103 136416
51554 38652 58788
38652 51554 58788
58788 38652 51554
14077 11797 117704
117704 11797 14077
11797 14077 117704
82871 40149 134954
134954 40149 82871
40149 82871 134954
104347 145915 146519
145915 104347 146519
146519 104347 145915
24680 70077 91364
91364 24680 70077
70077 24680 91364
113722 47314 99893
99893 47314 113722
47314 99893 113722
118598 72057 108333
108333 72057 118598
72057 108333 118598
124634 80734 90213
90213 80734 124634
80734 90213 124634
17923 86681 133977
86681 17923 133977
133977 17923 86681
77714 116043 122744
122744 77714 116043
116043 77714 122744
140206 1572 38680
1572 38680 140206
38680 1572 140206
126039 6035 72992
72992 6035 126039
6035 72992 126039
145177 14235 55767
55767 14235 145177
14235 55767 145177
23902 29442 128155
29442 23902 128155
128155 23902 29442
123306 103787 128613
128613 103787 123306
103787 123306 128613
107130 114011 145860
145860 107130 114011
114011 107130 145860
41195 125612 136448
125612 41195 136448
136448 41195 125612
111476 33025 111759
33025 111476 111759
111759 33025 111476
75867 28340 147857
147857 28340 75867
28340 75867 147857
116598 64201 77397
77397 64201 116598
64201 77397 116598
53348 14510 58236
14510 53348 58236
58236 14510 53348
149674 34482 82434
82434 34482 149674
34482 82434 149674
127132 87941 141807
87941 127132 141807
141807 87941 127132
52069 34411 113367
113367 34411 52069
34411 52069 113367
71537 45366 52463
52463 45366 71537
45366 52463 71537
59612 16929 120854
120854 16929 59612
16929 59612 120854
96163 15562 59023
59023 15562 96163
15562 59023 96163
72136 64319 73373
73373 64319 72136
64319 72136 73373
139735 58205 73707
58205 73707 139735
73707 58205 139735
148741 70168 113333
70168 113333 148741
113333 70168 148741
132104 96739 123127
96739 123127 132104
123127 96739 132104
120408 74793 76202
76202 74793 120408
74793 76202 120408
50057 47246 131762
47246 50057 131762
131762 47246 50057
14003 11158 49341
49341 11158 14003
11158 14003 49341
80872 8312 32234
32234 8312 80872
8312 32234 80872
97580 29582 130500
130500 29582 97580
29582 97580 130500
57350 70770 110764
110764 57350 70770
70770 57350 110764
26457 73243 133743
73243 26457 133743
133743 26457 73243
134173 20993 108503
108503 20993 134173
20993 108503 134173
16581 36491 79050
79050 16581 36491
36491 16581 79050
57957 11424 136688
11424 57957 136688
136688 11424 57957
131878 25665 79042
25665 79042 131878
79042 25665 131878
93506 5369 118483
5369 93506 118483
118483 5369 93506
67333 73613 116996
73613 67333 116996
116996 67333 73613
133414 54021 64335
54021 64335 133414
64335 54021 133414
81671 125893 136002
136002 81671 125893
125893 81671 136002
106595 79677 94690
79677 94690 106595
94690 79677 106595
35411 62544 112767
62544 35411 112767
112767 35411 62544
61609 23845 138831
23845 61609 138831
138831 23845 61609
119799 37040 74180
37040 74180 119799
74180 37040 119799
62455 16275 103558
16275 62455 103558
103558 16275 62455
124230 2212 73368
73368 2212 124230
2212 73368 124230
74644 67193 83662
67193 74644 83662
83662 67193 74644
79002 16512 76989
76989 16512 79002
16512 76989 79002
53562 18999 121571
18999 53562 121571
121571 18999 53562
60711 10688 107392
10688 60711 107392
107392 10688 60711
125804 38781 116613
38781 116613 125804
116613 38781 125804
40402 43123 48391
43123 40402 48391
48391 40402 43123
122601 128738 144560
128738 122601 144560
144560 122601 128738
85279 10890 110339
10890 85279 110339
110339 10890 85279
84793 60281 144656
144656 60281 84793
60281 84793 144656
32961 116942 139039
116942 32961 139039
139039 32961 116942
57150 84633 125198
125198 57150 84633
84633 57150 125198
130131 11222 31877
31877 11222 130131
11222 31877 130131
143927 108968 144920
144920 108968 143927
108968 143927 144920
144304 47130 83197
83197 47130 144304
47130 83197 144304
70076 13746 76915
13746 70076 76915
76915 13746 70076
100562 35663 66385
35663 66385 100562
66385 35663 100562
100052 124431 139362
139362 100052 124431
124431 100052 139362
89811 36245 137403
137403 36245 89811
36245 89811 137403
62133 29644 149984
149984 29644 62133
29644 62133 149984
143183 88833 127364
127364 88833 143183
88833 127364 143183
120937 6412 8339
8339 6412 120937
6412 8339 120937
34862 40824 77974
40824 34862 77974
77974 34862 40824
98897 85593 122357
122357 85593 98897
85593 98897 122357
62480 119664 145396
145396 62480 119664
119664 62480 145396
99619 15172 72102
72102 15172 99619
15172 72102 99619
55509 138171 146796
146796 55509 138171
138171 55509 146796
12581 37315 132765
37315 12581 132765
132765 12581 37315
106304 34538 41470
34538 41470 106304
41470 34538 106304
54984 4682 19364
4682 19364 54984
19364 4682 54984
25168 66862 138880
138880 25168 66862
66862 25168 138880
76282 74223 116973
74223 76282 116973
116973 74223 76282
37362 63697 69206
63697 37362 69206
69206 37362 63697
138331 21775 26116
21775 26116 138331
26116 21775 138331
140794 33915 126355
126355 33915 140794
33915 126355 140794
127418 45385 99328
99328 45385 127418
45385 99328 127418
11901 90765 117165
117165 11901 90765
90765 11901 117165
74510 55619 136883
55619 74510 136883
136883 55619 74510
120891 78444 98153
98153 78444 120891
78444 98153 120891
18141 25642 100551
100551 18141 25642
25642 18141 100551
71480 50736 86866
50736 71480 86866
86866 50736 71480
28246 13253 22776
13253 22776 28246
22776 13253 28246
10460 94358 125766
94358 10460 125766
125766 10460 94358
8971 64504 108107
108107 8971 64504
64504 8971 108107
23476 57286 127943
127943 23476 57286
57286 23476 127943
106519 86742 117334
86742 106519 117334
117334 86742 106519
130446 51810 117451
117451 51810 130446
51810 117451 130446
148021 125148 149824
125148 148021 149824
149824 125148 148021
88614 80185 133808
133808 80185 88614
80185 88614 133808
121239 37123 40815
40815 37123 121239
37123 40815 121239
31960 2698 114977
2698 31960 114977
114977 2698 31960
91674 15799 75109
75109 15799 91674
15799 75109 91674
67824 123128 132774
132774 67824 123128
123128 67824 132774
146829 26327 116972
116972 26327 146829
26327 116972 146829
63372 71668 127238
71668 63372 127238
127238 63372 71668
76379 11654 125834
125834 11654 76379
11654 76379 125834
56381 77391 149019
149019 56381 77391
77391 56381 149019
103188 5598 63933
63933 5598 103188
5598 63933 103188
99214 28926 54780
28926 54780 99214
54780 28926 99214
5367 63686 66107
63686 5367 66107
66107 5367 63686
10010 8143 122395
8143 10010 122395
122395 8143 10010
77620 96750 125433
125433 77620 96750
96750 77620 125433
44115 86520 125349
86520 44115 125349
125349 44115 86520
128208 40373 120010
120010 40373 128208
40373 120010 128208
128732 14230 14301
14230 14301 128732
14301 14230 128732
125620 22805 38292
22805 38292 125620
38292 22805 125620
59292 56520 100399
100399 56520 59292
56520 59292 100399
11394 58673 114227
58673 11394 114227
114227 11394 58673
43103 27742 149737
149737 27742 43103
27742 43103 149737
33066 45425 141525
45425 33066 141525
141525 33066 45425
75435 50745 84843
50745 75435 84843
84843 50745 75435
115771 122188 124939
122188 115771 124939
124939 115771 122188
35468 67857 72377
67857 35468 72377
72377 35468 67857
121371 24433 143155
24433 121371 143155
143155 24433 121371
78486 41464 68312
41464 68312 78486
68312 41464 78486
92540 28847 57517
28847 57517 92540
57517 28847 92540
130797 84618 145554
145554 84618 130797
84618 130797 145554
118626 125877 142420
125877 118626 142420
142420 118626 125877
82899 41250 65447
65447 41250 82899
41250 65447 82899
108197 23458 50248
50248 23458 108197
23458 50248 108197
104804 1742 129442
129442 1742 104804
1742 104804 129442
114583 73684 127751
127751 73684 114583
73684 114583 127751
64010 17470 140815
17470 64010 140815
140815 17470 64010
108130 20532 108902
108902 20532 108130
20532 108130 108902
121565 102456 136570
136570 102456 121565
102456 121565 136570
54473 11963 58051
58051 11963 54473
11963 54473 58051
73864 60683 86023
60683 73864 86023
86023 60683 73864
37486 23092 102844
102844 23092 37486
23092 37486 102844
16413 15804 37313
37313 15804 16413
15804 16413 37313
15845 77787 116265
77787 15845 116265
116265 15845 77787
48910 19173 71894
71894 19173 48910
19173 48910 71894
127616 5201 12147
12147 5201 127616
5201 12147 127616
68727 141001 141622
141001 68727 141622
141622 68727 141001
82235 4227 30644
30644 4227 82235
4227 30644 82235
44926 65882 115938
65882 44926 115938
115938 44926 65882
132182 46268 124278
46268 124278 132182
124278 46268 132182
87988 67994 103779
103779 67994 87988
67994 87988 103779
76179 113164 118532
118532 76179 113164
113164 76179 118532
139093 16817 66215
16817 66215 139093
66215 16817 139093
64620 2218 7257
7257 2218 64620
2218 7257 64620
121307 103571 140507
140507 103571 121307
103571 121307 140507
136232 22310 36351
22310 36351 136232
36351 22310 136232
142210 20659 101145
20659 101145 142210
101145 20659 142210
26524 638 48330
48330 638 26524
638 26524 48330
59129 28241 111398
28241 59129 111398
111398 28241 59129
53834 140524 146844
146844 53834 140524
140524 53834 146844
121045 107207 131522
107207 121045 131522
131522 107207 121045
33639 100312 126038
126038 33639 100312
100312 33639 126038
77017 55155 116590
55155 77017 116590
116590 55155 77017
42637 8618 39167
39167 8618 42637
8618 39167 42637
48029 12534 146470
12534 48029 146470
146470 12534 48029
81999 55119 117714
117714 55119 81999
55119 81999 117714
3406 1845 117244
1845 3406 117244
117244 1845 3406
116415 34927 130244
34927 116415 130244
130244 34927 116415
101746 31761 102206
102206 31761 101746
31761 101746 102206
125400 47354 118887
118887 47354 125400
47354 118887 125400
37104 96582 111534
111534 37104 96582
96582 37104 111534
60798 72898 136371
136371 60798 72898
72898 60798 136371
61032 131108 136587
136587 61032 131108
131108 61032 136587
96590 34636 95002
95002 34636 96590
34636 95002 96590
117305 64402 125300
125300 64402 117305
64402 117305 125300
24519 70308 145533
70308 24519 145533
145533 24519 70308
81762 9827 98206
9827 81762 98206
98206 9827 81762
60979 128750 149871
149871 60979 128750
128750 60979 149871
29898 65946 76054
76054 29898 65946
65946 29898 76054
32467 26656 58559
26656 32467 58559
